 1.00000000e+00 1.70000000e+01 3.16894158e+01
 2.00000000e+00 1.70000000e+01 3.16533513e+01
 3.00000000e+00 1.70000000e+01 3.16177488e+01
 4.00000000e+00 1.70000000e+01 3.15826588e+01
 5.00000000e+00 1.70000000e+01 3.15481317e+01
 6.00000000e+00 1.70000000e+01 3.15142183e+01
 7.00000000e+00 1.70000000e+01 3.14809691e+01
 8.00000000e+00 1.70000000e+01 3.14484345e+01
 9.00000000e+00 1.70000000e+01 3.14166652e+01
 1.00000000e+01 1.70000000e+01 3.13857118e+01
 1.10000000e+01 1.70000000e+01 3.13556248e+01
 1.20000000e+01 1.70000000e+01 3.13264547e+01
 1.30000000e+01 1.70000000e+01 3.12982522e+01
 1.40000000e+01 1.70000000e+01 3.12710677e+01
 1.50000000e+01 1.70000000e+01 3.12449519e+01
 1.60000000e+01 1.70000000e+01 3.12199553e+01
 1.70000000e+01 1.70000000e+01 3.11961285e+01
 1.80000000e+01 1.70000000e+01 3.11735220e+01
 1.90000000e+01 1.70000000e+01 3.11521864e+01
 2.00000000e+01 1.70000000e+01 3.11321722e+01
 2.10000000e+01 1.70000000e+01 3.11135301e+01
 2.20000000e+01 1.70000000e+01 3.10963105e+01
 2.30000000e+01 1.70000000e+01 3.10805641e+01
 2.40000000e+01 1.70000000e+01 3.10663414e+01
 2.50000000e+01 1.70000000e+01 3.10536929e+01
 2.60000000e+01 1.70000000e+01 3.10426692e+01
 2.70000000e+01 1.70000000e+01 3.10333210e+01
 2.80000000e+01 1.70000000e+01 3.10256987e+01
 2.90000000e+01 1.70000000e+01 3.10198528e+01
 3.00000000e+01 1.70000000e+01 3.10158341e+01
 3.10000000e+01 1.70000000e+01 3.10136930e+01
 3.20000000e+01 1.70000000e+01 3.10134801e+01
 3.30000000e+01 1.70000000e+01 3.10152459e+01
 3.40000000e+01 1.70000000e+01 3.10190410e+01
 3.50000000e+01 1.70000000e+01 3.10249160e+01
 3.60000000e+01 1.70000000e+01 3.10329215e+01
 3.70000000e+01 1.70000000e+01 3.10431079e+01
 3.80000000e+01 1.70000000e+01 3.10555259e+01
 3.90000000e+01 1.70000000e+01 3.10702260e+01
 4.00000000e+01 1.70000000e+01 3.10872588e+01
 4.10000000e+01 1.70000000e+01 3.11066748e+01
 4.20000000e+01 1.70000000e+01 3.11285247e+01
 4.30000000e+01 1.70000000e+01 3.11528589e+01
 4.40000000e+01 1.70000000e+01 3.11797280e+01
 4.50000000e+01 1.70000000e+01 3.12091826e+01
 4.60000000e+01 1.70000000e+01 3.12412733e+01
 4.70000000e+01 1.70000000e+01 3.12760506e+01
 4.80000000e+01 1.70000000e+01 3.13135650e+01
 4.90000000e+01 1.70000000e+01 3.13538672e+01
 5.00000000e+01 1.70000000e+01 3.13970076e+01
 5.10000000e+01 1.70000000e+01 3.14792642e+01
 5.20000000e+01 1.70000000e+01 3.15282004e+01
 5.30000000e+01 1.70000000e+01 3.15799693e+01
 5.40000000e+01 1.70000000e+01 3.16344746e+01
 5.50000000e+01 1.70000000e+01 3.16916199e+01
 5.60000000e+01 1.70000000e+01 3.17513091e+01
 5.70000000e+01 1.70000000e+01 3.18134458e+01
 5.80000000e+01 1.70000000e+01 3.18779337e+01
 5.90000000e+01 1.70000000e+01 3.19446766e+01
 6.00000000e+01 1.70000000e+01 3.20135781e+01
 6.10000000e+01 1.70000000e+01 3.20845421e+01
 6.20000000e+01 1.70000000e+01 3.21574722e+01
 6.30000000e+01 1.70000000e+01 3.22322721e+01
 6.40000000e+01 1.70000000e+01 3.23088456e+01
 6.50000000e+01 1.70000000e+01 3.23870964e+01
 6.60000000e+01 1.70000000e+01 3.24669282e+01
 6.70000000e+01 1.70000000e+01 3.25482447e+01
 6.80000000e+01 1.70000000e+01 3.26309496e+01
 6.90000000e+01 1.70000000e+01 3.27149467e+01
 7.00000000e+01 1.70000000e+01 3.28001397e+01
 7.10000000e+01 1.70000000e+01 3.28864322e+01
 7.20000000e+01 1.70000000e+01 3.29737281e+01
 7.30000000e+01 1.70000000e+01 3.30619311e+01
 7.40000000e+01 1.70000000e+01 3.31509447e+01
 7.50000000e+01 1.70000000e+01 3.32406729e+01
 7.60000000e+01 1.70000000e+01 3.33310193e+01
 7.70000000e+01 1.70000000e+01 3.34218875e+01
 7.80000000e+01 1.70000000e+01 3.35131814e+01
 7.90000000e+01 1.70000000e+01 3.36048047e+01
 8.00000000e+01 1.70000000e+01 3.36966610e+01
 8.10000000e+01 1.70000000e+01 3.37886541e+01
 8.20000000e+01 1.70000000e+01 3.38806878e+01
 8.30000000e+01 1.70000000e+01 3.39726656e+01
 8.40000000e+01 1.70000000e+01 3.40644915e+01
 8.50000000e+01 1.70000000e+01 3.41560690e+01
 8.60000000e+01 1.70000000e+01 3.42473018e+01
 8.70000000e+01 1.70000000e+01 3.43380938e+01
 8.80000000e+01 1.70000000e+01 3.44283486e+01
 8.90000000e+01 1.70000000e+01 3.45179700e+01
 9.00000000e+01 1.70000000e+01 3.46068617e+01
 9.10000000e+01 1.70000000e+01 3.46949273e+01
 9.20000000e+01 1.70000000e+01 3.47820706e+01
 9.30000000e+01 1.70000000e+01 3.48681954e+01
 9.40000000e+01 1.70000000e+01 3.49532053e+01
 9.50000000e+01 1.70000000e+01 3.50370041e+01
 9.60000000e+01 1.70000000e+01 3.51194954e+01
 9.70000000e+01 1.70000000e+01 3.52005831e+01
 9.80000000e+01 1.70000000e+01 3.52801708e+01
 9.90000000e+01 1.70000000e+01 3.53581622e+01
 1.00000000e+02 1.70000000e+01 3.54344611e+01
 1.01000000e+02 1.70000000e+01 3.57247657e+01
 1.02000000e+02 1.70000000e+01 3.57974037e+01
 1.03000000e+02 1.70000000e+01 3.58680941e+01
 1.04000000e+02 1.70000000e+01 3.59367698e+01
 1.05000000e+02 1.70000000e+01 3.60033642e+01
 1.06000000e+02 1.70000000e+01 3.60678103e+01
 1.07000000e+02 1.70000000e+01 3.61300413e+01
 1.08000000e+02 1.70000000e+01 3.61899904e+01
 1.09000000e+02 1.70000000e+01 3.62475907e+01
 1.10000000e+02 1.70000000e+01 3.63027754e+01
 1.11000000e+02 1.70000000e+01 3.63554777e+01
 1.12000000e+02 1.70000000e+01 3.64056306e+01
 1.13000000e+02 1.70000000e+01 3.64531675e+01
 1.14000000e+02 1.70000000e+01 3.64980213e+01
 1.15000000e+02 1.70000000e+01 3.65401253e+01
 1.16000000e+02 1.70000000e+01 3.65794127e+01
 1.17000000e+02 1.70000000e+01 3.66158166e+01
 1.18000000e+02 1.70000000e+01 3.66492702e+01
 1.19000000e+02 1.70000000e+01 3.66797066e+01
 1.20000000e+02 1.70000000e+01 3.67070590e+01
 1.21000000e+02 1.70000000e+01 3.67312605e+01
 1.22000000e+02 1.70000000e+01 3.67522443e+01
 1.23000000e+02 1.70000000e+01 3.67699436e+01
 1.24000000e+02 1.70000000e+01 3.67842916e+01
 1.25000000e+02 1.70000000e+01 3.67952213e+01
 1.26000000e+02 1.70000000e+01 3.68026660e+01
 1.27000000e+02 1.70000000e+01 3.68065587e+01
 1.28000000e+02 1.70000000e+01 3.68068328e+01
 1.29000000e+02 1.70000000e+01 3.68034212e+01
 1.30000000e+02 1.70000000e+01 3.67962573e+01
 1.31000000e+02 1.70000000e+01 3.67852741e+01
 1.32000000e+02 1.70000000e+01 3.67704048e+01
 1.33000000e+02 1.70000000e+01 3.67515826e+01
 1.34000000e+02 1.70000000e+01 3.67287406e+01
 1.35000000e+02 1.70000000e+01 3.67018120e+01
 1.36000000e+02 1.70000000e+01 3.66707300e+01
 1.37000000e+02 1.70000000e+01 3.66354276e+01
 1.38000000e+02 1.70000000e+01 3.65958381e+01
 1.39000000e+02 1.70000000e+01 3.65518947e+01
 1.40000000e+02 1.70000000e+01 3.65035304e+01
 1.41000000e+02 1.70000000e+01 3.64506785e+01
 1.42000000e+02 1.70000000e+01 3.63932721e+01
 1.43000000e+02 1.70000000e+01 3.63312444e+01
 1.44000000e+02 1.70000000e+01 3.62645285e+01
 1.45000000e+02 1.70000000e+01 3.61930575e+01
 1.46000000e+02 1.70000000e+01 3.61167648e+01
 1.47000000e+02 1.70000000e+01 3.60355833e+01
 1.48000000e+02 1.70000000e+01 3.59494463e+01
 1.49000000e+02 1.70000000e+01 3.58582869e+01
 1.50000000e+02 1.70000000e+01 3.57620383e+01
 1.51000000e+02 1.70000000e+01 3.53376595e+01
 1.52000000e+02 1.70000000e+01 3.52311090e+01
 1.53000000e+02 1.70000000e+01 3.51195943e+01
 1.54000000e+02 1.70000000e+01 3.50033169e+01
 1.55000000e+02 1.70000000e+01 3.48824780e+01
 1.56000000e+02 1.70000000e+01 3.47572789e+01
 1.57000000e+02 1.70000000e+01 3.46279210e+01
 1.58000000e+02 1.70000000e+01 3.44946056e+01
 1.59000000e+02 1.70000000e+01 3.43575340e+01
 1.60000000e+02 1.70000000e+01 3.42169075e+01
 1.61000000e+02 1.70000000e+01 3.40729275e+01
 1.62000000e+02 1.70000000e+01 3.39257952e+01
 1.63000000e+02 1.70000000e+01 3.37757120e+01
 1.64000000e+02 1.70000000e+01 3.36228793e+01
 1.65000000e+02 1.70000000e+01 3.34674982e+01
 1.66000000e+02 1.70000000e+01 3.33097702e+01
 1.67000000e+02 1.70000000e+01 3.31498966e+01
 1.68000000e+02 1.70000000e+01 3.29880786e+01
 1.69000000e+02 1.70000000e+01 3.28245176e+01
 1.70000000e+02 1.70000000e+01 3.26594150e+01
 1.71000000e+02 1.70000000e+01 3.24929720e+01
 1.72000000e+02 1.70000000e+01 3.23253900e+01
 1.73000000e+02 1.70000000e+01 3.21568702e+01
 1.74000000e+02 1.70000000e+01 3.19876141e+01
 1.75000000e+02 1.70000000e+01 3.18178228e+01
 1.76000000e+02 1.70000000e+01 3.16476978e+01
 1.77000000e+02 1.70000000e+01 3.14774404e+01
 1.78000000e+02 1.70000000e+01 3.13072519e+01
 1.79000000e+02 1.70000000e+01 3.11373335e+01
 1.80000000e+02 1.70000000e+01 3.09678866e+01
 1.81000000e+02 1.70000000e+01 3.07991126e+01
 1.82000000e+02 1.70000000e+01 3.06312128e+01
 1.83000000e+02 1.70000000e+01 3.04643884e+01
 1.84000000e+02 1.70000000e+01 3.02988408e+01
 1.85000000e+02 1.70000000e+01 3.01347714e+01
 1.86000000e+02 1.70000000e+01 2.99723813e+01
 1.87000000e+02 1.70000000e+01 2.98118721e+01
 1.88000000e+02 1.70000000e+01 2.96534449e+01
 1.89000000e+02 1.70000000e+01 2.94973010e+01
 1.90000000e+02 1.70000000e+01 2.93436419e+01
 1.91000000e+02 1.70000000e+01 2.91926689e+01
 1.92000000e+02 1.70000000e+01 2.90445832e+01
 1.93000000e+02 1.70000000e+01 2.88995861e+01
 1.94000000e+02 1.70000000e+01 2.87578790e+01
 1.95000000e+02 1.70000000e+01 2.86196633e+01
 1.96000000e+02 1.70000000e+01 2.84851402e+01
 1.97000000e+02 1.70000000e+01 2.83545110e+01
 1.98000000e+02 1.70000000e+01 2.82279771e+01
 1.99000000e+02 1.70000000e+01 2.81057398e+01
 2.00000000e+02 1.70000000e+01 2.79880004e+01
 2.01000000e+02 1.70000000e+01 2.83437133e+01
 2.02000000e+02 1.70000000e+01 2.82354851e+01
 2.03000000e+02 1.70000000e+01 2.81320424e+01
 2.04000000e+02 1.70000000e+01 2.80333405e+01
 2.05000000e+02 1.70000000e+01 2.79393346e+01
 2.06000000e+02 1.70000000e+01 2.78499800e+01
 2.07000000e+02 1.70000000e+01 2.77652320e+01
 2.08000000e+02 1.70000000e+01 2.76850457e+01
 2.09000000e+02 1.70000000e+01 2.76093766e+01
 2.10000000e+02 1.70000000e+01 2.75381797e+01
 2.11000000e+02 1.70000000e+01 2.74714105e+01
 2.12000000e+02 1.70000000e+01 2.74090241e+01
 2.13000000e+02 1.70000000e+01 2.73509759e+01
 2.14000000e+02 1.70000000e+01 2.72972210e+01
 2.15000000e+02 1.70000000e+01 2.72477148e+01
 2.16000000e+02 1.70000000e+01 2.72024124e+01
 2.17000000e+02 1.70000000e+01 2.71612693e+01
 2.18000000e+02 1.70000000e+01 2.71242406e+01
 2.19000000e+02 1.70000000e+01 2.70912815e+01
 2.20000000e+02 1.70000000e+01 2.70623474e+01
 2.21000000e+02 1.70000000e+01 2.70373935e+01
 2.22000000e+02 1.70000000e+01 2.70163751e+01
 2.23000000e+02 1.70000000e+01 2.69992475e+01
 2.24000000e+02 1.70000000e+01 2.69859658e+01
 2.25000000e+02 1.70000000e+01 2.69764854e+01
 2.26000000e+02 1.70000000e+01 2.69707615e+01
 2.27000000e+02 1.70000000e+01 2.69687494e+01
 2.28000000e+02 1.70000000e+01 2.69704043e+01
 2.29000000e+02 1.70000000e+01 2.69756816e+01
 2.30000000e+02 1.70000000e+01 2.69845364e+01
 2.31000000e+02 1.70000000e+01 2.69969240e+01
 2.32000000e+02 1.70000000e+01 2.70127997e+01
 2.33000000e+02 1.70000000e+01 2.70321188e+01
 2.34000000e+02 1.70000000e+01 2.70548365e+01
 2.35000000e+02 1.70000000e+01 2.70809080e+01
 2.36000000e+02 1.70000000e+01 2.71102887e+01
 2.37000000e+02 1.70000000e+01 2.71429338e+01
 2.38000000e+02 1.70000000e+01 2.71787986e+01
 2.39000000e+02 1.70000000e+01 2.72178382e+01
 2.40000000e+02 1.70000000e+01 2.72600081e+01
 2.41000000e+02 1.70000000e+01 2.73052634e+01
 2.42000000e+02 1.70000000e+01 2.73535594e+01
 2.43000000e+02 1.70000000e+01 2.74048513e+01
 2.44000000e+02 1.70000000e+01 2.74590945e+01
 2.45000000e+02 1.70000000e+01 2.75162442e+01
 2.46000000e+02 1.70000000e+01 2.75762556e+01
 2.47000000e+02 1.70000000e+01 2.76390841e+01
 2.48000000e+02 1.70000000e+01 2.77046848e+01
 2.49000000e+02 1.70000000e+01 2.77730131e+01
 2.50000000e+02 1.70000000e+01 2.78440241e+01
 2.51000000e+02 1.70000000e+01 2.81134704e+01
 2.52000000e+02 1.70000000e+01 2.81897081e+01
 2.53000000e+02 1.70000000e+01 2.82684547e+01
 2.54000000e+02 1.70000000e+01 2.83496362e+01
 2.55000000e+02 1.70000000e+01 2.84331789e+01
 2.56000000e+02 1.70000000e+01 2.85190086e+01
 2.57000000e+02 1.70000000e+01 2.86070515e+01
 2.58000000e+02 1.70000000e+01 2.86972336e+01
 2.59000000e+02 1.70000000e+01 2.87894810e+01
 2.60000000e+02 1.70000000e+01 2.88837197e+01
 2.61000000e+02 1.70000000e+01 2.89798758e+01
 2.62000000e+02 1.70000000e+01 2.90778753e+01
 2.63000000e+02 1.70000000e+01 2.91776443e+01
 2.64000000e+02 1.70000000e+01 2.92791088e+01
 2.65000000e+02 1.70000000e+01 2.93821950e+01
 2.66000000e+02 1.70000000e+01 2.94868287e+01
 2.67000000e+02 1.70000000e+01 2.95929362e+01
 2.68000000e+02 1.70000000e+01 2.97004434e+01
 2.69000000e+02 1.70000000e+01 2.98092765e+01
 2.70000000e+02 1.70000000e+01 2.99193614e+01
 2.71000000e+02 1.70000000e+01 3.00306242e+01
 2.72000000e+02 1.70000000e+01 3.01429910e+01
 2.73000000e+02 1.70000000e+01 3.02563879e+01
 2.74000000e+02 1.70000000e+01 3.03707408e+01
 2.75000000e+02 1.70000000e+01 3.04859758e+01
 2.76000000e+02 1.70000000e+01 3.06020190e+01
 2.77000000e+02 1.70000000e+01 3.07187965e+01
 2.78000000e+02 1.70000000e+01 3.08362343e+01
 2.79000000e+02 1.70000000e+01 3.09542584e+01
 2.80000000e+02 1.70000000e+01 3.10727950e+01
 2.81000000e+02 1.70000000e+01 3.11917700e+01
 2.82000000e+02 1.70000000e+01 3.13111095e+01
 2.83000000e+02 1.70000000e+01 3.14307396e+01
 2.84000000e+02 1.70000000e+01 3.15505863e+01
 2.85000000e+02 1.70000000e+01 3.16705756e+01
 2.86000000e+02 1.70000000e+01 3.17906337e+01
 2.87000000e+02 1.70000000e+01 3.19106866e+01
 2.88000000e+02 1.70000000e+01 3.20306604e+01
 2.89000000e+02 1.70000000e+01 3.21504810e+01
 2.90000000e+02 1.70000000e+01 3.22700746e+01
 2.91000000e+02 1.70000000e+01 3.23893672e+01
 2.92000000e+02 1.70000000e+01 3.25082848e+01
 2.93000000e+02 1.70000000e+01 3.26267536e+01
 2.94000000e+02 1.70000000e+01 3.27446995e+01
 2.95000000e+02 1.70000000e+01 3.28620486e+01
 2.96000000e+02 1.70000000e+01 3.29787271e+01
 2.97000000e+02 1.70000000e+01 3.30946608e+01
 2.98000000e+02 1.70000000e+01 3.32097759e+01
 2.99000000e+02 1.70000000e+01 3.33239985e+01
 3.00000000e+02 1.70000000e+01 3.34372545e+01
 3.01000000e+02 1.70000000e+01 3.34167929e+01
 3.02000000e+02 1.70000000e+01 3.35279818e+01
 3.03000000e+02 1.70000000e+01 3.36382658e+01
 3.04000000e+02 1.70000000e+01 3.37477693e+01
 3.05000000e+02 1.70000000e+01 3.38566167e+01
 3.06000000e+02 1.70000000e+01 3.39649325e+01
 3.07000000e+02 1.70000000e+01 3.40728410e+01
 3.08000000e+02 1.70000000e+01 3.41804668e+01
 3.09000000e+02 1.70000000e+01 3.42879343e+01
 3.10000000e+02 1.70000000e+01 3.43953679e+01
 3.11000000e+02 1.70000000e+01 3.45028919e+01
 3.12000000e+02 1.70000000e+01 3.46106310e+01
 3.13000000e+02 1.70000000e+01 3.47187095e+01
 3.14000000e+02 1.70000000e+01 3.48272518e+01
 3.15000000e+02 1.70000000e+01 3.49363824e+01
 3.16000000e+02 1.70000000e+01 3.50462257e+01
 3.17000000e+02 1.70000000e+01 3.51569062e+01
 3.18000000e+02 1.70000000e+01 3.52685482e+01
 3.19000000e+02 1.70000000e+01 3.53812763e+01
 3.20000000e+02 1.70000000e+01 3.54952148e+01
 3.21000000e+02 1.70000000e+01 3.56104882e+01
 3.22000000e+02 1.70000000e+01 3.57272209e+01
 3.23000000e+02 1.70000000e+01 3.58455374e+01
 3.24000000e+02 1.70000000e+01 3.59655621e+01
 3.25000000e+02 1.70000000e+01 3.60874194e+01
 3.26000000e+02 1.70000000e+01 3.62112338e+01
 3.27000000e+02 1.70000000e+01 3.63371296e+01
 3.28000000e+02 1.70000000e+01 3.64652314e+01
 3.29000000e+02 1.70000000e+01 3.65956636e+01
 3.30000000e+02 1.70000000e+01 3.67285506e+01
 3.31000000e+02 1.70000000e+01 3.68640168e+01
 3.32000000e+02 1.70000000e+01 3.70021867e+01
 3.33000000e+02 1.70000000e+01 3.71431848e+01
 3.34000000e+02 1.70000000e+01 3.72871353e+01
 3.35000000e+02 1.70000000e+01 3.74341629e+01
 3.36000000e+02 1.70000000e+01 3.75843918e+01
 3.37000000e+02 1.70000000e+01 3.77379466e+01
 3.38000000e+02 1.70000000e+01 3.78949517e+01
 3.39000000e+02 1.70000000e+01 3.80555316e+01
 3.40000000e+02 1.70000000e+01 3.82198105e+01
 3.41000000e+02 1.70000000e+01 3.83879131e+01
 3.42000000e+02 1.70000000e+01 3.85599637e+01
 3.43000000e+02 1.70000000e+01 3.87360868e+01
 3.44000000e+02 1.70000000e+01 3.89164068e+01
 3.45000000e+02 1.70000000e+01 3.91010481e+01
 3.46000000e+02 1.70000000e+01 3.92901351e+01
 3.47000000e+02 1.70000000e+01 3.94837924e+01
 3.48000000e+02 1.70000000e+01 3.96821443e+01
 3.49000000e+02 1.70000000e+01 3.98853153e+01
 3.50000000e+02 1.70000000e+01 4.00934298e+01
 3.51000000e+02 1.70000000e+01 4.05780919e+01
 3.52000000e+02 1.70000000e+01 4.07962948e+01
 3.53000000e+02 1.70000000e+01 4.10193177e+01
 3.54000000e+02 1.70000000e+01 4.12469537e+01
 3.55000000e+02 1.70000000e+01 4.14789961e+01
 3.56000000e+02 1.70000000e+01 4.17152382e+01
 3.57000000e+02 1.70000000e+01 4.19554733e+01
 3.58000000e+02 1.70000000e+01 4.21994946e+01
 3.59000000e+02 1.70000000e+01 4.24470954e+01
 3.60000000e+02 1.70000000e+01 4.26980689e+01
 3.61000000e+02 1.70000000e+01 4.29522085e+01
 3.62000000e+02 1.70000000e+01 4.32093075e+01
 3.63000000e+02 1.70000000e+01 4.34691590e+01
 3.64000000e+02 1.70000000e+01 4.37315564e+01
 3.65000000e+02 1.70000000e+01 4.39962929e+01
 3.66000000e+02 1.70000000e+01 4.42631618e+01
 3.67000000e+02 1.70000000e+01 4.45319564e+01
 3.68000000e+02 1.70000000e+01 4.48024699e+01
 3.69000000e+02 1.70000000e+01 4.50744957e+01
 3.70000000e+02 1.70000000e+01 4.53478269e+01
 3.71000000e+02 1.70000000e+01 4.56222569e+01
 3.72000000e+02 1.70000000e+01 4.58975789e+01
 3.73000000e+02 1.70000000e+01 4.61735863e+01
 3.74000000e+02 1.70000000e+01 4.64500722e+01
 3.75000000e+02 1.70000000e+01 4.67268299e+01
 3.76000000e+02 1.70000000e+01 4.70036528e+01
 3.77000000e+02 1.70000000e+01 4.72803340e+01
 3.78000000e+02 1.70000000e+01 4.75566669e+01
 3.79000000e+02 1.70000000e+01 4.78324448e+01
 3.80000000e+02 1.70000000e+01 4.81074608e+01
 3.81000000e+02 1.70000000e+01 4.83815083e+01
 3.82000000e+02 1.70000000e+01 4.86543806e+01
 3.83000000e+02 1.70000000e+01 4.89258708e+01
 3.84000000e+02 1.70000000e+01 4.91957724e+01
 3.85000000e+02 1.70000000e+01 4.94638785e+01
 3.86000000e+02 1.70000000e+01 4.97299824e+01
 3.87000000e+02 1.70000000e+01 4.99938775e+01
 3.88000000e+02 1.70000000e+01 5.02553569e+01
 3.89000000e+02 1.70000000e+01 5.05142139e+01
 3.90000000e+02 1.70000000e+01 5.07702419e+01
 3.91000000e+02 1.70000000e+01 5.10232341e+01
 3.92000000e+02 1.70000000e+01 5.12729837e+01
 3.93000000e+02 1.70000000e+01 5.15192840e+01
 3.94000000e+02 1.70000000e+01 5.17619284e+01
 3.95000000e+02 1.70000000e+01 5.20007100e+01
 3.96000000e+02 1.70000000e+01 5.22354221e+01
 3.97000000e+02 1.70000000e+01 5.24658581e+01
 3.98000000e+02 1.70000000e+01 5.26918111e+01
 3.99000000e+02 1.70000000e+01 5.29130745e+01
 4.00000000e+02 1.70000000e+01 5.31294416e+01
 4.01000000e+02 1.70000000e+01 5.27250308e+01
 4.02000000e+02 1.70000000e+01 5.29311863e+01
 4.03000000e+02 1.70000000e+01 5.31323419e+01
 4.04000000e+02 1.70000000e+01 5.33286194e+01
 4.05000000e+02 1.70000000e+01 5.35201408e+01
 4.06000000e+02 1.70000000e+01 5.37070282e+01
 4.07000000e+02 1.70000000e+01 5.38894034e+01
 4.08000000e+02 1.70000000e+01 5.40673885e+01
 4.09000000e+02 1.70000000e+01 5.42411055e+01
 4.10000000e+02 1.70000000e+01 5.44106763e+01
 4.11000000e+02 1.70000000e+01 5.45762230e+01
 4.12000000e+02 1.70000000e+01 5.47378674e+01
 4.13000000e+02 1.70000000e+01 5.48957316e+01
 4.14000000e+02 1.70000000e+01 5.50499375e+01
 4.15000000e+02 1.70000000e+01 5.52006071e+01
 4.16000000e+02 1.70000000e+01 5.53478625e+01
 4.17000000e+02 1.70000000e+01 5.54918255e+01
 4.18000000e+02 1.70000000e+01 5.56326182e+01
 4.19000000e+02 1.70000000e+01 5.57703626e+01
 4.20000000e+02 1.70000000e+01 5.59051806e+01
 4.21000000e+02 1.70000000e+01 5.60371941e+01
 4.22000000e+02 1.70000000e+01 5.61665252e+01
 4.23000000e+02 1.70000000e+01 5.62932959e+01
 4.24000000e+02 1.70000000e+01 5.64176281e+01
 4.25000000e+02 1.70000000e+01 5.65396439e+01
 4.26000000e+02 1.70000000e+01 5.66594651e+01
 4.27000000e+02 1.70000000e+01 5.67772138e+01
 4.28000000e+02 1.70000000e+01 5.68930119e+01
 4.29000000e+02 1.70000000e+01 5.70069815e+01
 4.30000000e+02 1.70000000e+01 5.71192444e+01
 4.31000000e+02 1.70000000e+01 5.72299228e+01
 4.32000000e+02 1.70000000e+01 5.73391385e+01
 4.33000000e+02 1.70000000e+01 5.74470136e+01
 4.34000000e+02 1.70000000e+01 5.75536699e+01
 4.35000000e+02 1.70000000e+01 5.76592296e+01
 4.36000000e+02 1.70000000e+01 5.77638145e+01
 4.37000000e+02 1.70000000e+01 5.78675467e+01
 4.38000000e+02 1.70000000e+01 5.79705481e+01
 4.39000000e+02 1.70000000e+01 5.80729408e+01
 4.40000000e+02 1.70000000e+01 5.81748466e+01
 4.41000000e+02 1.70000000e+01 5.82763876e+01
 4.42000000e+02 1.70000000e+01 5.83776858e+01
 4.43000000e+02 1.70000000e+01 5.84788630e+01
 4.44000000e+02 1.70000000e+01 5.85800414e+01
 4.45000000e+02 1.70000000e+01 5.86813429e+01
 4.46000000e+02 1.70000000e+01 5.87828894e+01
 4.47000000e+02 1.70000000e+01 5.88848029e+01
 4.48000000e+02 1.70000000e+01 5.89872055e+01
 4.49000000e+02 1.70000000e+01 5.90902191e+01
 4.50000000e+02 1.70000000e+01 5.91939657e+01
 4.51000000e+02 1.70000000e+01 5.93792071e+01
 4.52000000e+02 1.70000000e+01 5.94846889e+01
 4.53000000e+02 1.70000000e+01 5.95910321e+01
 4.54000000e+02 1.70000000e+01 5.96982139e+01
 4.55000000e+02 1.70000000e+01 5.98062117e+01
 4.56000000e+02 1.70000000e+01 5.99150029e+01
 4.57000000e+02 1.70000000e+01 6.00245648e+01
 4.58000000e+02 1.70000000e+01 6.01348747e+01
 4.59000000e+02 1.70000000e+01 6.02459100e+01
 4.60000000e+02 1.70000000e+01 6.03576481e+01
 4.61000000e+02 1.70000000e+01 6.04700663e+01
 4.62000000e+02 1.70000000e+01 6.05831420e+01
 4.63000000e+02 1.70000000e+01 6.06968524e+01
 4.64000000e+02 1.70000000e+01 6.08111751e+01
 4.65000000e+02 1.70000000e+01 6.09260872e+01
 4.66000000e+02 1.70000000e+01 6.10415662e+01
 4.67000000e+02 1.70000000e+01 6.11575893e+01
 4.68000000e+02 1.70000000e+01 6.12741341e+01
 4.69000000e+02 1.70000000e+01 6.13911777e+01
 4.70000000e+02 1.70000000e+01 6.15086976e+01
 4.71000000e+02 1.70000000e+01 6.16266711e+01
 4.72000000e+02 1.70000000e+01 6.17450755e+01
 4.73000000e+02 1.70000000e+01 6.18638883e+01
 4.74000000e+02 1.70000000e+01 6.19830866e+01
 4.75000000e+02 1.70000000e+01 6.21026480e+01
 4.76000000e+02 1.70000000e+01 6.22225498e+01
 4.77000000e+02 1.70000000e+01 6.23427692e+01
 4.78000000e+02 1.70000000e+01 6.24632837e+01
 4.79000000e+02 1.70000000e+01 6.25840706e+01
 4.80000000e+02 1.70000000e+01 6.27051073e+01
 4.81000000e+02 1.70000000e+01 6.28263711e+01
 4.82000000e+02 1.70000000e+01 6.29478393e+01
 4.83000000e+02 1.70000000e+01 6.30694893e+01
 4.84000000e+02 1.70000000e+01 6.31912984e+01
 4.85000000e+02 1.70000000e+01 6.33132441e+01
 4.86000000e+02 1.70000000e+01 6.34353036e+01
 4.87000000e+02 1.70000000e+01 6.35574543e+01
 4.88000000e+02 1.70000000e+01 6.36796735e+01
 4.89000000e+02 1.70000000e+01 6.38019387e+01
 4.90000000e+02 1.70000000e+01 6.39242271e+01
 4.91000000e+02 1.70000000e+01 6.40465161e+01
 4.92000000e+02 1.70000000e+01 6.41687830e+01
 4.93000000e+02 1.70000000e+01 6.42910052e+01
 4.94000000e+02 1.70000000e+01 6.44131601e+01
 4.95000000e+02 1.70000000e+01 6.45352250e+01
 4.96000000e+02 1.70000000e+01 6.46571772e+01
 4.97000000e+02 1.70000000e+01 6.47789942e+01
 4.98000000e+02 1.70000000e+01 6.49006531e+01
 4.99000000e+02 1.70000000e+01 6.50221315e+01
 5.00000000e+02 1.70000000e+01 6.51434066e+01
 5.01000000e+02 1.70000000e+01 6.54162001e+01
 5.02000000e+02 1.70000000e+01 6.55370227e+01
 5.03000000e+02 1.70000000e+01 6.56576430e+01
 5.04000000e+02 1.70000000e+01 6.57780787e+01
 5.05000000e+02 1.70000000e+01 6.58983472e+01
 5.06000000e+02 1.70000000e+01 6.60184662e+01
 5.07000000e+02 1.70000000e+01 6.61384532e+01
 5.08000000e+02 1.70000000e+01 6.62583257e+01
 5.09000000e+02 1.70000000e+01 6.63781014e+01
 5.10000000e+02 1.70000000e+01 6.64977979e+01
 5.11000000e+02 1.70000000e+01 6.66174326e+01
 5.12000000e+02 1.70000000e+01 6.67370232e+01
 5.13000000e+02 1.70000000e+01 6.68565872e+01
 5.14000000e+02 1.70000000e+01 6.69761422e+01
 5.15000000e+02 1.70000000e+01 6.70957058e+01
 5.16000000e+02 1.70000000e+01 6.72152955e+01
 5.17000000e+02 1.70000000e+01 6.73349289e+01
 5.18000000e+02 1.70000000e+01 6.74546235e+01
 5.19000000e+02 1.70000000e+01 6.75743970e+01
 5.20000000e+02 1.70000000e+01 6.76942669e+01
 5.21000000e+02 1.70000000e+01 6.78142508e+01
 5.22000000e+02 1.70000000e+01 6.79343662e+01
 5.23000000e+02 1.70000000e+01 6.80546307e+01
 5.24000000e+02 1.70000000e+01 6.81750619e+01
 5.25000000e+02 1.70000000e+01 6.82956774e+01
 5.26000000e+02 1.70000000e+01 6.84164946e+01
 5.27000000e+02 1.70000000e+01 6.85375313e+01
 5.28000000e+02 1.70000000e+01 6.86588049e+01
 5.29000000e+02 1.70000000e+01 6.87803330e+01
 5.30000000e+02 1.70000000e+01 6.89021332e+01
 5.31000000e+02 1.70000000e+01 6.90242230e+01
 5.32000000e+02 1.70000000e+01 6.91466201e+01
 5.33000000e+02 1.70000000e+01 6.92693420e+01
 5.34000000e+02 1.70000000e+01 6.93924062e+01
 5.35000000e+02 1.70000000e+01 6.95158304e+01
 5.36000000e+02 1.70000000e+01 6.96396321e+01
 5.37000000e+02 1.70000000e+01 6.97638288e+01
 5.38000000e+02 1.70000000e+01 6.98884382e+01
 5.39000000e+02 1.70000000e+01 7.00134777e+01
 5.40000000e+02 1.70000000e+01 7.01389651e+01
 5.41000000e+02 1.70000000e+01 7.02649178e+01
 5.42000000e+02 1.70000000e+01 7.03913533e+01
 5.43000000e+02 1.70000000e+01 7.05182894e+01
 5.44000000e+02 1.70000000e+01 7.06457435e+01
 5.45000000e+02 1.70000000e+01 7.07737333e+01
 5.46000000e+02 1.70000000e+01 7.09022762e+01
 5.47000000e+02 1.70000000e+01 7.10313898e+01
 5.48000000e+02 1.70000000e+01 7.11610918e+01
 5.49000000e+02 1.70000000e+01 7.12913997e+01
 5.50000000e+02 1.70000000e+01 7.14223310e+01
 5.51000000e+02 1.70000000e+01 7.13000331e+01
 5.52000000e+02 1.70000000e+01 7.14321944e+01
 5.53000000e+02 1.70000000e+01 7.15648774e+01
 5.54000000e+02 1.70000000e+01 7.16980129e+01
 5.55000000e+02 1.70000000e+01 7.18315321e+01
 5.56000000e+02 1.70000000e+01 7.19653659e+01
 5.57000000e+02 1.70000000e+01 7.20994453e+01
 5.58000000e+02 1.70000000e+01 7.22337014e+01
 5.59000000e+02 1.70000000e+01 7.23680652e+01
 5.60000000e+02 1.70000000e+01 7.25024677e+01
 5.61000000e+02 1.70000000e+01 7.26368398e+01
 5.62000000e+02 1.70000000e+01 7.27711127e+01
 5.63000000e+02 1.70000000e+01 7.29052172e+01
 5.64000000e+02 1.70000000e+01 7.30390845e+01
 5.65000000e+02 1.70000000e+01 7.31726456e+01
 5.66000000e+02 1.70000000e+01 7.33058314e+01
 5.67000000e+02 1.70000000e+01 7.34385729e+01
 5.68000000e+02 1.70000000e+01 7.35708013e+01
 5.69000000e+02 1.70000000e+01 7.37024474e+01
 5.70000000e+02 1.70000000e+01 7.38334423e+01
 5.71000000e+02 1.70000000e+01 7.39637171e+01
 5.72000000e+02 1.70000000e+01 7.40932027e+01
 5.73000000e+02 1.70000000e+01 7.42218301e+01
 5.74000000e+02 1.70000000e+01 7.43495303e+01
 5.75000000e+02 1.70000000e+01 7.44762345e+01
 5.76000000e+02 1.70000000e+01 7.46018735e+01
 5.77000000e+02 1.70000000e+01 7.47263784e+01
 5.78000000e+02 1.70000000e+01 7.48496802e+01
 5.79000000e+02 1.70000000e+01 7.49717099e+01
 5.80000000e+02 1.70000000e+01 7.50923985e+01
 5.81000000e+02 1.70000000e+01 7.52116771e+01
 5.82000000e+02 1.70000000e+01 7.53294766e+01
 5.83000000e+02 1.70000000e+01 7.54457280e+01
 5.84000000e+02 1.70000000e+01 7.55603625e+01
 5.85000000e+02 1.70000000e+01 7.56733109e+01
 5.86000000e+02 1.70000000e+01 7.57845043e+01
 5.87000000e+02 1.70000000e+01 7.58938738e+01
 5.88000000e+02 1.70000000e+01 7.60013502e+01
 5.89000000e+02 1.70000000e+01 7.61068647e+01
 5.90000000e+02 1.70000000e+01 7.62103483e+01
 5.91000000e+02 1.70000000e+01 7.63117319e+01
 5.92000000e+02 1.70000000e+01 7.64109465e+01
 5.93000000e+02 1.70000000e+01 7.65079233e+01
 5.94000000e+02 1.70000000e+01 7.66025931e+01
 5.95000000e+02 1.70000000e+01 7.66948871e+01
 5.96000000e+02 1.70000000e+01 7.67847362e+01
 5.97000000e+02 1.70000000e+01 7.68720714e+01
 5.98000000e+02 1.70000000e+01 7.69568237e+01
 5.99000000e+02 1.70000000e+01 7.70389242e+01
 6.00000000e+02 1.70000000e+01 7.71183039e+01
 6.01000000e+02 1.70000000e+01 7.73667986e+01
 6.02000000e+02 1.70000000e+01 7.74406848e+01
 6.03000000e+02 1.70000000e+01 7.75119504e+01
 6.04000000e+02 1.70000000e+01 7.75806920e+01
 6.05000000e+02 1.70000000e+01 7.76470062e+01
 6.06000000e+02 1.70000000e+01 7.77109892e+01
 6.07000000e+02 1.70000000e+01 7.77727378e+01
 6.08000000e+02 1.70000000e+01 7.78323482e+01
 6.09000000e+02 1.70000000e+01 7.78899171e+01
 6.10000000e+02 1.70000000e+01 7.79455409e+01
 6.11000000e+02 1.70000000e+01 7.79993161e+01
 6.12000000e+02 1.70000000e+01 7.80513392e+01
 6.13000000e+02 1.70000000e+01 7.81017066e+01
 6.14000000e+02 1.70000000e+01 7.81505149e+01
 6.15000000e+02 1.70000000e+01 7.81978605e+01
 6.16000000e+02 1.70000000e+01 7.82438399e+01
 6.17000000e+02 1.70000000e+01 7.82885496e+01
 6.18000000e+02 1.70000000e+01 7.83320861e+01
 6.19000000e+02 1.70000000e+01 7.83745459e+01
 6.20000000e+02 1.70000000e+01 7.84160255e+01
 6.21000000e+02 1.70000000e+01 7.84566212e+01
 6.22000000e+02 1.70000000e+01 7.84964298e+01
 6.23000000e+02 1.70000000e+01 7.85355475e+01
 6.24000000e+02 1.70000000e+01 7.85740709e+01
 6.25000000e+02 1.70000000e+01 7.86120965e+01
 6.26000000e+02 1.70000000e+01 7.86497208e+01
 6.27000000e+02 1.70000000e+01 7.86870402e+01
 6.28000000e+02 1.70000000e+01 7.87241512e+01
 6.29000000e+02 1.70000000e+01 7.87611504e+01
 6.30000000e+02 1.70000000e+01 7.87981342e+01
 6.31000000e+02 1.70000000e+01 7.88351991e+01
 6.32000000e+02 1.70000000e+01 7.88724416e+01
 6.33000000e+02 1.70000000e+01 7.89099581e+01
 6.34000000e+02 1.70000000e+01 7.89478452e+01
 6.35000000e+02 1.70000000e+01 7.89861993e+01
 6.36000000e+02 1.70000000e+01 7.90251169e+01
 6.37000000e+02 1.70000000e+01 7.90646945e+01
 6.38000000e+02 1.70000000e+01 7.91050287e+01
 6.39000000e+02 1.70000000e+01 7.91462158e+01
 6.40000000e+02 1.70000000e+01 7.91883523e+01
 6.41000000e+02 1.70000000e+01 7.92315348e+01
 6.42000000e+02 1.70000000e+01 7.92758597e+01
 6.43000000e+02 1.70000000e+01 7.93214236e+01
 6.44000000e+02 1.70000000e+01 7.93683228e+01
 6.45000000e+02 1.70000000e+01 7.94166540e+01
 6.46000000e+02 1.70000000e+01 7.94665135e+01
 6.47000000e+02 1.70000000e+01 7.95179978e+01
 6.48000000e+02 1.70000000e+01 7.95712035e+01
 6.49000000e+02 1.70000000e+01 7.96262270e+01
 6.50000000e+02 1.70000000e+01 7.96831648e+01
 6.51000000e+02 1.70000000e+01 7.98980702e+01
 6.52000000e+02 1.70000000e+01 7.99590267e+01
 6.53000000e+02 1.70000000e+01 8.00219975e+01
 6.54000000e+02 1.70000000e+01 8.00869807e+01
 6.55000000e+02 1.70000000e+01 8.01539745e+01
 6.56000000e+02 1.70000000e+01 8.02229773e+01
 6.57000000e+02 1.70000000e+01 8.02939870e+01
 6.58000000e+02 1.70000000e+01 8.03670021e+01
 6.59000000e+02 1.70000000e+01 8.04420207e+01
 6.60000000e+02 1.70000000e+01 8.05190409e+01
 6.61000000e+02 1.70000000e+01 8.05980611e+01
 6.62000000e+02 1.70000000e+01 8.06790794e+01
 6.63000000e+02 1.70000000e+01 8.07620941e+01
 6.64000000e+02 1.70000000e+01 8.08471032e+01
 6.65000000e+02 1.70000000e+01 8.09341052e+01
 6.66000000e+02 1.70000000e+01 8.10230981e+01
 6.67000000e+02 1.70000000e+01 8.11140801e+01
 6.68000000e+02 1.70000000e+01 8.12070496e+01
 6.69000000e+02 1.70000000e+01 8.13020046e+01
 6.70000000e+02 1.70000000e+01 8.13989434e+01
 6.71000000e+02 1.70000000e+01 8.14978643e+01
 6.72000000e+02 1.70000000e+01 8.15987653e+01
 6.73000000e+02 1.70000000e+01 8.17016448e+01
 6.74000000e+02 1.70000000e+01 8.18065009e+01
 6.75000000e+02 1.70000000e+01 8.19133319e+01
 6.76000000e+02 1.70000000e+01 8.20221360e+01
 6.77000000e+02 1.70000000e+01 8.21329113e+01
 6.78000000e+02 1.70000000e+01 8.22456561e+01
 6.79000000e+02 1.70000000e+01 8.23603685e+01
 6.80000000e+02 1.70000000e+01 8.24770469e+01
 6.81000000e+02 1.70000000e+01 8.25956894e+01
 6.82000000e+02 1.70000000e+01 8.27162942e+01
 6.83000000e+02 1.70000000e+01 8.28388595e+01
 6.84000000e+02 1.70000000e+01 8.29633836e+01
 6.85000000e+02 1.70000000e+01 8.30898646e+01
 6.86000000e+02 1.70000000e+01 8.32183008e+01
 6.87000000e+02 1.70000000e+01 8.33486903e+01
 6.88000000e+02 1.70000000e+01 8.34810314e+01
 6.89000000e+02 1.70000000e+01 8.36153223e+01
 6.90000000e+02 1.70000000e+01 8.37515612e+01
 6.91000000e+02 1.70000000e+01 8.38897463e+01
 6.92000000e+02 1.70000000e+01 8.40298758e+01
 6.93000000e+02 1.70000000e+01 8.41719479e+01
 6.94000000e+02 1.70000000e+01 8.43159609e+01
 6.95000000e+02 1.70000000e+01 8.44619129e+01
 6.96000000e+02 1.70000000e+01 8.46098022e+01
 6.97000000e+02 1.70000000e+01 8.47596269e+01
 6.98000000e+02 1.70000000e+01 8.49113853e+01
 6.99000000e+02 1.70000000e+01 8.50650756e+01
 7.00000000e+02 1.70000000e+01 8.52206960e+01
