 1.00000000e+00 8.00000000e+00 4.01125993e+01
 2.00000000e+00 8.00000000e+00 4.03500184e+01
 3.00000000e+00 8.00000000e+00 4.05735008e+01
 4.00000000e+00 8.00000000e+00 4.07834295e+01
 5.00000000e+00 8.00000000e+00 4.09801876e+01
 6.00000000e+00 8.00000000e+00 4.11641581e+01
 7.00000000e+00 8.00000000e+00 4.13357240e+01
 8.00000000e+00 8.00000000e+00 4.14952682e+01
 9.00000000e+00 8.00000000e+00 4.16431738e+01
 1.00000000e+01 8.00000000e+00 4.17798238e+01
 1.10000000e+01 8.00000000e+00 4.19056012e+01
 1.20000000e+01 8.00000000e+00 4.20208889e+01
 1.30000000e+01 8.00000000e+00 4.21260701e+01
 1.40000000e+01 8.00000000e+00 4.22215277e+01
 1.50000000e+01 8.00000000e+00 4.23076448e+01
 1.60000000e+01 8.00000000e+00 4.23848042e+01
 1.70000000e+01 8.00000000e+00 4.24533891e+01
 1.80000000e+01 8.00000000e+00 4.25137824e+01
 1.90000000e+01 8.00000000e+00 4.25663671e+01
 2.00000000e+01 8.00000000e+00 4.26115263e+01
 2.10000000e+01 8.00000000e+00 4.26496429e+01
 2.20000000e+01 8.00000000e+00 4.26811000e+01
 2.30000000e+01 8.00000000e+00 4.27062806e+01
 2.40000000e+01 8.00000000e+00 4.27255676e+01
 2.50000000e+01 8.00000000e+00 4.27393441e+01
 2.60000000e+01 8.00000000e+00 4.27479931e+01
 2.70000000e+01 8.00000000e+00 4.27518976e+01
 2.80000000e+01 8.00000000e+00 4.27514406e+01
 2.90000000e+01 8.00000000e+00 4.27470050e+01
 3.00000000e+01 8.00000000e+00 4.27389740e+01
 3.10000000e+01 8.00000000e+00 4.27277305e+01
 3.20000000e+01 8.00000000e+00 4.27136575e+01
 3.30000000e+01 8.00000000e+00 4.26971380e+01
 3.40000000e+01 8.00000000e+00 4.26785550e+01
 3.50000000e+01 8.00000000e+00 4.26582916e+01
 3.60000000e+01 8.00000000e+00 4.26367307e+01
 3.70000000e+01 8.00000000e+00 4.26142553e+01
 3.80000000e+01 8.00000000e+00 4.25912485e+01
 3.90000000e+01 8.00000000e+00 4.25680933e+01
 4.00000000e+01 8.00000000e+00 4.25451726e+01
 4.10000000e+01 8.00000000e+00 4.25228695e+01
 4.20000000e+01 8.00000000e+00 4.25015670e+01
 4.30000000e+01 8.00000000e+00 4.24816480e+01
 4.40000000e+01 8.00000000e+00 4.24634956e+01
 4.50000000e+01 8.00000000e+00 4.24474929e+01
 4.60000000e+01 8.00000000e+00 4.24340227e+01
 4.70000000e+01 8.00000000e+00 4.24234681e+01
 4.80000000e+01 8.00000000e+00 4.24162121e+01
 4.90000000e+01 8.00000000e+00 4.24126377e+01
 5.00000000e+01 8.00000000e+00 4.21022316e+01
 5.10000000e+01 8.00000000e+00 4.21070260e+01
 5.20000000e+01 8.00000000e+00 4.21159976e+01
 5.30000000e+01 8.00000000e+00 4.21289575e+01
 5.40000000e+01 8.00000000e+00 4.21457169e+01
 5.50000000e+01 8.00000000e+00 4.21660870e+01
 5.60000000e+01 8.00000000e+00 4.21898791e+01
 5.70000000e+01 8.00000000e+00 4.22169042e+01
 5.80000000e+01 8.00000000e+00 4.22469737e+01
 5.90000000e+01 8.00000000e+00 4.22798986e+01
 6.00000000e+01 8.00000000e+00 4.23154902e+01
 6.10000000e+01 8.00000000e+00 4.23535597e+01
 6.20000000e+01 8.00000000e+00 4.23939183e+01
 6.30000000e+01 8.00000000e+00 4.24363772e+01
 6.40000000e+01 8.00000000e+00 4.24807475e+01
 6.50000000e+01 8.00000000e+00 4.25268405e+01
 6.60000000e+01 8.00000000e+00 4.25744674e+01
 6.70000000e+01 8.00000000e+00 4.26234393e+01
 6.80000000e+01 8.00000000e+00 4.26735674e+01
 6.90000000e+01 8.00000000e+00 4.27246630e+01
 7.00000000e+01 8.00000000e+00 4.27765373e+01
 7.10000000e+01 8.00000000e+00 4.28290013e+01
 7.20000000e+01 8.00000000e+00 4.28818664e+01
 7.30000000e+01 8.00000000e+00 4.29349437e+01
 7.40000000e+01 8.00000000e+00 4.29880444e+01
 7.50000000e+01 8.00000000e+00 4.30409798e+01
 7.60000000e+01 8.00000000e+00 4.30935609e+01
 7.70000000e+01 8.00000000e+00 4.31455990e+01
 7.80000000e+01 8.00000000e+00 4.31969054e+01
 7.90000000e+01 8.00000000e+00 4.32472911e+01
 8.00000000e+01 8.00000000e+00 4.32965674e+01
 8.10000000e+01 8.00000000e+00 4.33445454e+01
 8.20000000e+01 8.00000000e+00 4.33910365e+01
 8.30000000e+01 8.00000000e+00 4.34358517e+01
 8.40000000e+01 8.00000000e+00 4.34788023e+01
 8.50000000e+01 8.00000000e+00 4.35196994e+01
 8.60000000e+01 8.00000000e+00 4.35583543e+01
 8.70000000e+01 8.00000000e+00 4.35945781e+01
 8.80000000e+01 8.00000000e+00 4.36281820e+01
 8.90000000e+01 8.00000000e+00 4.36589773e+01
 9.00000000e+01 8.00000000e+00 4.36867751e+01
 9.10000000e+01 8.00000000e+00 4.37113867e+01
 9.20000000e+01 8.00000000e+00 4.37326232e+01
 9.30000000e+01 8.00000000e+00 4.37502957e+01
 9.40000000e+01 8.00000000e+00 4.37642156e+01
 9.50000000e+01 8.00000000e+00 4.37741940e+01
 9.60000000e+01 8.00000000e+00 4.37800421e+01
 9.70000000e+01 8.00000000e+00 4.37815710e+01
 9.80000000e+01 8.00000000e+00 4.37785921e+01
 9.90000000e+01 8.00000000e+00 4.37527905e+01
 1.00000000e+02 8.00000000e+00 4.37403731e+01
 1.01000000e+02 8.00000000e+00 4.37233952e+01
 1.02000000e+02 8.00000000e+00 4.37020676e+01
 1.03000000e+02 8.00000000e+00 4.36766011e+01
 1.04000000e+02 8.00000000e+00 4.36472066e+01
 1.05000000e+02 8.00000000e+00 4.36140949e+01
 1.06000000e+02 8.00000000e+00 4.35774769e+01
 1.07000000e+02 8.00000000e+00 4.35375633e+01
 1.08000000e+02 8.00000000e+00 4.34945649e+01
 1.09000000e+02 8.00000000e+00 4.34486927e+01
 1.10000000e+02 8.00000000e+00 4.34001574e+01
 1.11000000e+02 8.00000000e+00 4.33491699e+01
 1.12000000e+02 8.00000000e+00 4.32959410e+01
 1.13000000e+02 8.00000000e+00 4.32406814e+01
 1.14000000e+02 8.00000000e+00 4.31836022e+01
 1.15000000e+02 8.00000000e+00 4.31249140e+01
 1.16000000e+02 8.00000000e+00 4.30648277e+01
 1.17000000e+02 8.00000000e+00 4.30035541e+01
 1.18000000e+02 8.00000000e+00 4.29413041e+01
 1.19000000e+02 8.00000000e+00 4.28782885e+01
 1.20000000e+02 8.00000000e+00 4.28147181e+01
 1.21000000e+02 8.00000000e+00 4.27508038e+01
 1.22000000e+02 8.00000000e+00 4.26867563e+01
 1.23000000e+02 8.00000000e+00 4.26227865e+01
 1.24000000e+02 8.00000000e+00 4.25591053e+01
 1.25000000e+02 8.00000000e+00 4.24959234e+01
 1.26000000e+02 8.00000000e+00 4.24334517e+01
 1.27000000e+02 8.00000000e+00 4.23719010e+01
 1.28000000e+02 8.00000000e+00 4.23114821e+01
 1.29000000e+02 8.00000000e+00 4.22524060e+01
 1.30000000e+02 8.00000000e+00 4.21948833e+01
 1.31000000e+02 8.00000000e+00 4.21391249e+01
 1.32000000e+02 8.00000000e+00 4.20853417e+01
 1.33000000e+02 8.00000000e+00 4.20337445e+01
 1.34000000e+02 8.00000000e+00 4.19845440e+01
 1.35000000e+02 8.00000000e+00 4.19379512e+01
 1.36000000e+02 8.00000000e+00 4.18941769e+01
 1.37000000e+02 8.00000000e+00 4.18534319e+01
 1.38000000e+02 8.00000000e+00 4.18159270e+01
 1.39000000e+02 8.00000000e+00 4.17818730e+01
 1.40000000e+02 8.00000000e+00 4.17514808e+01
 1.41000000e+02 8.00000000e+00 4.17249612e+01
 1.42000000e+02 8.00000000e+00 4.17025251e+01
 1.43000000e+02 8.00000000e+00 4.16843832e+01
 1.44000000e+02 8.00000000e+00 4.16707464e+01
 1.45000000e+02 8.00000000e+00 4.16618255e+01
 1.46000000e+02 8.00000000e+00 4.16578313e+01
 1.47000000e+02 8.00000000e+00 4.16589748e+01
 1.48000000e+02 8.00000000e+00 4.13787371e+01
 1.49000000e+02 8.00000000e+00 4.13906173e+01
 1.50000000e+02 8.00000000e+00 4.14077568e+01
 1.51000000e+02 8.00000000e+00 4.14300088e+01
 1.52000000e+02 8.00000000e+00 4.14572264e+01
 1.53000000e+02 8.00000000e+00 4.14892631e+01
 1.54000000e+02 8.00000000e+00 4.15259719e+01
 1.55000000e+02 8.00000000e+00 4.15672061e+01
 1.56000000e+02 8.00000000e+00 4.16128190e+01
 1.57000000e+02 8.00000000e+00 4.16626639e+01
 1.58000000e+02 8.00000000e+00 4.17165939e+01
 1.59000000e+02 8.00000000e+00 4.17744623e+01
 1.60000000e+02 8.00000000e+00 4.18361224e+01
 1.61000000e+02 8.00000000e+00 4.19014274e+01
 1.62000000e+02 8.00000000e+00 4.19702305e+01
 1.63000000e+02 8.00000000e+00 4.20423850e+01
 1.64000000e+02 8.00000000e+00 4.21177441e+01
 1.65000000e+02 8.00000000e+00 4.21961611e+01
 1.66000000e+02 8.00000000e+00 4.22774891e+01
 1.67000000e+02 8.00000000e+00 4.23615816e+01
 1.68000000e+02 8.00000000e+00 4.24482916e+01
 1.69000000e+02 8.00000000e+00 4.25374725e+01
 1.70000000e+02 8.00000000e+00 4.26289775e+01
 1.71000000e+02 8.00000000e+00 4.27226598e+01
 1.72000000e+02 8.00000000e+00 4.28183726e+01
 1.73000000e+02 8.00000000e+00 4.29159693e+01
 1.74000000e+02 8.00000000e+00 4.30153030e+01
 1.75000000e+02 8.00000000e+00 4.31162270e+01
 1.76000000e+02 8.00000000e+00 4.32185946e+01
 1.77000000e+02 8.00000000e+00 4.33222589e+01
 1.78000000e+02 8.00000000e+00 4.34270733e+01
 1.79000000e+02 8.00000000e+00 4.35328910e+01
 1.80000000e+02 8.00000000e+00 4.36395651e+01
 1.81000000e+02 8.00000000e+00 4.37469490e+01
 1.82000000e+02 8.00000000e+00 4.38548959e+01
 1.83000000e+02 8.00000000e+00 4.39632591e+01
 1.84000000e+02 8.00000000e+00 4.40718917e+01
 1.85000000e+02 8.00000000e+00 4.41806471e+01
 1.86000000e+02 8.00000000e+00 4.42893785e+01
 1.87000000e+02 8.00000000e+00 4.43979390e+01
 1.88000000e+02 8.00000000e+00 4.45061820e+01
 1.89000000e+02 8.00000000e+00 4.46139607e+01
 1.90000000e+02 8.00000000e+00 4.47211284e+01
 1.91000000e+02 8.00000000e+00 4.48275383e+01
 1.92000000e+02 8.00000000e+00 4.49330435e+01
 1.93000000e+02 8.00000000e+00 4.50374975e+01
 1.94000000e+02 8.00000000e+00 4.51407533e+01
 1.95000000e+02 8.00000000e+00 4.52426644e+01
 1.96000000e+02 8.00000000e+00 4.53430838e+01
 1.97000000e+02 8.00000000e+00 4.55660253e+01
 1.98000000e+02 8.00000000e+00 4.56631009e+01
 1.99000000e+02 8.00000000e+00 4.57584510e+01
 2.00000000e+02 8.00000000e+00 4.58520604e+01
 2.01000000e+02 8.00000000e+00 4.59439137e+01
 2.02000000e+02 8.00000000e+00 4.60339956e+01
 2.03000000e+02 8.00000000e+00 4.61222906e+01
 2.04000000e+02 8.00000000e+00 4.62087835e+01
 2.05000000e+02 8.00000000e+00 4.62934589e+01
 2.06000000e+02 8.00000000e+00 4.63763013e+01
 2.07000000e+02 8.00000000e+00 4.64572956e+01
 2.08000000e+02 8.00000000e+00 4.65364262e+01
 2.09000000e+02 8.00000000e+00 4.66136779e+01
 2.10000000e+02 8.00000000e+00 4.66890353e+01
 2.11000000e+02 8.00000000e+00 4.67624830e+01
 2.12000000e+02 8.00000000e+00 4.68340057e+01
 2.13000000e+02 8.00000000e+00 4.69035880e+01
 2.14000000e+02 8.00000000e+00 4.69712146e+01
 2.15000000e+02 8.00000000e+00 4.70368701e+01
 2.16000000e+02 8.00000000e+00 4.71005391e+01
 2.17000000e+02 8.00000000e+00 4.71622063e+01
 2.18000000e+02 8.00000000e+00 4.72218564e+01
 2.19000000e+02 8.00000000e+00 4.72794739e+01
 2.20000000e+02 8.00000000e+00 4.73350435e+01
 2.21000000e+02 8.00000000e+00 4.73885500e+01
 2.22000000e+02 8.00000000e+00 4.74399778e+01
 2.23000000e+02 8.00000000e+00 4.74893117e+01
 2.24000000e+02 8.00000000e+00 4.75365362e+01
 2.25000000e+02 8.00000000e+00 4.75816361e+01
 2.26000000e+02 8.00000000e+00 4.76245960e+01
 2.27000000e+02 8.00000000e+00 4.76654005e+01
 2.28000000e+02 8.00000000e+00 4.77040343e+01
 2.29000000e+02 8.00000000e+00 4.77404820e+01
 2.30000000e+02 8.00000000e+00 4.77747282e+01
 2.31000000e+02 8.00000000e+00 4.78067576e+01
 2.32000000e+02 8.00000000e+00 4.78365549e+01
 2.33000000e+02 8.00000000e+00 4.78641046e+01
 2.34000000e+02 8.00000000e+00 4.78893915e+01
 2.35000000e+02 8.00000000e+00 4.79124001e+01
 2.36000000e+02 8.00000000e+00 4.79331152e+01
 2.37000000e+02 8.00000000e+00 4.79515213e+01
 2.38000000e+02 8.00000000e+00 4.79676031e+01
 2.39000000e+02 8.00000000e+00 4.79813452e+01
 2.40000000e+02 8.00000000e+00 4.79927323e+01
 2.41000000e+02 8.00000000e+00 4.80017491e+01
 2.42000000e+02 8.00000000e+00 4.80083801e+01
 2.43000000e+02 8.00000000e+00 4.80126100e+01
 2.44000000e+02 8.00000000e+00 4.80144235e+01
 2.45000000e+02 8.00000000e+00 4.80138051e+01
 2.46000000e+02 8.00000000e+00 4.69606143e+01
 2.47000000e+02 8.00000000e+00 4.69552890e+01
 2.48000000e+02 8.00000000e+00 4.69479543e+01
 2.49000000e+02 8.00000000e+00 4.69388679e+01
 2.50000000e+02 8.00000000e+00 4.69282877e+01
 2.51000000e+02 8.00000000e+00 4.69164715e+01
 2.52000000e+02 8.00000000e+00 4.69036772e+01
 2.53000000e+02 8.00000000e+00 4.68901627e+01
 2.54000000e+02 8.00000000e+00 4.68761857e+01
 2.55000000e+02 8.00000000e+00 4.68620042e+01
 2.56000000e+02 8.00000000e+00 4.68478760e+01
 2.57000000e+02 8.00000000e+00 4.68340589e+01
 2.58000000e+02 8.00000000e+00 4.68208109e+01
 2.59000000e+02 8.00000000e+00 4.68083896e+01
 2.60000000e+02 8.00000000e+00 4.67970531e+01
 2.61000000e+02 8.00000000e+00 4.67870591e+01
 2.62000000e+02 8.00000000e+00 4.67786656e+01
 2.63000000e+02 8.00000000e+00 4.67721303e+01
 2.64000000e+02 8.00000000e+00 4.67677111e+01
 2.65000000e+02 8.00000000e+00 4.67656658e+01
 2.66000000e+02 8.00000000e+00 4.67662524e+01
 2.67000000e+02 8.00000000e+00 4.67697286e+01
 2.68000000e+02 8.00000000e+00 4.67763523e+01
 2.69000000e+02 8.00000000e+00 4.67863814e+01
 2.70000000e+02 8.00000000e+00 4.68000737e+01
 2.71000000e+02 8.00000000e+00 4.68176871e+01
 2.72000000e+02 8.00000000e+00 4.68394794e+01
 2.73000000e+02 8.00000000e+00 4.68657084e+01
 2.74000000e+02 8.00000000e+00 4.68966321e+01
 2.75000000e+02 8.00000000e+00 4.69325083e+01
 2.76000000e+02 8.00000000e+00 4.69735947e+01
 2.77000000e+02 8.00000000e+00 4.70201494e+01
 2.78000000e+02 8.00000000e+00 4.70724301e+01
 2.79000000e+02 8.00000000e+00 4.71306946e+01
 2.80000000e+02 8.00000000e+00 4.71952009e+01
 2.81000000e+02 8.00000000e+00 4.72662067e+01
 2.82000000e+02 8.00000000e+00 4.73439700e+01
 2.83000000e+02 8.00000000e+00 4.74287486e+01
 2.84000000e+02 8.00000000e+00 4.75208003e+01
 2.85000000e+02 8.00000000e+00 4.76203830e+01
 2.86000000e+02 8.00000000e+00 4.77277545e+01
 2.87000000e+02 8.00000000e+00 4.78431727e+01
 2.88000000e+02 8.00000000e+00 4.79668955e+01
 2.89000000e+02 8.00000000e+00 4.80991806e+01
 2.90000000e+02 8.00000000e+00 4.82402860e+01
 2.91000000e+02 8.00000000e+00 4.83904695e+01
 2.92000000e+02 8.00000000e+00 4.85499889e+01
 2.93000000e+02 8.00000000e+00 4.87191021e+01
 2.94000000e+02 8.00000000e+00 4.88980670e+01
 2.95000000e+02 8.00000000e+00 5.02909080e+01
 2.96000000e+02 8.00000000e+00 5.04896748e+01
 2.97000000e+02 8.00000000e+00 5.06977745e+01
 2.98000000e+02 8.00000000e+00 5.09147692e+01
 2.99000000e+02 8.00000000e+00 5.11402208e+01
 3.00000000e+02 8.00000000e+00 5.13736914e+01
 3.01000000e+02 8.00000000e+00 5.16147429e+01
 3.02000000e+02 8.00000000e+00 5.18629375e+01
 3.03000000e+02 8.00000000e+00 5.21178370e+01
 3.04000000e+02 8.00000000e+00 5.23790035e+01
 3.05000000e+02 8.00000000e+00 5.26459991e+01
 3.06000000e+02 8.00000000e+00 5.29183857e+01
 3.07000000e+02 8.00000000e+00 5.31957253e+01
 3.08000000e+02 8.00000000e+00 5.34775800e+01
 3.09000000e+02 8.00000000e+00 5.37635117e+01
 3.10000000e+02 8.00000000e+00 5.40530825e+01
 3.11000000e+02 8.00000000e+00 5.43458544e+01
 3.12000000e+02 8.00000000e+00 5.46413894e+01
 3.13000000e+02 8.00000000e+00 5.49392495e+01
 3.14000000e+02 8.00000000e+00 5.52389967e+01
 3.15000000e+02 8.00000000e+00 5.55401931e+01
 3.16000000e+02 8.00000000e+00 5.58424006e+01
 3.17000000e+02 8.00000000e+00 5.61451813e+01
 3.18000000e+02 8.00000000e+00 5.64480971e+01
 3.19000000e+02 8.00000000e+00 5.67507101e+01
 3.20000000e+02 8.00000000e+00 5.70525823e+01
 3.21000000e+02 8.00000000e+00 5.73532757e+01
 3.22000000e+02 8.00000000e+00 5.76523523e+01
 3.23000000e+02 8.00000000e+00 5.79493742e+01
 3.24000000e+02 8.00000000e+00 5.82439032e+01
 3.25000000e+02 8.00000000e+00 5.85355015e+01
 3.26000000e+02 8.00000000e+00 5.88237311e+01
 3.27000000e+02 8.00000000e+00 5.91081540e+01
 3.28000000e+02 8.00000000e+00 5.93883321e+01
 3.29000000e+02 8.00000000e+00 5.96638275e+01
 3.30000000e+02 8.00000000e+00 5.99342023e+01
 3.31000000e+02 8.00000000e+00 6.01990183e+01
 3.32000000e+02 8.00000000e+00 6.04578377e+01
 3.33000000e+02 8.00000000e+00 6.07102224e+01
 3.34000000e+02 8.00000000e+00 6.09557344e+01
 3.35000000e+02 8.00000000e+00 6.11939359e+01
 3.36000000e+02 8.00000000e+00 6.14243887e+01
 3.37000000e+02 8.00000000e+00 6.16466548e+01
 3.38000000e+02 8.00000000e+00 6.18602964e+01
 3.39000000e+02 8.00000000e+00 6.20648754e+01
 3.40000000e+02 8.00000000e+00 6.22599538e+01
 3.41000000e+02 8.00000000e+00 6.24450937e+01
 3.42000000e+02 8.00000000e+00 6.26198569e+01
 3.43000000e+02 8.00000000e+00 6.25456201e+01
 3.44000000e+02 8.00000000e+00 6.26984613e+01
 3.45000000e+02 8.00000000e+00 6.28404487e+01
 3.46000000e+02 8.00000000e+00 6.29719813e+01
 3.47000000e+02 8.00000000e+00 6.30934578e+01
 3.48000000e+02 8.00000000e+00 6.32052771e+01
 3.49000000e+02 8.00000000e+00 6.33078380e+01
 3.50000000e+02 8.00000000e+00 6.34015394e+01
 3.51000000e+02 8.00000000e+00 6.34867800e+01
 3.52000000e+02 8.00000000e+00 6.35639587e+01
 3.53000000e+02 8.00000000e+00 6.36334743e+01
 3.54000000e+02 8.00000000e+00 6.36957256e+01
 3.55000000e+02 8.00000000e+00 6.37511116e+01
 3.56000000e+02 8.00000000e+00 6.38000309e+01
 3.57000000e+02 8.00000000e+00 6.38428825e+01
 3.58000000e+02 8.00000000e+00 6.38800651e+01
 3.59000000e+02 8.00000000e+00 6.39119776e+01
 3.60000000e+02 8.00000000e+00 6.39390189e+01
 3.61000000e+02 8.00000000e+00 6.39615876e+01
 3.62000000e+02 8.00000000e+00 6.39800828e+01
 3.63000000e+02 8.00000000e+00 6.39949032e+01
 3.64000000e+02 8.00000000e+00 6.40064476e+01
 3.65000000e+02 8.00000000e+00 6.40151149e+01
 3.66000000e+02 8.00000000e+00 6.40213038e+01
 3.67000000e+02 8.00000000e+00 6.40254133e+01
 3.68000000e+02 8.00000000e+00 6.40278421e+01
 3.69000000e+02 8.00000000e+00 6.40289891e+01
 3.70000000e+02 8.00000000e+00 6.40292532e+01
 3.71000000e+02 8.00000000e+00 6.40290330e+01
 3.72000000e+02 8.00000000e+00 6.40287275e+01
 3.73000000e+02 8.00000000e+00 6.40287355e+01
 3.74000000e+02 8.00000000e+00 6.40294558e+01
 3.75000000e+02 8.00000000e+00 6.40312873e+01
 3.76000000e+02 8.00000000e+00 6.40346288e+01
 3.77000000e+02 8.00000000e+00 6.40398790e+01
 3.78000000e+02 8.00000000e+00 6.40474369e+01
 3.79000000e+02 8.00000000e+00 6.40577013e+01
 3.80000000e+02 8.00000000e+00 6.40710709e+01
 3.81000000e+02 8.00000000e+00 6.40879447e+01
 3.82000000e+02 8.00000000e+00 6.41087214e+01
 3.83000000e+02 8.00000000e+00 6.41337999e+01
 3.84000000e+02 8.00000000e+00 6.41635790e+01
 3.85000000e+02 8.00000000e+00 6.41984576e+01
 3.86000000e+02 8.00000000e+00 6.42388344e+01
 3.87000000e+02 8.00000000e+00 6.42851083e+01
 3.88000000e+02 8.00000000e+00 6.43376781e+01
 3.89000000e+02 8.00000000e+00 6.43969427e+01
 3.90000000e+02 8.00000000e+00 6.44633008e+01
 3.91000000e+02 8.00000000e+00 6.45371514e+01
 3.92000000e+02 8.00000000e+00 6.47100090e+01
 3.93000000e+02 8.00000000e+00 6.47998671e+01
 3.94000000e+02 8.00000000e+00 6.48975946e+01
 3.95000000e+02 8.00000000e+00 6.50028732e+01
 3.96000000e+02 8.00000000e+00 6.51153848e+01
 3.97000000e+02 8.00000000e+00 6.52348111e+01
 3.98000000e+02 8.00000000e+00 6.53608339e+01
 3.99000000e+02 8.00000000e+00 6.54931349e+01
 4.00000000e+02 8.00000000e+00 6.56313958e+01
 4.01000000e+02 8.00000000e+00 6.57752986e+01
 4.02000000e+02 8.00000000e+00 6.59245249e+01
 4.03000000e+02 8.00000000e+00 6.60787565e+01
 4.04000000e+02 8.00000000e+00 6.62376752e+01
 4.05000000e+02 8.00000000e+00 6.64009627e+01
 4.06000000e+02 8.00000000e+00 6.65683008e+01
 4.07000000e+02 8.00000000e+00 6.67393713e+01
 4.08000000e+02 8.00000000e+00 6.69138560e+01
 4.09000000e+02 8.00000000e+00 6.70914365e+01
 4.10000000e+02 8.00000000e+00 6.72717947e+01
 4.11000000e+02 8.00000000e+00 6.74546124e+01
 4.12000000e+02 8.00000000e+00 6.76395713e+01
 4.13000000e+02 8.00000000e+00 6.78263532e+01
 4.14000000e+02 8.00000000e+00 6.80146398e+01
 4.15000000e+02 8.00000000e+00 6.82041130e+01
 4.16000000e+02 8.00000000e+00 6.83944544e+01
 4.17000000e+02 8.00000000e+00 6.85853459e+01
 4.18000000e+02 8.00000000e+00 6.87764692e+01
 4.19000000e+02 8.00000000e+00 6.89675061e+01
 4.20000000e+02 8.00000000e+00 6.91581384e+01
 4.21000000e+02 8.00000000e+00 6.93480477e+01
 4.22000000e+02 8.00000000e+00 6.95369160e+01
 4.23000000e+02 8.00000000e+00 6.97244249e+01
 4.24000000e+02 8.00000000e+00 6.99102563e+01
 4.25000000e+02 8.00000000e+00 7.00940918e+01
 4.26000000e+02 8.00000000e+00 7.02756134e+01
 4.27000000e+02 8.00000000e+00 7.04545026e+01
 4.28000000e+02 8.00000000e+00 7.06304414e+01
 4.29000000e+02 8.00000000e+00 7.08031114e+01
 4.30000000e+02 8.00000000e+00 7.09721944e+01
 4.31000000e+02 8.00000000e+00 7.11373723e+01
 4.32000000e+02 8.00000000e+00 7.12983267e+01
 4.33000000e+02 8.00000000e+00 7.14547394e+01
 4.34000000e+02 8.00000000e+00 7.16062923e+01
 4.35000000e+02 8.00000000e+00 7.17526670e+01
 4.36000000e+02 8.00000000e+00 7.18935454e+01
 4.37000000e+02 8.00000000e+00 7.20286092e+01
 4.38000000e+02 8.00000000e+00 7.21575402e+01
 4.39000000e+02 8.00000000e+00 7.22800201e+01
 4.40000000e+02 8.00000000e+00 7.23957307e+01
 4.41000000e+02 8.00000000e+00 7.22416534e+01
 4.42000000e+02 8.00000000e+00 7.23430873e+01
 4.43000000e+02 8.00000000e+00 7.24375957e+01
 4.44000000e+02 8.00000000e+00 7.25254813e+01
 4.45000000e+02 8.00000000e+00 7.26070470e+01
 4.46000000e+02 8.00000000e+00 7.26825956e+01
 4.47000000e+02 8.00000000e+00 7.27524298e+01
 4.48000000e+02 8.00000000e+00 7.28168524e+01
 4.49000000e+02 8.00000000e+00 7.28761662e+01
 4.50000000e+02 8.00000000e+00 7.29306741e+01
 4.51000000e+02 8.00000000e+00 7.29806788e+01
 4.52000000e+02 8.00000000e+00 7.30264831e+01
 4.53000000e+02 8.00000000e+00 7.30683898e+01
 4.54000000e+02 8.00000000e+00 7.31067016e+01
 4.55000000e+02 8.00000000e+00 7.31417215e+01
 4.56000000e+02 8.00000000e+00 7.31737521e+01
 4.57000000e+02 8.00000000e+00 7.32030963e+01
 4.58000000e+02 8.00000000e+00 7.32300569e+01
 4.59000000e+02 8.00000000e+00 7.32549366e+01
 4.60000000e+02 8.00000000e+00 7.32780382e+01
 4.61000000e+02 8.00000000e+00 7.32996646e+01
 4.62000000e+02 8.00000000e+00 7.33201185e+01
 4.63000000e+02 8.00000000e+00 7.33397027e+01
 4.64000000e+02 8.00000000e+00 7.33587200e+01
 4.65000000e+02 8.00000000e+00 7.33774732e+01
 4.66000000e+02 8.00000000e+00 7.33962652e+01
 4.67000000e+02 8.00000000e+00 7.34153986e+01
 4.68000000e+02 8.00000000e+00 7.34351763e+01
 4.69000000e+02 8.00000000e+00 7.34559010e+01
 4.70000000e+02 8.00000000e+00 7.34778756e+01
 4.71000000e+02 8.00000000e+00 7.35014029e+01
 4.72000000e+02 8.00000000e+00 7.35267856e+01
 4.73000000e+02 8.00000000e+00 7.35543266e+01
 4.74000000e+02 8.00000000e+00 7.35843286e+01
 4.75000000e+02 8.00000000e+00 7.36170944e+01
 4.76000000e+02 8.00000000e+00 7.36529268e+01
 4.77000000e+02 8.00000000e+00 7.36921287e+01
 4.78000000e+02 8.00000000e+00 7.37350027e+01
 4.79000000e+02 8.00000000e+00 7.37818517e+01
 4.80000000e+02 8.00000000e+00 7.38329786e+01
 4.81000000e+02 8.00000000e+00 7.38886860e+01
 4.82000000e+02 8.00000000e+00 7.39492767e+01
 4.83000000e+02 8.00000000e+00 7.40150536e+01
 4.84000000e+02 8.00000000e+00 7.40863195e+01
 4.85000000e+02 8.00000000e+00 7.41633771e+01
 4.86000000e+02 8.00000000e+00 7.42465293e+01
 4.87000000e+02 8.00000000e+00 7.43360788e+01
 4.88000000e+02 8.00000000e+00 7.44323284e+01
 4.89000000e+02 8.00000000e+00 7.45355809e+01
 4.90000000e+02 8.00000000e+00 7.50669437e+01
 4.91000000e+02 8.00000000e+00 7.51848597e+01
 4.92000000e+02 8.00000000e+00 7.53099472e+01
 4.93000000e+02 8.00000000e+00 7.54419912e+01
 4.94000000e+02 8.00000000e+00 7.55807766e+01
 4.95000000e+02 8.00000000e+00 7.57260884e+01
 4.96000000e+02 8.00000000e+00 7.58777115e+01
 4.97000000e+02 8.00000000e+00 7.60354309e+01
 4.98000000e+02 8.00000000e+00 7.61990315e+01
 4.99000000e+02 8.00000000e+00 7.63682983e+01
 5.00000000e+02 8.00000000e+00 7.65430163e+01
 5.01000000e+02 8.00000000e+00 7.67229703e+01
 5.02000000e+02 8.00000000e+00 7.69079454e+01
 5.03000000e+02 8.00000000e+00 7.70977265e+01
 5.04000000e+02 8.00000000e+00 7.72920985e+01
 5.05000000e+02 8.00000000e+00 7.74908464e+01
 5.06000000e+02 8.00000000e+00 7.76937552e+01
 5.07000000e+02 8.00000000e+00 7.79006098e+01
 5.08000000e+02 8.00000000e+00 7.81111951e+01
 5.09000000e+02 8.00000000e+00 7.83252962e+01
 5.10000000e+02 8.00000000e+00 7.85426979e+01
 5.11000000e+02 8.00000000e+00 7.87631852e+01
 5.12000000e+02 8.00000000e+00 7.89865431e+01
 5.13000000e+02 8.00000000e+00 7.92125565e+01
 5.14000000e+02 8.00000000e+00 7.94410104e+01
 5.15000000e+02 8.00000000e+00 7.96716897e+01
 5.16000000e+02 8.00000000e+00 7.99043794e+01
 5.17000000e+02 8.00000000e+00 8.01388644e+01
 5.18000000e+02 8.00000000e+00 8.03749297e+01
 5.19000000e+02 8.00000000e+00 8.06123602e+01
 5.20000000e+02 8.00000000e+00 8.08509409e+01
 5.21000000e+02 8.00000000e+00 8.10904567e+01
 5.22000000e+02 8.00000000e+00 8.13306927e+01
 5.23000000e+02 8.00000000e+00 8.15714337e+01
 5.24000000e+02 8.00000000e+00 8.18124646e+01
 5.25000000e+02 8.00000000e+00 8.20535706e+01
 5.26000000e+02 8.00000000e+00 8.22945364e+01
 5.27000000e+02 8.00000000e+00 8.25351471e+01
 5.28000000e+02 8.00000000e+00 8.27751876e+01
 5.29000000e+02 8.00000000e+00 8.30144428e+01
 5.30000000e+02 8.00000000e+00 8.32526978e+01
 5.31000000e+02 8.00000000e+00 8.34897374e+01
 5.32000000e+02 8.00000000e+00 8.37253466e+01
 5.33000000e+02 8.00000000e+00 8.39593104e+01
 5.34000000e+02 8.00000000e+00 8.41914137e+01
 5.35000000e+02 8.00000000e+00 8.44214415e+01
 5.36000000e+02 8.00000000e+00 8.46491787e+01
 5.37000000e+02 8.00000000e+00 8.48744103e+01
 5.38000000e+02 8.00000000e+00 8.50969212e+01
 5.39000000e+02 8.00000000e+00 8.52143726e+01
 5.40000000e+02 8.00000000e+00 8.54309475e+01
 5.41000000e+02 8.00000000e+00 8.56445416e+01
 5.42000000e+02 8.00000000e+00 8.58551846e+01
 5.43000000e+02 8.00000000e+00 8.60629063e+01
 5.44000000e+02 8.00000000e+00 8.62677367e+01
 5.45000000e+02 8.00000000e+00 8.64697055e+01
 5.46000000e+02 8.00000000e+00 8.66688428e+01
 5.47000000e+02 8.00000000e+00 8.68651783e+01
 5.48000000e+02 8.00000000e+00 8.70587418e+01
 5.49000000e+02 8.00000000e+00 8.72495633e+01
 5.50000000e+02 8.00000000e+00 8.74376727e+01
 5.51000000e+02 8.00000000e+00 8.76230997e+01
 5.52000000e+02 8.00000000e+00 8.78058743e+01
 5.53000000e+02 8.00000000e+00 8.79860263e+01
 5.54000000e+02 8.00000000e+00 8.81635856e+01
 5.55000000e+02 8.00000000e+00 8.83385820e+01
 5.56000000e+02 8.00000000e+00 8.85110455e+01
 5.57000000e+02 8.00000000e+00 8.86810058e+01
 5.58000000e+02 8.00000000e+00 8.88484928e+01
 5.59000000e+02 8.00000000e+00 8.90135364e+01
 5.60000000e+02 8.00000000e+00 8.91761665e+01
 5.61000000e+02 8.00000000e+00 8.93364129e+01
 5.62000000e+02 8.00000000e+00 8.94943055e+01
 5.63000000e+02 8.00000000e+00 8.96498742e+01
 5.64000000e+02 8.00000000e+00 8.98031488e+01
 5.65000000e+02 8.00000000e+00 8.99541591e+01
 5.66000000e+02 8.00000000e+00 9.01029351e+01
 5.67000000e+02 8.00000000e+00 9.02495067e+01
 5.68000000e+02 8.00000000e+00 9.03939035e+01
 5.69000000e+02 8.00000000e+00 9.05361557e+01
 5.70000000e+02 8.00000000e+00 9.06762929e+01
 5.71000000e+02 8.00000000e+00 9.08143451e+01
 5.72000000e+02 8.00000000e+00 9.09503421e+01
 5.73000000e+02 8.00000000e+00 9.10843138e+01
 5.74000000e+02 8.00000000e+00 9.12162901e+01
 5.75000000e+02 8.00000000e+00 9.13463008e+01
 5.76000000e+02 8.00000000e+00 9.14743757e+01
 5.77000000e+02 8.00000000e+00 9.16005448e+01
 5.78000000e+02 8.00000000e+00 9.17248380e+01
 5.79000000e+02 8.00000000e+00 9.18472850e+01
 5.80000000e+02 8.00000000e+00 9.19679157e+01
 5.81000000e+02 8.00000000e+00 9.20867601e+01
 5.82000000e+02 8.00000000e+00 9.22038479e+01
 5.83000000e+02 8.00000000e+00 9.23192090e+01
 5.84000000e+02 8.00000000e+00 9.24328734e+01
 5.85000000e+02 8.00000000e+00 9.25448708e+01
 5.86000000e+02 8.00000000e+00 9.26552311e+01
 5.87000000e+02 8.00000000e+00 9.27639842e+01
 5.88000000e+02 8.00000000e+00 9.28333373e+01
 5.89000000e+02 8.00000000e+00 9.29390114e+01
 5.90000000e+02 8.00000000e+00 9.30432688e+01
 5.91000000e+02 8.00000000e+00 9.31461981e+01
 5.92000000e+02 8.00000000e+00 9.32478882e+01
 5.93000000e+02 8.00000000e+00 9.33484278e+01
 5.94000000e+02 8.00000000e+00 9.34479056e+01
 5.95000000e+02 8.00000000e+00 9.35464103e+01
 5.96000000e+02 8.00000000e+00 9.36440306e+01
 5.97000000e+02 8.00000000e+00 9.37408553e+01
 5.98000000e+02 8.00000000e+00 9.38369732e+01
 5.99000000e+02 8.00000000e+00 9.39324728e+01
 6.00000000e+02 8.00000000e+00 9.40274430e+01
 6.01000000e+02 8.00000000e+00 9.41219725e+01
 6.02000000e+02 8.00000000e+00 9.42161500e+01
 6.03000000e+02 8.00000000e+00 9.43100642e+01
 6.04000000e+02 8.00000000e+00 9.44038039e+01
 6.05000000e+02 8.00000000e+00 9.44974578e+01
 6.06000000e+02 8.00000000e+00 9.45911146e+01
 6.07000000e+02 8.00000000e+00 9.46848631e+01
 6.08000000e+02 8.00000000e+00 9.47787919e+01
 6.09000000e+02 8.00000000e+00 9.48729898e+01
 6.10000000e+02 8.00000000e+00 9.49675456e+01
 6.11000000e+02 8.00000000e+00 9.50625479e+01
 6.12000000e+02 8.00000000e+00 9.51580855e+01
 6.13000000e+02 8.00000000e+00 9.52542470e+01
 6.14000000e+02 8.00000000e+00 9.53511214e+01
 6.15000000e+02 8.00000000e+00 9.54487972e+01
 6.16000000e+02 8.00000000e+00 9.55473631e+01
 6.17000000e+02 8.00000000e+00 9.56469080e+01
 6.18000000e+02 8.00000000e+00 9.57475205e+01
 6.19000000e+02 8.00000000e+00 9.58492894e+01
 6.20000000e+02 8.00000000e+00 9.59523034e+01
 6.21000000e+02 8.00000000e+00 9.60566513e+01
 6.22000000e+02 8.00000000e+00 9.61624216e+01
 6.23000000e+02 8.00000000e+00 9.62697033e+01
 6.24000000e+02 8.00000000e+00 9.63785849e+01
 6.25000000e+02 8.00000000e+00 9.64891553e+01
 6.26000000e+02 8.00000000e+00 9.66015031e+01
 6.27000000e+02 8.00000000e+00 9.67157171e+01
 6.28000000e+02 8.00000000e+00 9.68318861e+01
 6.29000000e+02 8.00000000e+00 9.69500986e+01
 6.30000000e+02 8.00000000e+00 9.70704436e+01
 6.31000000e+02 8.00000000e+00 9.71930096e+01
 6.32000000e+02 8.00000000e+00 9.73178855e+01
 6.33000000e+02 8.00000000e+00 9.74451598e+01
 6.34000000e+02 8.00000000e+00 9.75749215e+01
 6.35000000e+02 8.00000000e+00 9.77072592e+01
 6.36000000e+02 8.00000000e+00 9.78422616e+01
 6.37000000e+02 8.00000000e+00 9.78988795e+01
 6.38000000e+02 8.00000000e+00 9.80393967e+01
 6.39000000e+02 8.00000000e+00 9.81826901e+01
 6.40000000e+02 8.00000000e+00 9.83287649e+01
 6.41000000e+02 8.00000000e+00 9.84776266e+01
 6.42000000e+02 8.00000000e+00 9.86292805e+01
 6.43000000e+02 8.00000000e+00 9.87837319e+01
 6.44000000e+02 8.00000000e+00 9.89409863e+01
 6.45000000e+02 8.00000000e+00 9.91010489e+01
 6.46000000e+02 8.00000000e+00 9.92639253e+01
 6.47000000e+02 8.00000000e+00 9.94296207e+01
 6.48000000e+02 8.00000000e+00 9.95981405e+01
 6.49000000e+02 8.00000000e+00 9.97694900e+01
 6.50000000e+02 8.00000000e+00 9.99436748e+01
 6.51000000e+02 8.00000000e+00 1.00120700e+02
 6.52000000e+02 8.00000000e+00 1.00300571e+02
 6.53000000e+02 8.00000000e+00 1.00483293e+02
 6.54000000e+02 8.00000000e+00 1.00668872e+02
 6.55000000e+02 8.00000000e+00 1.00857313e+02
 6.56000000e+02 8.00000000e+00 1.01048622e+02
 6.57000000e+02 8.00000000e+00 1.01242803e+02
 6.58000000e+02 8.00000000e+00 1.01439862e+02
 6.59000000e+02 8.00000000e+00 1.01639804e+02
 6.60000000e+02 8.00000000e+00 1.01842636e+02
 6.61000000e+02 8.00000000e+00 1.02048361e+02
 6.62000000e+02 8.00000000e+00 1.02256986e+02
 6.63000000e+02 8.00000000e+00 1.02468517e+02
 6.64000000e+02 8.00000000e+00 1.02682957e+02
 6.65000000e+02 8.00000000e+00 1.02900313e+02
 6.66000000e+02 8.00000000e+00 1.03120590e+02
 6.67000000e+02 8.00000000e+00 1.03343793e+02
 6.68000000e+02 8.00000000e+00 1.03569929e+02
 6.69000000e+02 8.00000000e+00 1.03799001e+02
 6.70000000e+02 8.00000000e+00 1.04031016e+02
 6.71000000e+02 8.00000000e+00 1.04265978e+02
 6.72000000e+02 8.00000000e+00 1.04503894e+02
 6.73000000e+02 8.00000000e+00 1.04744769e+02
 6.74000000e+02 8.00000000e+00 1.04988607e+02
 6.75000000e+02 8.00000000e+00 1.05235415e+02
 6.76000000e+02 8.00000000e+00 1.05485198e+02
 6.77000000e+02 8.00000000e+00 1.05737961e+02
 6.78000000e+02 8.00000000e+00 1.05993709e+02
 6.79000000e+02 8.00000000e+00 1.06252448e+02
 6.80000000e+02 8.00000000e+00 1.06514183e+02
 6.81000000e+02 8.00000000e+00 1.06778919e+02
 6.82000000e+02 8.00000000e+00 1.07046663e+02
 6.83000000e+02 8.00000000e+00 1.07317419e+02
 6.84000000e+02 8.00000000e+00 1.07591192e+02
 6.85000000e+02 8.00000000e+00 1.07867988e+02
