 4.00000000e+00 2.50000000e+01 9.75506755e+00
 5.00000000e+00 2.50000000e+01 9.31068059e+00
 6.00000000e+00 2.50000000e+01 8.89476573e+00
 7.00000000e+00 2.50000000e+01 8.50659716e+00
 8.00000000e+00 2.50000000e+01 8.14544904e+00
 9.00000000e+00 2.50000000e+01 7.81059554e+00
 1.00000000e+01 2.50000000e+01 7.50131083e+00
 1.10000000e+01 2.50000000e+01 7.21686908e+00
 1.20000000e+01 2.50000000e+01 6.95654445e+00
 1.30000000e+01 2.50000000e+01 6.71961111e+00
 1.40000000e+01 2.50000000e+01 6.50534324e+00
 1.50000000e+01 2.50000000e+01 6.31301500e+00
 1.60000000e+01 2.50000000e+01 6.14190056e+00
 1.70000000e+01 2.50000000e+01 5.99127409e+00
 1.80000000e+01 2.50000000e+01 5.86040975e+00
 1.90000000e+01 2.50000000e+01 5.74858172e+00
 2.00000000e+01 2.50000000e+01 5.65506416e+00
 2.10000000e+01 2.50000000e+01 5.57913124e+00
 2.20000000e+01 2.50000000e+01 5.52005713e+00
 2.30000000e+01 2.50000000e+01 5.47711601e+00
 2.40000000e+01 2.50000000e+01 5.44958203e+00
 2.50000000e+01 2.50000000e+01 5.43672936e+00
 2.60000000e+01 2.50000000e+01 5.43783218e+00
 2.70000000e+01 2.50000000e+01 5.45216466e+00
 2.80000000e+01 2.50000000e+01 5.47900095e+00
 2.90000000e+01 2.50000000e+01 5.51761524e+00
 3.00000000e+01 2.50000000e+01 5.56728169e+00
 3.10000000e+01 2.50000000e+01 5.62727446e+00
 3.20000000e+01 2.50000000e+01 5.69686772e+00
 3.30000000e+01 2.50000000e+01 5.77533566e+00
 3.40000000e+01 2.50000000e+01 5.86195242e+00
 3.50000000e+01 2.50000000e+01 5.95599218e+00
 3.60000000e+01 2.50000000e+01 6.05672912e+00
 3.70000000e+01 2.50000000e+01 6.16343739e+00
 3.80000000e+01 2.50000000e+01 6.27539117e+00
 3.90000000e+01 2.50000000e+01 6.39186463e+00
 4.00000000e+01 2.50000000e+01 6.51213193e+00
 4.10000000e+01 2.50000000e+01 6.63546724e+00
 4.20000000e+01 2.50000000e+01 6.76114473e+00
 4.30000000e+01 2.50000000e+01 6.88843857e+00
 4.40000000e+01 2.50000000e+01 7.01662293e+00
 4.50000000e+01 2.50000000e+01 7.14497198e+00
 4.60000000e+01 2.50000000e+01 7.27275988e+00
 4.70000000e+01 2.50000000e+01 7.39926080e+00
 4.80000000e+01 2.50000000e+01 7.52374892e+00
 4.90000000e+01 2.50000000e+01 7.64549839e+00
 5.00000000e+01 2.50000000e+01 7.76378340e+00
 5.10000000e+01 2.50000000e+01 7.87787810e+00
 5.20000000e+01 2.50000000e+01 7.98705667e+00
 5.30000000e+01 2.50000000e+01 8.09059327e+00
 5.40000000e+01 2.50000000e+01 8.18776207e+00
 5.50000000e+01 2.50000000e+01 8.27783725e+00
 5.60000000e+01 2.50000000e+01 8.36009297e+00
 5.70000000e+01 2.50000000e+01 8.43380339e+00
 5.80000000e+01 2.50000000e+01 8.49824269e+00
 5.90000000e+01 2.50000000e+01 8.55268504e+00
 6.00000000e+01 2.50000000e+01 8.59640460e+00
 6.10000000e+01 2.50000000e+01 8.62867555e+00
 6.20000000e+01 2.50000000e+01 8.68646465e+00
 6.30000000e+01 2.50000000e+01 8.69392667e+00
 6.40000000e+01 2.50000000e+01 8.68906342e+00
 6.50000000e+01 2.50000000e+01 8.67234985e+00
 6.60000000e+01 2.50000000e+01 8.64426092e+00
 6.70000000e+01 2.50000000e+01 8.60527156e+00
 6.80000000e+01 2.50000000e+01 8.55585673e+00
 6.90000000e+01 2.50000000e+01 8.49649139e+00
 7.00000000e+01 2.50000000e+01 8.42765047e+00
 7.10000000e+01 2.50000000e+01 8.34980892e+00
 7.20000000e+01 2.50000000e+01 8.26344171e+00
 7.30000000e+01 2.50000000e+01 8.16902377e+00
 7.40000000e+01 2.50000000e+01 8.06703005e+00
 7.50000000e+01 2.50000000e+01 7.95793550e+00
 7.60000000e+01 2.50000000e+01 7.84221508e+00
 7.70000000e+01 2.50000000e+01 7.72034373e+00
 7.80000000e+01 2.50000000e+01 7.59279640e+00
 7.90000000e+01 2.50000000e+01 7.46004804e+00
 8.00000000e+01 2.50000000e+01 7.32257360e+00
 8.10000000e+01 2.50000000e+01 7.18084802e+00
 8.20000000e+01 2.50000000e+01 7.03534626e+00
 8.30000000e+01 2.50000000e+01 6.88654327e+00
 8.40000000e+01 2.50000000e+01 6.73491399e+00
 8.50000000e+01 2.50000000e+01 6.58093338e+00
 8.60000000e+01 2.50000000e+01 6.42507638e+00
 8.70000000e+01 2.50000000e+01 6.26781794e+00
 8.80000000e+01 2.50000000e+01 6.10963301e+00
 8.90000000e+01 2.50000000e+01 5.95099655e+00
 9.00000000e+01 2.50000000e+01 5.79238349e+00
 9.10000000e+01 2.50000000e+01 5.63426879e+00
 9.20000000e+01 2.50000000e+01 5.47712740e+00
 9.30000000e+01 2.50000000e+01 5.32143426e+00
 9.40000000e+01 2.50000000e+01 5.16766433e+00
 9.50000000e+01 2.50000000e+01 5.01629256e+00
 9.60000000e+01 2.50000000e+01 4.86779389e+00
 9.70000000e+01 2.50000000e+01 4.72264327e+00
 9.80000000e+01 2.50000000e+01 4.58131565e+00
 9.90000000e+01 2.50000000e+01 4.44428598e+00
 1.00000000e+02 2.50000000e+01 4.31202922e+00
 1.01000000e+02 2.50000000e+01 4.18502030e+00
 1.02000000e+02 2.50000000e+01 4.06373418e+00
 1.03000000e+02 2.50000000e+01 3.94864581e+00
 1.04000000e+02 2.50000000e+01 3.84023014e+00
 1.05000000e+02 2.50000000e+01 3.73896211e+00
 1.06000000e+02 2.50000000e+01 3.64531667e+00
 1.07000000e+02 2.50000000e+01 3.55976878e+00
 1.08000000e+02 2.50000000e+01 3.48279338e+00
 1.09000000e+02 2.50000000e+01 3.41486543e+00
 1.10000000e+02 2.50000000e+01 3.35645986e+00
 1.11000000e+02 2.50000000e+01 3.30805163e+00
 1.12000000e+02 2.50000000e+01 3.27011570e+00
 1.13000000e+02 2.50000000e+01 3.24312700e+00
 1.14000000e+02 2.50000000e+01 3.22756048e+00
 1.15000000e+02 2.50000000e+01 3.22389111e+00
 1.16000000e+02 2.50000000e+01 3.23259382e+00
 1.17000000e+02 2.50000000e+01 3.25414356e+00
 1.18000000e+02 2.50000000e+01 3.28901529e+00
 1.19000000e+02 2.50000000e+01 3.33768395e+00
 1.20000000e+02 2.50000000e+01 2.85314813e+00
 1.21000000e+02 2.50000000e+01 2.93050878e+00
 1.22000000e+02 2.50000000e+01 3.02171979e+00
 1.23000000e+02 2.50000000e+01 3.12608061e+00
 1.24000000e+02 2.50000000e+01 3.24289069e+00
 1.25000000e+02 2.50000000e+01 3.37144947e+00
 1.26000000e+02 2.50000000e+01 3.51105639e+00
 1.27000000e+02 2.50000000e+01 3.66101091e+00
 1.28000000e+02 2.50000000e+01 3.82061248e+00
 1.29000000e+02 2.50000000e+01 3.98916053e+00
 1.30000000e+02 2.50000000e+01 4.16595452e+00
 1.31000000e+02 2.50000000e+01 4.35029389e+00
 1.32000000e+02 2.50000000e+01 4.54147809e+00
 1.33000000e+02 2.50000000e+01 4.73880656e+00
 1.34000000e+02 2.50000000e+01 4.94157876e+00
 1.35000000e+02 2.50000000e+01 5.14909413e+00
 1.36000000e+02 2.50000000e+01 5.36065211e+00
 1.37000000e+02 2.50000000e+01 5.57555216e+00
 1.38000000e+02 2.50000000e+01 5.79309372e+00
 1.39000000e+02 2.50000000e+01 6.01257623e+00
 1.40000000e+02 2.50000000e+01 6.23329915e+00
 1.41000000e+02 2.50000000e+01 6.45456192e+00
 1.42000000e+02 2.50000000e+01 6.67566398e+00
 1.43000000e+02 2.50000000e+01 6.89590479e+00
 1.44000000e+02 2.50000000e+01 7.11458379e+00
 1.45000000e+02 2.50000000e+01 7.33100043e+00
 1.46000000e+02 2.50000000e+01 7.54445415e+00
 1.47000000e+02 2.50000000e+01 7.75424440e+00
 1.48000000e+02 2.50000000e+01 7.95967063e+00
 1.49000000e+02 2.50000000e+01 8.16003228e+00
 1.50000000e+02 2.50000000e+01 8.35462881e+00
 1.51000000e+02 2.50000000e+01 8.54275966e+00
 1.52000000e+02 2.50000000e+01 8.72372426e+00
 1.53000000e+02 2.50000000e+01 8.89682209e+00
 1.54000000e+02 2.50000000e+01 9.06135257e+00
 1.55000000e+02 2.50000000e+01 9.21661515e+00
 1.56000000e+02 2.50000000e+01 9.36190929e+00
 1.57000000e+02 2.50000000e+01 9.49653442e+00
 1.58000000e+02 2.50000000e+01 9.61979001e+00
 1.59000000e+02 2.50000000e+01 9.73097548e+00
 1.60000000e+02 2.50000000e+01 9.82939029e+00
 1.61000000e+02 2.50000000e+01 9.91433389e+00
 1.62000000e+02 2.50000000e+01 9.98510573e+00
 1.63000000e+02 2.50000000e+01 1.00410052e+01
 1.64000000e+02 2.50000000e+01 1.00813319e+01
 1.65000000e+02 2.50000000e+01 1.01053851e+01
 1.66000000e+02 2.50000000e+01 1.01124643e+01
 1.67000000e+02 2.50000000e+01 1.01018690e+01
 1.68000000e+02 2.50000000e+01 1.00728986e+01
 1.69000000e+02 2.50000000e+01 1.00248526e+01
 1.70000000e+02 2.50000000e+01 9.95703038e+00
 1.71000000e+02 2.50000000e+01 9.86873142e+00
 1.72000000e+02 2.50000000e+01 9.75925515e+00
 1.73000000e+02 2.50000000e+01 9.62790103e+00
 1.74000000e+02 2.50000000e+01 9.47396851e+00
 1.75000000e+02 2.50000000e+01 9.29675703e+00
 1.76000000e+02 2.50000000e+01 9.09556603e+00
 1.77000000e+02 2.50000000e+01 8.86969497e+00
 1.78000000e+02 2.50000000e+01 9.92458013e+00
 1.79000000e+02 2.50000000e+01 9.64771252e+00
 1.80000000e+02 2.50000000e+01 9.34578951e+00
 1.81000000e+02 2.50000000e+01 9.01949162e+00
 1.82000000e+02 2.50000000e+01 8.66949938e+00
 1.83000000e+02 2.50000000e+01 8.29649328e+00
 1.84000000e+02 2.50000000e+01 7.90115386e+00
 1.85000000e+02 2.50000000e+01 7.48416162e+00
 1.86000000e+02 2.50000000e+01 7.04619709e+00
 1.87000000e+02 2.50000000e+01 6.58794077e+00
 1.88000000e+02 2.50000000e+01 6.11007317e+00
 1.89000000e+02 2.50000000e+01 5.61327483e+00
 1.90000000e+02 2.50000000e+01 5.09822624e+00
 1.91000000e+02 2.50000000e+01 4.56560794e+00
 1.92000000e+02 2.50000000e+01 4.01610042e+00
 1.93000000e+02 2.50000000e+01 3.45038421e+00
 1.94000000e+02 2.50000000e+01 2.86913982e+00
 1.95000000e+02 2.50000000e+01 2.27304777e+00
 1.96000000e+02 2.50000000e+01 1.66278857e+00
 1.97000000e+02 2.50000000e+01 1.03904274e+00
 1.98000000e+02 2.50000000e+01 4.02490788e-01
 1.99000000e+02 2.50000000e+01 -2.46186764e-01
 2.00000000e+02 2.50000000e+01 -9.06309402e-01
 2.01000000e+02 2.50000000e+01 -1.57719661e+00
 2.02000000e+02 2.50000000e+01 -2.25816788e+00
 2.03000000e+02 2.50000000e+01 -2.94854268e+00
 2.04000000e+02 2.50000000e+01 -3.64764052e+00
 2.05000000e+02 2.50000000e+01 -4.35478086e+00
 2.06000000e+02 2.50000000e+01 -5.06928320e+00
 2.07000000e+02 2.50000000e+01 -5.79046702e+00
 2.08000000e+02 2.50000000e+01 -6.51765181e+00
 2.09000000e+02 2.50000000e+01 -7.25015704e+00
 2.10000000e+02 2.50000000e+01 -7.98730221e+00
 2.11000000e+02 2.50000000e+01 -8.72840680e+00
 2.12000000e+02 2.50000000e+01 -9.47279029e+00
 2.13000000e+02 2.50000000e+01 -1.02197722e+01
 2.14000000e+02 2.50000000e+01 -1.09686719e+01
 2.15000000e+02 2.50000000e+01 -1.17188090e+01
 2.16000000e+02 2.50000000e+01 -1.24695030e+01
 2.17000000e+02 2.50000000e+01 -1.32200733e+01
 2.18000000e+02 2.50000000e+01 -1.39698394e+01
 2.19000000e+02 2.50000000e+01 -1.47181208e+01
 2.20000000e+02 2.50000000e+01 -1.54642370e+01
 2.21000000e+02 2.50000000e+01 -1.62075074e+01
 2.22000000e+02 2.50000000e+01 -1.69472516e+01
 2.23000000e+02 2.50000000e+01 -1.76827890e+01
 2.24000000e+02 2.50000000e+01 -1.84134392e+01
 2.25000000e+02 2.50000000e+01 -1.91385216e+01
 2.26000000e+02 2.50000000e+01 -1.98573556e+01
 2.27000000e+02 2.50000000e+01 -2.05692608e+01
 2.28000000e+02 2.50000000e+01 -2.12735567e+01
 2.29000000e+02 2.50000000e+01 -2.19695628e+01
 2.30000000e+02 2.50000000e+01 -2.26565984e+01
 2.31000000e+02 2.50000000e+01 -2.33339832e+01
 2.32000000e+02 2.50000000e+01 -2.40010366e+01
 2.33000000e+02 2.50000000e+01 -2.46570781e+01
 2.34000000e+02 2.50000000e+01 -2.53014271e+01
 2.35000000e+02 2.50000000e+01 -2.59334032e+01
 2.36000000e+02 2.50000000e+01 -2.68799960e+01
 2.37000000e+02 2.50000000e+01 -2.74855276e+01
 2.38000000e+02 2.50000000e+01 -2.80778321e+01
 2.39000000e+02 2.50000000e+01 -2.86571194e+01
 2.40000000e+02 2.50000000e+01 -2.92235995e+01
 2.41000000e+02 2.50000000e+01 -2.97774825e+01
 2.42000000e+02 2.50000000e+01 -3.03189783e+01
 2.43000000e+02 2.50000000e+01 -3.08482969e+01
 2.44000000e+02 2.50000000e+01 -3.13656483e+01
 2.45000000e+02 2.50000000e+01 -3.18712426e+01
 2.46000000e+02 2.50000000e+01 -3.23652896e+01
 2.47000000e+02 2.50000000e+01 -3.28479994e+01
 2.48000000e+02 2.50000000e+01 -3.33195821e+01
 2.49000000e+02 2.50000000e+01 -3.37802475e+01
 2.50000000e+02 2.50000000e+01 -3.42302057e+01
 2.51000000e+02 2.50000000e+01 -3.46696666e+01
 2.52000000e+02 2.50000000e+01 -3.50988403e+01
 2.53000000e+02 2.50000000e+01 -3.55179368e+01
 2.54000000e+02 2.50000000e+01 -3.59271661e+01
 2.55000000e+02 2.50000000e+01 -3.63267380e+01
 2.56000000e+02 2.50000000e+01 -3.67168627e+01
 2.57000000e+02 2.50000000e+01 -3.70977502e+01
 2.58000000e+02 2.50000000e+01 -3.74696103e+01
 2.59000000e+02 2.50000000e+01 -3.78326532e+01
 2.60000000e+02 2.50000000e+01 -3.81870888e+01
 2.61000000e+02 2.50000000e+01 -3.85331271e+01
 2.62000000e+02 2.50000000e+01 -3.88709781e+01
 2.63000000e+02 2.50000000e+01 -3.92008518e+01
 2.64000000e+02 2.50000000e+01 -3.95229582e+01
 2.65000000e+02 2.50000000e+01 -3.98375073e+01
 2.66000000e+02 2.50000000e+01 -4.01447090e+01
 2.67000000e+02 2.50000000e+01 -4.04447734e+01
 2.68000000e+02 2.50000000e+01 -4.07379105e+01
 2.69000000e+02 2.50000000e+01 -4.10243302e+01
 2.70000000e+02 2.50000000e+01 -4.13042426e+01
 2.71000000e+02 2.50000000e+01 -4.15778576e+01
 2.72000000e+02 2.50000000e+01 -4.18453852e+01
 2.73000000e+02 2.50000000e+01 -4.21070355e+01
 2.74000000e+02 2.50000000e+01 -4.23630184e+01
 2.75000000e+02 2.50000000e+01 -4.26135439e+01
 2.76000000e+02 2.50000000e+01 -4.28588220e+01
 2.77000000e+02 2.50000000e+01 -4.30990628e+01
 2.78000000e+02 2.50000000e+01 -4.33344761e+01
 2.79000000e+02 2.50000000e+01 -4.35652720e+01
 2.80000000e+02 2.50000000e+01 -4.37916605e+01
 2.81000000e+02 2.50000000e+01 -4.40138516e+01
 2.82000000e+02 2.50000000e+01 -4.42320552e+01
 2.83000000e+02 2.50000000e+01 -4.44464814e+01
 2.84000000e+02 2.50000000e+01 -4.46573402e+01
 2.85000000e+02 2.50000000e+01 -4.48648415e+01
 2.86000000e+02 2.50000000e+01 -4.50691954e+01
 2.87000000e+02 2.50000000e+01 -4.52706118e+01
 2.88000000e+02 2.50000000e+01 -4.54693007e+01
 2.89000000e+02 2.50000000e+01 -4.56654722e+01
 2.90000000e+02 2.50000000e+01 -4.58593362e+01
 2.91000000e+02 2.50000000e+01 -4.60511027e+01
 2.92000000e+02 2.50000000e+01 -4.62409817e+01
 2.93000000e+02 2.50000000e+01 -4.64291832e+01
 2.94000000e+02 2.50000000e+01 -4.64943072e+01
 2.95000000e+02 2.50000000e+01 -4.66796747e+01
 2.96000000e+02 2.50000000e+01 -4.68636615e+01
 2.97000000e+02 2.50000000e+01 -4.70462422e+01
 2.98000000e+02 2.50000000e+01 -4.72273916e+01
 2.99000000e+02 2.50000000e+01 -4.74070845e+01
 3.00000000e+02 2.50000000e+01 -4.75852956e+01
 3.01000000e+02 2.50000000e+01 -4.77619996e+01
 3.02000000e+02 2.50000000e+01 -4.79371713e+01
 3.03000000e+02 2.50000000e+01 -4.81107854e+01
 3.04000000e+02 2.50000000e+01 -4.82828167e+01
 3.05000000e+02 2.50000000e+01 -4.84532399e+01
 3.06000000e+02 2.50000000e+01 -4.86220298e+01
 3.07000000e+02 2.50000000e+01 -4.87891611e+01
 3.08000000e+02 2.50000000e+01 -4.89546085e+01
 3.09000000e+02 2.50000000e+01 -4.91183468e+01
 3.10000000e+02 2.50000000e+01 -4.92803508e+01
 3.11000000e+02 2.50000000e+01 -4.94405952e+01
 3.12000000e+02 2.50000000e+01 -4.95990547e+01
 3.13000000e+02 2.50000000e+01 -4.97557041e+01
 3.14000000e+02 2.50000000e+01 -4.99105181e+01
 3.15000000e+02 2.50000000e+01 -5.00634715e+01
 3.16000000e+02 2.50000000e+01 -5.02145389e+01
 3.17000000e+02 2.50000000e+01 -5.03636953e+01
 3.18000000e+02 2.50000000e+01 -5.05109153e+01
 3.19000000e+02 2.50000000e+01 -5.06561736e+01
 3.20000000e+02 2.50000000e+01 -5.07994450e+01
 3.21000000e+02 2.50000000e+01 -5.09407042e+01
 3.22000000e+02 2.50000000e+01 -5.10799260e+01
 3.23000000e+02 2.50000000e+01 -5.12170852e+01
 3.24000000e+02 2.50000000e+01 -5.13521564e+01
 3.25000000e+02 2.50000000e+01 -5.14851145e+01
 3.26000000e+02 2.50000000e+01 -5.16159341e+01
 3.27000000e+02 2.50000000e+01 -5.17445900e+01
 3.28000000e+02 2.50000000e+01 -5.18710570e+01
 3.29000000e+02 2.50000000e+01 -5.19953098e+01
 3.30000000e+02 2.50000000e+01 -5.21173231e+01
 3.31000000e+02 2.50000000e+01 -5.22370717e+01
 3.32000000e+02 2.50000000e+01 -5.23545304e+01
 3.33000000e+02 2.50000000e+01 -5.24696738e+01
 3.34000000e+02 2.50000000e+01 -5.25824768e+01
 3.35000000e+02 2.50000000e+01 -5.26929140e+01
 3.36000000e+02 2.50000000e+01 -5.28009603e+01
 3.37000000e+02 2.50000000e+01 -5.29065903e+01
 3.38000000e+02 2.50000000e+01 -5.30097788e+01
 3.39000000e+02 2.50000000e+01 -5.31105006e+01
 3.40000000e+02 2.50000000e+01 -5.32087304e+01
 3.41000000e+02 2.50000000e+01 -5.33044429e+01
 3.42000000e+02 2.50000000e+01 -5.33976129e+01
 3.43000000e+02 2.50000000e+01 -5.34882151e+01
 3.44000000e+02 2.50000000e+01 -5.35762243e+01
 3.45000000e+02 2.50000000e+01 -5.36616152e+01
 3.46000000e+02 2.50000000e+01 -5.37443626e+01
 3.47000000e+02 2.50000000e+01 -5.38244412e+01
 3.48000000e+02 2.50000000e+01 -5.39018258e+01
 3.49000000e+02 2.50000000e+01 -5.39764910e+01
 3.50000000e+02 2.50000000e+01 -5.40484118e+01
 3.51000000e+02 2.50000000e+01 -5.41175627e+01
 3.52000000e+02 2.50000000e+01 -5.42028156e+01
 3.53000000e+02 2.50000000e+01 -5.42663207e+01
 3.54000000e+02 2.50000000e+01 -5.43269103e+01
 3.55000000e+02 2.50000000e+01 -5.43845123e+01
 3.56000000e+02 2.50000000e+01 -5.44390549e+01
 3.57000000e+02 2.50000000e+01 -5.44904660e+01
 3.58000000e+02 2.50000000e+01 -5.45386737e+01
 3.59000000e+02 2.50000000e+01 -5.45836062e+01
 3.60000000e+02 2.50000000e+01 -5.46251914e+01
 3.61000000e+02 2.50000000e+01 -5.46633575e+01
 3.62000000e+02 2.50000000e+01 -5.46980324e+01
 3.63000000e+02 2.50000000e+01 -5.47291442e+01
 3.64000000e+02 2.50000000e+01 -5.47566211e+01
 3.65000000e+02 2.50000000e+01 -5.47803910e+01
 3.66000000e+02 2.50000000e+01 -5.48003821e+01
 3.67000000e+02 2.50000000e+01 -5.48165223e+01
 3.68000000e+02 2.50000000e+01 -5.48287398e+01
 3.69000000e+02 2.50000000e+01 -5.48369625e+01
 3.70000000e+02 2.50000000e+01 -5.48411187e+01
 3.71000000e+02 2.50000000e+01 -5.48411362e+01
 3.72000000e+02 2.50000000e+01 -5.48369432e+01
 3.73000000e+02 2.50000000e+01 -5.48284678e+01
 3.74000000e+02 2.50000000e+01 -5.48156380e+01
 3.75000000e+02 2.50000000e+01 -5.47983818e+01
 3.76000000e+02 2.50000000e+01 -5.47766274e+01
 3.77000000e+02 2.50000000e+01 -5.47503027e+01
 3.78000000e+02 2.50000000e+01 -5.47193359e+01
 3.79000000e+02 2.50000000e+01 -5.46836550e+01
 3.80000000e+02 2.50000000e+01 -5.46431880e+01
 3.81000000e+02 2.50000000e+01 -5.45978631e+01
 3.82000000e+02 2.50000000e+01 -5.45476082e+01
 3.83000000e+02 2.50000000e+01 -5.44923515e+01
 3.84000000e+02 2.50000000e+01 -5.44320210e+01
 3.85000000e+02 2.50000000e+01 -5.43665447e+01
 3.86000000e+02 2.50000000e+01 -5.42958508e+01
 3.87000000e+02 2.50000000e+01 -5.42198673e+01
 3.88000000e+02 2.50000000e+01 -5.41385222e+01
 3.89000000e+02 2.50000000e+01 -5.40517436e+01
 3.90000000e+02 2.50000000e+01 -5.39594595e+01
 3.91000000e+02 2.50000000e+01 -5.38615981e+01
 3.92000000e+02 2.50000000e+01 -5.37580874e+01
 3.93000000e+02 2.50000000e+01 -5.36488554e+01
 3.94000000e+02 2.50000000e+01 -5.35338302e+01
 3.95000000e+02 2.50000000e+01 -5.34129399e+01
 3.96000000e+02 2.50000000e+01 -5.32861125e+01
 3.97000000e+02 2.50000000e+01 -5.31532760e+01
 3.98000000e+02 2.50000000e+01 -5.30143587e+01
 3.99000000e+02 2.50000000e+01 -5.28692884e+01
 4.00000000e+02 2.50000000e+01 -5.27179933e+01
 4.01000000e+02 2.50000000e+01 -5.25604014e+01
 4.02000000e+02 2.50000000e+01 -5.23964408e+01
 4.03000000e+02 2.50000000e+01 -5.22260395e+01
 4.04000000e+02 2.50000000e+01 -5.20491256e+01
 4.05000000e+02 2.50000000e+01 -5.18656272e+01
 4.06000000e+02 2.50000000e+01 -5.16754724e+01
 4.07000000e+02 2.50000000e+01 -5.14785891e+01
 4.08000000e+02 2.50000000e+01 -5.12749054e+01
 4.09000000e+02 2.50000000e+01 -5.10643495e+01
 4.10000000e+02 2.50000000e+01 -5.10977971e+01
 4.11000000e+02 2.50000000e+01 -5.08733233e+01
 4.12000000e+02 2.50000000e+01 -5.06418567e+01
 4.13000000e+02 2.50000000e+01 -5.04033852e+01
 4.14000000e+02 2.50000000e+01 -5.01578972e+01
 4.15000000e+02 2.50000000e+01 -4.99053808e+01
 4.16000000e+02 2.50000000e+01 -4.96458242e+01
 4.17000000e+02 2.50000000e+01 -4.93792155e+01
 4.18000000e+02 2.50000000e+01 -4.91055430e+01
 4.19000000e+02 2.50000000e+01 -4.88247947e+01
 4.20000000e+02 2.50000000e+01 -4.85369590e+01
 4.21000000e+02 2.50000000e+01 -4.82420238e+01
 4.22000000e+02 2.50000000e+01 -4.79399776e+01
 4.23000000e+02 2.50000000e+01 -4.76308083e+01
 4.24000000e+02 2.50000000e+01 -4.73145042e+01
 4.25000000e+02 2.50000000e+01 -4.69910535e+01
 4.26000000e+02 2.50000000e+01 -4.66604443e+01
 4.27000000e+02 2.50000000e+01 -4.63226649e+01
 4.28000000e+02 2.50000000e+01 -4.59777033e+01
 4.29000000e+02 2.50000000e+01 -4.56255478e+01
 4.30000000e+02 2.50000000e+01 -4.52661866e+01
 4.31000000e+02 2.50000000e+01 -4.48996078e+01
 4.32000000e+02 2.50000000e+01 -4.45257995e+01
 4.33000000e+02 2.50000000e+01 -4.41447501e+01
 4.34000000e+02 2.50000000e+01 -4.37564476e+01
 4.35000000e+02 2.50000000e+01 -4.33608802e+01
 4.36000000e+02 2.50000000e+01 -4.29580362e+01
 4.37000000e+02 2.50000000e+01 -4.25479036e+01
 4.38000000e+02 2.50000000e+01 -4.21304707e+01
 4.39000000e+02 2.50000000e+01 -4.17057256e+01
 4.40000000e+02 2.50000000e+01 -4.12736566e+01
 4.41000000e+02 2.50000000e+01 -4.08342517e+01
 4.42000000e+02 2.50000000e+01 -4.03874992e+01
 4.43000000e+02 2.50000000e+01 -3.99333872e+01
 4.44000000e+02 2.50000000e+01 -3.94719040e+01
 4.45000000e+02 2.50000000e+01 -3.90030376e+01
 4.46000000e+02 2.50000000e+01 -3.85267764e+01
 4.47000000e+02 2.50000000e+01 -3.80431083e+01
 4.48000000e+02 2.50000000e+01 -3.75520217e+01
 4.49000000e+02 2.50000000e+01 -3.70535047e+01
 4.50000000e+02 2.50000000e+01 -3.65475455e+01
 4.51000000e+02 2.50000000e+01 -3.60341323e+01
 4.52000000e+02 2.50000000e+01 -3.55132531e+01
 4.53000000e+02 2.50000000e+01 -3.49848963e+01
 4.54000000e+02 2.50000000e+01 -3.44490500e+01
 4.55000000e+02 2.50000000e+01 -3.39057023e+01
 4.56000000e+02 2.50000000e+01 -3.33548415e+01
 4.57000000e+02 2.50000000e+01 -3.27964557e+01
 4.58000000e+02 2.50000000e+01 -3.22305330e+01
 4.59000000e+02 2.50000000e+01 -3.16570618e+01
 4.60000000e+02 2.50000000e+01 -3.10760301e+01
 4.61000000e+02 2.50000000e+01 -3.04874261e+01
 4.62000000e+02 2.50000000e+01 -2.98912380e+01
 4.63000000e+02 2.50000000e+01 -2.92874540e+01
 4.64000000e+02 2.50000000e+01 -2.86760622e+01
 4.65000000e+02 2.50000000e+01 -2.80570509e+01
 4.66000000e+02 2.50000000e+01 -2.74304081e+01
 4.67000000e+02 2.50000000e+01 -2.67961222e+01
 4.68000000e+02 2.50000000e+01 -2.60852177e+01
 4.69000000e+02 2.50000000e+01 -2.54360012e+01
 4.70000000e+02 2.50000000e+01 -2.47800017e+01
 4.71000000e+02 2.50000000e+01 -2.41177447e+01
 4.72000000e+02 2.50000000e+01 -2.34497556e+01
 4.73000000e+02 2.50000000e+01 -2.27765601e+01
 4.74000000e+02 2.50000000e+01 -2.20986836e+01
 4.75000000e+02 2.50000000e+01 -2.14166518e+01
 4.76000000e+02 2.50000000e+01 -2.07309901e+01
 4.77000000e+02 2.50000000e+01 -2.00422242e+01
 4.78000000e+02 2.50000000e+01 -1.93508794e+01
 4.79000000e+02 2.50000000e+01 -1.86574815e+01
 4.80000000e+02 2.50000000e+01 -1.79625558e+01
 4.81000000e+02 2.50000000e+01 -1.72666280e+01
 4.82000000e+02 2.50000000e+01 -1.65702236e+01
 4.83000000e+02 2.50000000e+01 -1.58738682e+01
 4.84000000e+02 2.50000000e+01 -1.51780872e+01
 4.85000000e+02 2.50000000e+01 -1.44834062e+01
 4.86000000e+02 2.50000000e+01 -1.37903508e+01
 4.87000000e+02 2.50000000e+01 -1.30994465e+01
 4.88000000e+02 2.50000000e+01 -1.24112188e+01
 4.89000000e+02 2.50000000e+01 -1.17261934e+01
 4.90000000e+02 2.50000000e+01 -1.10448956e+01
 4.91000000e+02 2.50000000e+01 -1.03678510e+01
 4.92000000e+02 2.50000000e+01 -9.69558532e+00
 4.93000000e+02 2.50000000e+01 -9.02862393e+00
 4.94000000e+02 2.50000000e+01 -8.36749241e+00
 4.95000000e+02 2.50000000e+01 -7.71271631e+00
 4.96000000e+02 2.50000000e+01 -7.06482116e+00
 4.97000000e+02 2.50000000e+01 -6.42433251e+00
 4.98000000e+02 2.50000000e+01 -5.79177590e+00
 4.99000000e+02 2.50000000e+01 -5.16767686e+00
 5.00000000e+02 2.50000000e+01 -4.55256093e+00
 5.01000000e+02 2.50000000e+01 -3.94695366e+00
 5.02000000e+02 2.50000000e+01 -3.35138059e+00
 5.03000000e+02 2.50000000e+01 -2.76636725e+00
 5.04000000e+02 2.50000000e+01 -2.19243919e+00
 5.05000000e+02 2.50000000e+01 -1.63012194e+00
 5.06000000e+02 2.50000000e+01 -1.07994105e+00
 5.07000000e+02 2.50000000e+01 -5.42422047e-01
 5.08000000e+02 2.50000000e+01 -1.80904821e-02
 5.09000000e+02 2.50000000e+01 4.92528108e-01
 5.10000000e+02 2.50000000e+01 9.88908183e-01
 5.11000000e+02 2.50000000e+01 1.47052420e+00
 5.12000000e+02 2.50000000e+01 1.93685063e+00
 5.13000000e+02 2.50000000e+01 2.38736192e+00
 5.14000000e+02 2.50000000e+01 2.82153254e+00
 5.15000000e+02 2.50000000e+01 3.23883695e+00
 5.16000000e+02 2.50000000e+01 3.63874960e+00
 5.17000000e+02 2.50000000e+01 4.02074495e+00
 5.18000000e+02 2.50000000e+01 4.38429747e+00
 5.19000000e+02 2.50000000e+01 4.72888162e+00
 5.20000000e+02 2.50000000e+01 5.05397186e+00
 5.21000000e+02 2.50000000e+01 5.35904264e+00
 5.22000000e+02 2.50000000e+01 5.64356843e+00
 5.23000000e+02 2.50000000e+01 5.90702368e+00
 5.24000000e+02 2.50000000e+01 6.14888286e+00
 5.25000000e+02 2.50000000e+01 6.36862043e+00
 5.26000000e+02 2.50000000e+01 5.97159337e+00
 5.27000000e+02 2.50000000e+01 6.14645648e+00
 5.28000000e+02 2.50000000e+01 6.29961042e+00
 5.29000000e+02 2.50000000e+01 6.43166625e+00
 5.30000000e+02 2.50000000e+01 6.54323503e+00
 5.31000000e+02 2.50000000e+01 6.63492783e+00
 5.32000000e+02 2.50000000e+01 6.70735571e+00
 5.33000000e+02 2.50000000e+01 6.76112973e+00
 5.34000000e+02 2.50000000e+01 6.79686096e+00
 5.35000000e+02 2.50000000e+01 6.81516047e+00
 5.36000000e+02 2.50000000e+01 6.81663931e+00
 5.37000000e+02 2.50000000e+01 6.80190855e+00
 5.38000000e+02 2.50000000e+01 6.77157926e+00
 5.39000000e+02 2.50000000e+01 6.72626249e+00
 5.40000000e+02 2.50000000e+01 6.66656932e+00
 5.41000000e+02 2.50000000e+01 6.59311081e+00
 5.42000000e+02 2.50000000e+01 6.50649801e+00
 5.43000000e+02 2.50000000e+01 6.40734200e+00
 5.44000000e+02 2.50000000e+01 6.29625384e+00
 5.45000000e+02 2.50000000e+01 6.17384460e+00
 5.46000000e+02 2.50000000e+01 6.04072533e+00
 5.47000000e+02 2.50000000e+01 5.89750710e+00
 5.48000000e+02 2.50000000e+01 5.74480097e+00
 5.49000000e+02 2.50000000e+01 5.58321802e+00
 5.50000000e+02 2.50000000e+01 5.41336929e+00
 5.51000000e+02 2.50000000e+01 5.23586587e+00
 5.52000000e+02 2.50000000e+01 5.05131880e+00
 5.53000000e+02 2.50000000e+01 4.86033916e+00
 5.54000000e+02 2.50000000e+01 4.66353801e+00
 5.55000000e+02 2.50000000e+01 4.46152641e+00
 5.56000000e+02 2.50000000e+01 4.25491543e+00
 5.57000000e+02 2.50000000e+01 4.04431613e+00
 5.58000000e+02 2.50000000e+01 3.83033958e+00
 5.59000000e+02 2.50000000e+01 3.61359683e+00
 5.60000000e+02 2.50000000e+01 3.39469896e+00
 5.61000000e+02 2.50000000e+01 3.17425703e+00
 5.62000000e+02 2.50000000e+01 2.95288209e+00
 5.63000000e+02 2.50000000e+01 2.73118522e+00
 5.64000000e+02 2.50000000e+01 2.50977748e+00
 5.65000000e+02 2.50000000e+01 2.28926993e+00
 5.66000000e+02 2.50000000e+01 2.07027364e+00
 5.67000000e+02 2.50000000e+01 1.85339967e+00
 5.68000000e+02 2.50000000e+01 1.63925909e+00
 5.69000000e+02 2.50000000e+01 1.42846296e+00
 5.70000000e+02 2.50000000e+01 1.22162233e+00
 5.71000000e+02 2.50000000e+01 1.01934829e+00
 5.72000000e+02 2.50000000e+01 8.22251887e-01
 5.73000000e+02 2.50000000e+01 6.30944189e-01
 5.74000000e+02 2.50000000e+01 4.46036260e-01
 5.75000000e+02 2.50000000e+01 2.68139165e-01
 5.76000000e+02 2.50000000e+01 9.78639664e-02
 5.77000000e+02 2.50000000e+01 -6.41782707e-02
 5.78000000e+02 2.50000000e+01 -2.17376482e-01
 5.79000000e+02 2.50000000e+01 -3.61119605e-01
 5.80000000e+02 2.50000000e+01 -4.94796574e-01
 5.81000000e+02 2.50000000e+01 -6.17796326e-01
 5.82000000e+02 2.50000000e+01 -7.29507797e-01
 5.83000000e+02 2.50000000e+01 -8.29319922e-01
 5.84000000e+02 2.50000000e+01 -3.68148824e-01
 5.85000000e+02 2.50000000e+01 -4.43261416e-01
 5.86000000e+02 2.50000000e+01 -5.06449115e-01
 5.87000000e+02 2.50000000e+01 -5.58086841e-01
 5.88000000e+02 2.50000000e+01 -5.98549517e-01
 5.89000000e+02 2.50000000e+01 -6.28212065e-01
 5.90000000e+02 2.50000000e+01 -6.47449408e-01
 5.91000000e+02 2.50000000e+01 -6.56636468e-01
 5.92000000e+02 2.50000000e+01 -6.56148168e-01
 5.93000000e+02 2.50000000e+01 -6.46359429e-01
 5.94000000e+02 2.50000000e+01 -6.27645175e-01
 5.95000000e+02 2.50000000e+01 -6.00380327e-01
 5.96000000e+02 2.50000000e+01 -5.64939807e-01
 5.97000000e+02 2.50000000e+01 -5.21698539e-01
 5.98000000e+02 2.50000000e+01 -4.71031445e-01
 5.99000000e+02 2.50000000e+01 -4.13313446e-01
 6.00000000e+02 2.50000000e+01 -3.48919465e-01
 6.01000000e+02 2.50000000e+01 -2.78224425e-01
 6.02000000e+02 2.50000000e+01 -2.01603248e-01
 6.03000000e+02 2.50000000e+01 -1.19430856e-01
 6.04000000e+02 2.50000000e+01 -3.20821716e-02
 6.05000000e+02 2.50000000e+01 6.00678828e-02
 6.06000000e+02 2.50000000e+01 1.56644385e-01
 6.07000000e+02 2.50000000e+01 2.57272412e-01
 6.08000000e+02 2.50000000e+01 3.61577043e-01
 6.09000000e+02 2.50000000e+01 4.69183354e-01
 6.10000000e+02 2.50000000e+01 5.79716424e-01
 6.11000000e+02 2.50000000e+01 6.92801329e-01
 6.12000000e+02 2.50000000e+01 8.08063149e-01
 6.13000000e+02 2.50000000e+01 9.25126959e-01
 6.14000000e+02 2.50000000e+01 1.04361784e+00
 6.15000000e+02 2.50000000e+01 1.16316086e+00
 6.16000000e+02 2.50000000e+01 1.28338111e+00
 6.17000000e+02 2.50000000e+01 1.40390367e+00
 6.18000000e+02 2.50000000e+01 1.52435360e+00
 6.19000000e+02 2.50000000e+01 1.64435599e+00
 6.20000000e+02 2.50000000e+01 1.76353591e+00
 6.21000000e+02 2.50000000e+01 1.88151845e+00
 6.22000000e+02 2.50000000e+01 1.99792867e+00
 6.23000000e+02 2.50000000e+01 2.11239167e+00
 6.24000000e+02 2.50000000e+01 2.22453251e+00
 6.25000000e+02 2.50000000e+01 2.33397627e+00
 6.26000000e+02 2.50000000e+01 2.44034803e+00
 6.27000000e+02 2.50000000e+01 2.54327288e+00
 6.28000000e+02 2.50000000e+01 2.64237587e+00
 6.29000000e+02 2.50000000e+01 2.73728211e+00
 6.30000000e+02 2.50000000e+01 2.82761665e+00
 6.31000000e+02 2.50000000e+01 2.91300458e+00
 6.32000000e+02 2.50000000e+01 2.99307098e+00
 6.33000000e+02 2.50000000e+01 3.06744092e+00
 6.34000000e+02 2.50000000e+01 3.13573949e+00
 6.35000000e+02 2.50000000e+01 3.19759175e+00
 6.36000000e+02 2.50000000e+01 3.25262280e+00
 6.37000000e+02 2.50000000e+01 3.30045769e+00
 6.38000000e+02 2.50000000e+01 3.34072152e+00
 6.39000000e+02 2.50000000e+01 3.37303936e+00
 6.40000000e+02 2.50000000e+01 3.39703629e+00
 6.41000000e+02 2.50000000e+01 3.41233738e+00
 6.42000000e+02 2.50000000e+01 3.23964119e+00
 6.43000000e+02 2.50000000e+01 3.23727966e+00
 6.44000000e+02 2.50000000e+01 3.22664911e+00
 6.45000000e+02 2.50000000e+01 3.20818416e+00
 6.46000000e+02 2.50000000e+01 3.18231941e+00
 6.47000000e+02 2.50000000e+01 3.14948947e+00
 6.48000000e+02 2.50000000e+01 3.11012893e+00
 6.49000000e+02 2.50000000e+01 3.06467241e+00
 6.50000000e+02 2.50000000e+01 3.01355451e+00
 6.51000000e+02 2.50000000e+01 2.95720982e+00
 6.52000000e+02 2.50000000e+01 2.89607297e+00
 6.53000000e+02 2.50000000e+01 2.83057854e+00
 6.54000000e+02 2.50000000e+01 2.76116115e+00
 6.55000000e+02 2.50000000e+01 2.68825539e+00
 6.56000000e+02 2.50000000e+01 2.61229588e+00
 6.57000000e+02 2.50000000e+01 2.53371722e+00
 6.58000000e+02 2.50000000e+01 2.45295401e+00
 6.59000000e+02 2.50000000e+01 2.37044086e+00
 6.60000000e+02 2.50000000e+01 2.28661236e+00
 6.61000000e+02 2.50000000e+01 2.20190313e+00
 6.62000000e+02 2.50000000e+01 2.11674777e+00
 6.63000000e+02 2.50000000e+01 2.03158089e+00
 6.64000000e+02 2.50000000e+01 1.94683708e+00
 6.65000000e+02 2.50000000e+01 1.86295095e+00
 6.66000000e+02 2.50000000e+01 1.78035711e+00
 6.67000000e+02 2.50000000e+01 1.69949016e+00
 6.68000000e+02 2.50000000e+01 1.62078470e+00
 6.69000000e+02 2.50000000e+01 1.54467535e+00
 6.70000000e+02 2.50000000e+01 1.47159669e+00
 6.71000000e+02 2.50000000e+01 1.40198335e+00
 6.72000000e+02 2.50000000e+01 1.33626991e+00
 6.73000000e+02 2.50000000e+01 1.27489100e+00
 6.74000000e+02 2.50000000e+01 1.21828120e+00
 6.75000000e+02 2.50000000e+01 1.16687513e+00
 6.76000000e+02 2.50000000e+01 1.12110738e+00
 6.77000000e+02 2.50000000e+01 1.08141258e+00
 6.78000000e+02 2.50000000e+01 1.04822530e+00
 6.79000000e+02 2.50000000e+01 1.02198017e+00
 6.80000000e+02 2.50000000e+01 1.00311179e+00
 6.81000000e+02 2.50000000e+01 9.92054760e-01
 6.82000000e+02 2.50000000e+01 9.89243682e-01
 6.83000000e+02 2.50000000e+01 9.95113164e-01
 6.84000000e+02 2.50000000e+01 1.01009781e+00
 6.85000000e+02 2.50000000e+01 1.03463222e+00
 6.86000000e+02 2.50000000e+01 1.06915101e+00
 6.87000000e+02 2.50000000e+01 1.11408877e+00
 6.88000000e+02 2.50000000e+01 1.16988011e+00
 6.89000000e+02 2.50000000e+01 1.23695964e+00
 6.90000000e+02 2.50000000e+01 1.31576196e+00
 6.91000000e+02 2.50000000e+01 1.40672167e+00
 6.92000000e+02 2.50000000e+01 1.51027338e+00
 6.93000000e+02 2.50000000e+01 1.62685169e+00
 6.94000000e+02 2.50000000e+01 1.75689121e+00
 6.95000000e+02 2.50000000e+01 1.90082653e+00
 6.96000000e+02 2.50000000e+01 2.05909228e+00
 6.97000000e+02 2.50000000e+01 2.23212304e+00
 6.98000000e+02 2.50000000e+01 2.42035343e+00
 6.99000000e+02 2.50000000e+01 2.62421804e+00
