 2.00000000e+00 2.70000000e+01 7.00938526e+00
 3.00000000e+00 2.70000000e+01 7.09711103e+00
 4.00000000e+00 2.70000000e+01 7.17788643e+00
 5.00000000e+00 2.70000000e+01 7.25189336e+00
 6.00000000e+00 2.70000000e+01 7.31931374e+00
 7.00000000e+00 2.70000000e+01 7.38032946e+00
 8.00000000e+00 2.70000000e+01 7.43512245e+00
 9.00000000e+00 2.70000000e+01 7.48387461e+00
 1.00000000e+01 2.70000000e+01 7.52676784e+00
 1.10000000e+01 2.70000000e+01 7.56398407e+00
 1.20000000e+01 2.70000000e+01 7.59570520e+00
 1.30000000e+01 2.70000000e+01 7.62211314e+00
 1.40000000e+01 2.70000000e+01 7.64338980e+00
 1.50000000e+01 2.70000000e+01 7.65971709e+00
 1.60000000e+01 2.70000000e+01 7.67127692e+00
 1.70000000e+01 2.70000000e+01 7.67825119e+00
 1.80000000e+01 2.70000000e+01 7.68082183e+00
 1.90000000e+01 2.70000000e+01 7.67917073e+00
 2.00000000e+01 2.70000000e+01 7.67347980e+00
 2.10000000e+01 2.70000000e+01 7.66393097e+00
 2.20000000e+01 2.70000000e+01 7.65070613e+00
 2.30000000e+01 2.70000000e+01 7.63398720e+00
 2.40000000e+01 2.70000000e+01 7.61395608e+00
 2.50000000e+01 2.70000000e+01 7.59079469e+00
 2.60000000e+01 2.70000000e+01 7.56468494e+00
 2.70000000e+01 2.70000000e+01 7.53580873e+00
 2.80000000e+01 2.70000000e+01 7.50434797e+00
 2.90000000e+01 2.70000000e+01 7.47048458e+00
 3.00000000e+01 2.70000000e+01 7.43440046e+00
 3.10000000e+01 2.70000000e+01 7.39627753e+00
 3.20000000e+01 2.70000000e+01 7.35629769e+00
 3.30000000e+01 2.70000000e+01 7.31464285e+00
 3.40000000e+01 2.70000000e+01 7.27149492e+00
 3.50000000e+01 2.70000000e+01 7.22703582e+00
 3.60000000e+01 2.70000000e+01 7.18144745e+00
 3.70000000e+01 2.70000000e+01 7.13491172e+00
 3.80000000e+01 2.70000000e+01 7.08761054e+00
 3.90000000e+01 2.70000000e+01 7.03972582e+00
 4.00000000e+01 2.70000000e+01 6.99143947e+00
 4.10000000e+01 2.70000000e+01 6.94293340e+00
 4.20000000e+01 2.70000000e+01 6.89438952e+00
 4.30000000e+01 2.70000000e+01 6.84598974e+00
 4.40000000e+01 2.70000000e+01 6.79791597e+00
 4.50000000e+01 2.70000000e+01 6.75035012e+00
 4.60000000e+01 2.70000000e+01 6.70347410e+00
 4.70000000e+01 2.70000000e+01 6.65746981e+00
 4.80000000e+01 2.70000000e+01 6.61251917e+00
 4.90000000e+01 2.70000000e+01 6.56880409e+00
 5.00000000e+01 2.70000000e+01 6.52650648e+00
 5.10000000e+01 2.70000000e+01 6.48580824e+00
 5.20000000e+01 2.70000000e+01 6.44689129e+00
 5.30000000e+01 2.70000000e+01 6.40993753e+00
 5.40000000e+01 2.70000000e+01 6.37512888e+00
 5.50000000e+01 2.70000000e+01 6.34264725e+00
 5.60000000e+01 2.70000000e+01 6.31267453e+00
 5.70000000e+01 2.70000000e+01 6.28539266e+00
 5.80000000e+01 2.70000000e+01 6.26098353e+00
 5.90000000e+01 2.70000000e+01 6.23962905e+00
 6.00000000e+01 2.70000000e+01 6.19965228e+00
 6.10000000e+01 2.70000000e+01 6.18489647e+00
 6.20000000e+01 2.70000000e+01 6.17342450e+00
 6.30000000e+01 2.70000000e+01 6.16510176e+00
 6.40000000e+01 2.70000000e+01 6.15979360e+00
 6.50000000e+01 2.70000000e+01 6.15736540e+00
 6.60000000e+01 2.70000000e+01 6.15768254e+00
 6.70000000e+01 2.70000000e+01 6.16061038e+00
 6.80000000e+01 2.70000000e+01 6.16601429e+00
 6.90000000e+01 2.70000000e+01 6.17375966e+00
 7.00000000e+01 2.70000000e+01 6.18371184e+00
 7.10000000e+01 2.70000000e+01 6.19573622e+00
 7.20000000e+01 2.70000000e+01 6.20969816e+00
 7.30000000e+01 2.70000000e+01 6.22546303e+00
 7.40000000e+01 2.70000000e+01 6.24289622e+00
 7.50000000e+01 2.70000000e+01 6.26186308e+00
 7.60000000e+01 2.70000000e+01 6.28222900e+00
 7.70000000e+01 2.70000000e+01 6.30385933e+00
 7.80000000e+01 2.70000000e+01 6.32661947e+00
 7.90000000e+01 2.70000000e+01 6.35037477e+00
 8.00000000e+01 2.70000000e+01 6.37499060e+00
 8.10000000e+01 2.70000000e+01 6.40033235e+00
 8.20000000e+01 2.70000000e+01 6.42626539e+00
 8.30000000e+01 2.70000000e+01 6.45265507e+00
 8.40000000e+01 2.70000000e+01 6.47936679e+00
 8.50000000e+01 2.70000000e+01 6.50626590e+00
 8.60000000e+01 2.70000000e+01 6.53321778e+00
 8.70000000e+01 2.70000000e+01 6.56008781e+00
 8.80000000e+01 2.70000000e+01 6.58674134e+00
 8.90000000e+01 2.70000000e+01 6.61304377e+00
 9.00000000e+01 2.70000000e+01 6.63886045e+00
 9.10000000e+01 2.70000000e+01 6.66405676e+00
 9.20000000e+01 2.70000000e+01 6.68849808e+00
 9.30000000e+01 2.70000000e+01 6.71204976e+00
 9.40000000e+01 2.70000000e+01 6.73457720e+00
 9.50000000e+01 2.70000000e+01 6.75594575e+00
 9.60000000e+01 2.70000000e+01 6.77602079e+00
 9.70000000e+01 2.70000000e+01 6.79466769e+00
 9.80000000e+01 2.70000000e+01 6.81175182e+00
 9.90000000e+01 2.70000000e+01 6.82713856e+00
 1.00000000e+02 2.70000000e+01 6.84069327e+00
 1.01000000e+02 2.70000000e+01 6.85228133e+00
 1.02000000e+02 2.70000000e+01 6.86176812e+00
 1.03000000e+02 2.70000000e+01 6.86901899e+00
 1.04000000e+02 2.70000000e+01 6.87389934e+00
 1.05000000e+02 2.70000000e+01 6.87627451e+00
 1.06000000e+02 2.70000000e+01 6.87600990e+00
 1.07000000e+02 2.70000000e+01 6.87297086e+00
 1.08000000e+02 2.70000000e+01 6.86702278e+00
 1.09000000e+02 2.70000000e+01 6.85803102e+00
 1.10000000e+02 2.70000000e+01 6.84586095e+00
 1.11000000e+02 2.70000000e+01 6.83037796e+00
 1.12000000e+02 2.70000000e+01 6.81144740e+00
 1.13000000e+02 2.70000000e+01 6.78893465e+00
 1.14000000e+02 2.70000000e+01 6.76270509e+00
 1.15000000e+02 2.70000000e+01 6.73262408e+00
 1.16000000e+02 2.70000000e+01 6.69855700e+00
 1.17000000e+02 2.70000000e+01 6.66036922e+00
 1.18000000e+02 2.70000000e+01 6.79059308e+00
 1.19000000e+02 2.70000000e+01 6.74382396e+00
 1.20000000e+02 2.70000000e+01 6.69288326e+00
 1.21000000e+02 2.70000000e+01 6.63798935e+00
 1.22000000e+02 2.70000000e+01 6.57936061e+00
 1.23000000e+02 2.70000000e+01 6.51721541e+00
 1.24000000e+02 2.70000000e+01 6.45177213e+00
 1.25000000e+02 2.70000000e+01 6.38324915e+00
 1.26000000e+02 2.70000000e+01 6.31186484e+00
 1.27000000e+02 2.70000000e+01 6.23783757e+00
 1.28000000e+02 2.70000000e+01 6.16138572e+00
 1.29000000e+02 2.70000000e+01 6.08272767e+00
 1.30000000e+02 2.70000000e+01 6.00208179e+00
 1.31000000e+02 2.70000000e+01 5.91966646e+00
 1.32000000e+02 2.70000000e+01 5.83570005e+00
 1.33000000e+02 2.70000000e+01 5.75040093e+00
 1.34000000e+02 2.70000000e+01 5.66398749e+00
 1.35000000e+02 2.70000000e+01 5.57667810e+00
 1.36000000e+02 2.70000000e+01 5.48869113e+00
 1.37000000e+02 2.70000000e+01 5.40024497e+00
 1.38000000e+02 2.70000000e+01 5.31155797e+00
 1.39000000e+02 2.70000000e+01 5.22284853e+00
 1.40000000e+02 2.70000000e+01 5.13433501e+00
 1.41000000e+02 2.70000000e+01 5.04623579e+00
 1.42000000e+02 2.70000000e+01 4.95876925e+00
 1.43000000e+02 2.70000000e+01 4.87215376e+00
 1.44000000e+02 2.70000000e+01 4.78660769e+00
 1.45000000e+02 2.70000000e+01 4.70234943e+00
 1.46000000e+02 2.70000000e+01 4.61959734e+00
 1.47000000e+02 2.70000000e+01 4.53856981e+00
 1.48000000e+02 2.70000000e+01 4.45948521e+00
 1.49000000e+02 2.70000000e+01 4.38256191e+00
 1.50000000e+02 2.70000000e+01 4.30801829e+00
 1.51000000e+02 2.70000000e+01 4.23607272e+00
 1.52000000e+02 2.70000000e+01 4.16694358e+00
 1.53000000e+02 2.70000000e+01 4.10084925e+00
 1.54000000e+02 2.70000000e+01 4.03800810e+00
 1.55000000e+02 2.70000000e+01 3.97863850e+00
 1.56000000e+02 2.70000000e+01 3.92295884e+00
 1.57000000e+02 2.70000000e+01 3.87118748e+00
 1.58000000e+02 2.70000000e+01 3.82354280e+00
 1.59000000e+02 2.70000000e+01 3.78024318e+00
 1.60000000e+02 2.70000000e+01 3.74150700e+00
 1.61000000e+02 2.70000000e+01 3.70755262e+00
 1.62000000e+02 2.70000000e+01 3.67859843e+00
 1.63000000e+02 2.70000000e+01 3.65486279e+00
 1.64000000e+02 2.70000000e+01 3.63656409e+00
 1.65000000e+02 2.70000000e+01 3.62392070e+00
 1.66000000e+02 2.70000000e+01 3.61715099e+00
 1.67000000e+02 2.70000000e+01 3.61647335e+00
 1.68000000e+02 2.70000000e+01 3.62210614e+00
 1.69000000e+02 2.70000000e+01 3.63426774e+00
 1.70000000e+02 2.70000000e+01 3.65317652e+00
 1.71000000e+02 2.70000000e+01 3.67905087e+00
 1.72000000e+02 2.70000000e+01 3.71210916e+00
 1.73000000e+02 2.70000000e+01 3.75256976e+00
 1.74000000e+02 2.70000000e+01 3.80065105e+00
 1.75000000e+02 2.70000000e+01 3.85657140e+00
 1.76000000e+02 2.70000000e+01 3.52340399e+00
 1.77000000e+02 2.70000000e+01 3.59552594e+00
 1.78000000e+02 2.70000000e+01 3.67539432e+00
 1.79000000e+02 2.70000000e+01 3.76247976e+00
 1.80000000e+02 2.70000000e+01 3.85625288e+00
 1.81000000e+02 2.70000000e+01 3.95618431e+00
 1.82000000e+02 2.70000000e+01 4.06174466e+00
 1.83000000e+02 2.70000000e+01 4.17240456e+00
 1.84000000e+02 2.70000000e+01 4.28763462e+00
 1.85000000e+02 2.70000000e+01 4.40690548e+00
 1.86000000e+02 2.70000000e+01 4.52968776e+00
 1.87000000e+02 2.70000000e+01 4.65545207e+00
 1.88000000e+02 2.70000000e+01 4.78366904e+00
 1.89000000e+02 2.70000000e+01 4.91380929e+00
 1.90000000e+02 2.70000000e+01 5.04534344e+00
 1.91000000e+02 2.70000000e+01 5.17774212e+00
 1.92000000e+02 2.70000000e+01 5.31047594e+00
 1.93000000e+02 2.70000000e+01 5.44301553e+00
 1.94000000e+02 2.70000000e+01 5.57483152e+00
 1.95000000e+02 2.70000000e+01 5.70539451e+00
 1.96000000e+02 2.70000000e+01 5.83417515e+00
 1.97000000e+02 2.70000000e+01 5.96064404e+00
 1.98000000e+02 2.70000000e+01 6.08427181e+00
 1.99000000e+02 2.70000000e+01 6.20452908e+00
 2.00000000e+02 2.70000000e+01 6.32088648e+00
 2.01000000e+02 2.70000000e+01 6.43281462e+00
 2.02000000e+02 2.70000000e+01 6.53978413e+00
 2.03000000e+02 2.70000000e+01 6.64126564e+00
 2.04000000e+02 2.70000000e+01 6.73672975e+00
 2.05000000e+02 2.70000000e+01 6.82564710e+00
 2.06000000e+02 2.70000000e+01 6.90748831e+00
 2.07000000e+02 2.70000000e+01 6.98172400e+00
 2.08000000e+02 2.70000000e+01 7.04782478e+00
 2.09000000e+02 2.70000000e+01 7.10526129e+00
 2.10000000e+02 2.70000000e+01 7.15350415e+00
 2.11000000e+02 2.70000000e+01 7.19202397e+00
 2.12000000e+02 2.70000000e+01 7.22029139e+00
 2.13000000e+02 2.70000000e+01 7.23777702e+00
 2.14000000e+02 2.70000000e+01 7.24395148e+00
 2.15000000e+02 2.70000000e+01 7.23828539e+00
 2.16000000e+02 2.70000000e+01 7.22024939e+00
 2.17000000e+02 2.70000000e+01 7.18931408e+00
 2.18000000e+02 2.70000000e+01 7.14495010e+00
 2.19000000e+02 2.70000000e+01 7.08662807e+00
 2.20000000e+02 2.70000000e+01 7.01381860e+00
 2.21000000e+02 2.70000000e+01 6.92599232e+00
 2.22000000e+02 2.70000000e+01 6.82261985e+00
 2.23000000e+02 2.70000000e+01 6.70317181e+00
 2.24000000e+02 2.70000000e+01 6.56711883e+00
 2.25000000e+02 2.70000000e+01 6.41393153e+00
 2.26000000e+02 2.70000000e+01 6.24308053e+00
 2.27000000e+02 2.70000000e+01 6.05403645e+00
 2.28000000e+02 2.70000000e+01 5.84626992e+00
 2.29000000e+02 2.70000000e+01 5.61925155e+00
 2.30000000e+02 2.70000000e+01 5.37245197e+00
 2.31000000e+02 2.70000000e+01 5.10534180e+00
 2.32000000e+02 2.70000000e+01 4.81739166e+00
 2.33000000e+02 2.70000000e+01 4.50807218e+00
 2.34000000e+02 2.70000000e+01 4.49881566e+00
 2.35000000e+02 2.70000000e+01 4.14537800e+00
 2.36000000e+02 2.70000000e+01 3.77024379e+00
 2.37000000e+02 2.70000000e+01 3.37414462e+00
 2.38000000e+02 2.70000000e+01 2.95781205e+00
 2.39000000e+02 2.70000000e+01 2.52197764e+00
 2.40000000e+02 2.70000000e+01 2.06737296e+00
 2.41000000e+02 2.70000000e+01 1.59472958e+00
 2.42000000e+02 2.70000000e+01 1.10477906e+00
 2.43000000e+02 2.70000000e+01 5.98252967e-01
 2.44000000e+02 2.70000000e+01 7.58828694e-02
 2.45000000e+02 2.70000000e+01 -4.61599668e-01
 2.46000000e+02 2.70000000e+01 -1.01346308e+00
 2.47000000e+02 2.70000000e+01 -1.57897580e+00
 2.48000000e+02 2.70000000e+01 -2.15740625e+00
 2.49000000e+02 2.70000000e+01 -2.74802289e+00
 2.50000000e+02 2.70000000e+01 -3.35009413e+00
 2.51000000e+02 2.70000000e+01 -3.96288841e+00
 2.52000000e+02 2.70000000e+01 -4.58567417e+00
 2.53000000e+02 2.70000000e+01 -5.21771984e+00
 2.54000000e+02 2.70000000e+01 -5.85829386e+00
 2.55000000e+02 2.70000000e+01 -6.50666465e+00
 2.56000000e+02 2.70000000e+01 -7.16210065e+00
 2.57000000e+02 2.70000000e+01 -7.82387030e+00
 2.58000000e+02 2.70000000e+01 -8.49124203e+00
 2.59000000e+02 2.70000000e+01 -9.16348427e+00
 2.60000000e+02 2.70000000e+01 -9.83986546e+00
 2.61000000e+02 2.70000000e+01 -1.05196540e+01
 2.62000000e+02 2.70000000e+01 -1.12021184e+01
 2.63000000e+02 2.70000000e+01 -1.18865270e+01
 2.64000000e+02 2.70000000e+01 -1.25721484e+01
 2.65000000e+02 2.70000000e+01 -1.32582508e+01
 2.66000000e+02 2.70000000e+01 -1.39441028e+01
 2.67000000e+02 2.70000000e+01 -1.46289727e+01
 2.68000000e+02 2.70000000e+01 -1.53121291e+01
 2.69000000e+02 2.70000000e+01 -1.59928403e+01
 2.70000000e+02 2.70000000e+01 -1.66703749e+01
 2.71000000e+02 2.70000000e+01 -1.73440011e+01
 2.72000000e+02 2.70000000e+01 -1.80129875e+01
 2.73000000e+02 2.70000000e+01 -1.86766025e+01
 2.74000000e+02 2.70000000e+01 -1.93341145e+01
 2.75000000e+02 2.70000000e+01 -1.99847919e+01
 2.76000000e+02 2.70000000e+01 -2.06279033e+01
 2.77000000e+02 2.70000000e+01 -2.12627169e+01
 2.78000000e+02 2.70000000e+01 -2.18885013e+01
 2.79000000e+02 2.70000000e+01 -2.25045249e+01
 2.80000000e+02 2.70000000e+01 -2.31100562e+01
 2.81000000e+02 2.70000000e+01 -2.37043635e+01
 2.82000000e+02 2.70000000e+01 -2.42867152e+01
 2.83000000e+02 2.70000000e+01 -2.48563799e+01
 2.84000000e+02 2.70000000e+01 -2.54126260e+01
 2.85000000e+02 2.70000000e+01 -2.59547219e+01
 2.86000000e+02 2.70000000e+01 -2.64819360e+01
 2.87000000e+02 2.70000000e+01 -2.69935367e+01
 2.88000000e+02 2.70000000e+01 -2.74887925e+01
 2.89000000e+02 2.70000000e+01 -2.79669719e+01
 2.90000000e+02 2.70000000e+01 -2.84273432e+01
 2.91000000e+02 2.70000000e+01 -2.88691750e+01
 2.92000000e+02 2.70000000e+01 -2.92123358e+01
 2.93000000e+02 2.70000000e+01 -2.96150931e+01
 2.94000000e+02 2.70000000e+01 -2.99982914e+01
 2.95000000e+02 2.70000000e+01 -3.03623743e+01
 2.96000000e+02 2.70000000e+01 -3.07077855e+01
 2.97000000e+02 2.70000000e+01 -3.10349688e+01
 2.98000000e+02 2.70000000e+01 -3.13443678e+01
 2.99000000e+02 2.70000000e+01 -3.16364262e+01
 3.00000000e+02 2.70000000e+01 -3.19115878e+01
 3.01000000e+02 2.70000000e+01 -3.21702961e+01
 3.02000000e+02 2.70000000e+01 -3.24129949e+01
 3.03000000e+02 2.70000000e+01 -3.26401280e+01
 3.04000000e+02 2.70000000e+01 -3.28521389e+01
 3.05000000e+02 2.70000000e+01 -3.30494713e+01
 3.06000000e+02 2.70000000e+01 -3.32325691e+01
 3.07000000e+02 2.70000000e+01 -3.34018758e+01
 3.08000000e+02 2.70000000e+01 -3.35578351e+01
 3.09000000e+02 2.70000000e+01 -3.37008908e+01
 3.10000000e+02 2.70000000e+01 -3.38314866e+01
 3.11000000e+02 2.70000000e+01 -3.39500660e+01
 3.12000000e+02 2.70000000e+01 -3.40570729e+01
 3.13000000e+02 2.70000000e+01 -3.41529509e+01
 3.14000000e+02 2.70000000e+01 -3.42381437e+01
 3.15000000e+02 2.70000000e+01 -3.43130950e+01
 3.16000000e+02 2.70000000e+01 -3.43782485e+01
 3.17000000e+02 2.70000000e+01 -3.44340479e+01
 3.18000000e+02 2.70000000e+01 -3.44809368e+01
 3.19000000e+02 2.70000000e+01 -3.45193590e+01
 3.20000000e+02 2.70000000e+01 -3.45497582e+01
 3.21000000e+02 2.70000000e+01 -3.45725780e+01
 3.22000000e+02 2.70000000e+01 -3.45882622e+01
 3.23000000e+02 2.70000000e+01 -3.45972544e+01
 3.24000000e+02 2.70000000e+01 -3.45999984e+01
 3.25000000e+02 2.70000000e+01 -3.45969377e+01
 3.26000000e+02 2.70000000e+01 -3.45885162e+01
 3.27000000e+02 2.70000000e+01 -3.45751775e+01
 3.28000000e+02 2.70000000e+01 -3.45573653e+01
 3.29000000e+02 2.70000000e+01 -3.45355233e+01
 3.30000000e+02 2.70000000e+01 -3.45100952e+01
 3.31000000e+02 2.70000000e+01 -3.44815246e+01
 3.32000000e+02 2.70000000e+01 -3.44502553e+01
 3.33000000e+02 2.70000000e+01 -3.44167310e+01
 3.34000000e+02 2.70000000e+01 -3.43813954e+01
 3.35000000e+02 2.70000000e+01 -3.43446920e+01
 3.36000000e+02 2.70000000e+01 -3.43070648e+01
 3.37000000e+02 2.70000000e+01 -3.42689572e+01
 3.38000000e+02 2.70000000e+01 -3.42308131e+01
 3.39000000e+02 2.70000000e+01 -3.41930761e+01
 3.40000000e+02 2.70000000e+01 -3.41561899e+01
 3.41000000e+02 2.70000000e+01 -3.41205983e+01
 3.42000000e+02 2.70000000e+01 -3.40867448e+01
 3.43000000e+02 2.70000000e+01 -3.40550732e+01
 3.44000000e+02 2.70000000e+01 -3.40260272e+01
 3.45000000e+02 2.70000000e+01 -3.40000504e+01
 3.46000000e+02 2.70000000e+01 -3.39775867e+01
 3.47000000e+02 2.70000000e+01 -3.39590795e+01
 3.48000000e+02 2.70000000e+01 -3.39449728e+01
 3.49000000e+02 2.70000000e+01 -3.39357100e+01
 3.50000000e+02 2.70000000e+01 -3.38165516e+01
 3.51000000e+02 2.70000000e+01 -3.38181587e+01
 3.52000000e+02 2.70000000e+01 -3.38250805e+01
 3.53000000e+02 2.70000000e+01 -3.38369006e+01
 3.54000000e+02 2.70000000e+01 -3.38532023e+01
 3.55000000e+02 2.70000000e+01 -3.38735691e+01
 3.56000000e+02 2.70000000e+01 -3.38975842e+01
 3.57000000e+02 2.70000000e+01 -3.39248312e+01
 3.58000000e+02 2.70000000e+01 -3.39548935e+01
 3.59000000e+02 2.70000000e+01 -3.39873543e+01
 3.60000000e+02 2.70000000e+01 -3.40217972e+01
 3.61000000e+02 2.70000000e+01 -3.40578055e+01
 3.62000000e+02 2.70000000e+01 -3.40949626e+01
 3.63000000e+02 2.70000000e+01 -3.41328520e+01
 3.64000000e+02 2.70000000e+01 -3.41710570e+01
 3.65000000e+02 2.70000000e+01 -3.42091610e+01
 3.66000000e+02 2.70000000e+01 -3.42467475e+01
 3.67000000e+02 2.70000000e+01 -3.42833997e+01
 3.68000000e+02 2.70000000e+01 -3.43187012e+01
 3.69000000e+02 2.70000000e+01 -3.43522354e+01
 3.70000000e+02 2.70000000e+01 -3.43835855e+01
 3.71000000e+02 2.70000000e+01 -3.44123351e+01
 3.72000000e+02 2.70000000e+01 -3.44380675e+01
 3.73000000e+02 2.70000000e+01 -3.44603661e+01
 3.74000000e+02 2.70000000e+01 -3.44788144e+01
 3.75000000e+02 2.70000000e+01 -3.44929957e+01
 3.76000000e+02 2.70000000e+01 -3.45024934e+01
 3.77000000e+02 2.70000000e+01 -3.45068909e+01
 3.78000000e+02 2.70000000e+01 -3.45057717e+01
 3.79000000e+02 2.70000000e+01 -3.44987191e+01
 3.80000000e+02 2.70000000e+01 -3.44853165e+01
 3.81000000e+02 2.70000000e+01 -3.44651474e+01
 3.82000000e+02 2.70000000e+01 -3.44377950e+01
 3.83000000e+02 2.70000000e+01 -3.44028429e+01
 3.84000000e+02 2.70000000e+01 -3.43598744e+01
 3.85000000e+02 2.70000000e+01 -3.43084730e+01
 3.86000000e+02 2.70000000e+01 -3.42482220e+01
 3.87000000e+02 2.70000000e+01 -3.41787048e+01
 3.88000000e+02 2.70000000e+01 -3.40995048e+01
 3.89000000e+02 2.70000000e+01 -3.40102054e+01
 3.90000000e+02 2.70000000e+01 -3.39103901e+01
 3.91000000e+02 2.70000000e+01 -3.37996422e+01
 3.92000000e+02 2.70000000e+01 -3.36775451e+01
 3.93000000e+02 2.70000000e+01 -3.35436823e+01
 3.94000000e+02 2.70000000e+01 -3.33976371e+01
 3.95000000e+02 2.70000000e+01 -3.32389929e+01
 3.96000000e+02 2.70000000e+01 -3.30673331e+01
 3.97000000e+02 2.70000000e+01 -3.28822411e+01
 3.98000000e+02 2.70000000e+01 -3.26833004e+01
 3.99000000e+02 2.70000000e+01 -3.24700943e+01
 4.00000000e+02 2.70000000e+01 -3.22422062e+01
 4.01000000e+02 2.70000000e+01 -3.19992196e+01
 4.02000000e+02 2.70000000e+01 -3.17407177e+01
 4.03000000e+02 2.70000000e+01 -3.14662841e+01
 4.04000000e+02 2.70000000e+01 -3.11755021e+01
 4.05000000e+02 2.70000000e+01 -3.08679552e+01
 4.06000000e+02 2.70000000e+01 -3.05432266e+01
 4.07000000e+02 2.70000000e+01 -3.02008999e+01
 4.08000000e+02 2.70000000e+01 -3.04823719e+01
 4.09000000e+02 2.70000000e+01 -3.01037785e+01
 4.10000000e+02 2.70000000e+01 -2.97074076e+01
 4.11000000e+02 2.70000000e+01 -2.92939134e+01
 4.12000000e+02 2.70000000e+01 -2.88639497e+01
 4.13000000e+02 2.70000000e+01 -2.84181706e+01
 4.14000000e+02 2.70000000e+01 -2.79572301e+01
 4.15000000e+02 2.70000000e+01 -2.74817820e+01
 4.16000000e+02 2.70000000e+01 -2.69924805e+01
 4.17000000e+02 2.70000000e+01 -2.64899795e+01
 4.18000000e+02 2.70000000e+01 -2.59749330e+01
 4.19000000e+02 2.70000000e+01 -2.54479949e+01
 4.20000000e+02 2.70000000e+01 -2.49098193e+01
 4.21000000e+02 2.70000000e+01 -2.43610601e+01
 4.22000000e+02 2.70000000e+01 -2.38023713e+01
 4.23000000e+02 2.70000000e+01 -2.32344069e+01
 4.24000000e+02 2.70000000e+01 -2.26578210e+01
 4.25000000e+02 2.70000000e+01 -2.20732674e+01
 4.26000000e+02 2.70000000e+01 -2.14814001e+01
 4.27000000e+02 2.70000000e+01 -2.08828732e+01
 4.28000000e+02 2.70000000e+01 -2.02783406e+01
 4.29000000e+02 2.70000000e+01 -1.96684564e+01
 4.30000000e+02 2.70000000e+01 -1.90538744e+01
 4.31000000e+02 2.70000000e+01 -1.84352487e+01
 4.32000000e+02 2.70000000e+01 -1.78132333e+01
 4.33000000e+02 2.70000000e+01 -1.71884821e+01
 4.34000000e+02 2.70000000e+01 -1.65616491e+01
 4.35000000e+02 2.70000000e+01 -1.59333884e+01
 4.36000000e+02 2.70000000e+01 -1.53043539e+01
 4.37000000e+02 2.70000000e+01 -1.46751995e+01
 4.38000000e+02 2.70000000e+01 -1.40465793e+01
 4.39000000e+02 2.70000000e+01 -1.34191473e+01
 4.40000000e+02 2.70000000e+01 -1.27935574e+01
 4.41000000e+02 2.70000000e+01 -1.21704636e+01
 4.42000000e+02 2.70000000e+01 -1.15505200e+01
 4.43000000e+02 2.70000000e+01 -1.09343804e+01
 4.44000000e+02 2.70000000e+01 -1.03226989e+01
 4.45000000e+02 2.70000000e+01 -9.71612946e+00
 4.46000000e+02 2.70000000e+01 -9.11532607e+00
 4.47000000e+02 2.70000000e+01 -8.52094270e+00
 4.48000000e+02 2.70000000e+01 -7.93363335e+00
 4.49000000e+02 2.70000000e+01 -7.35405200e+00
 4.50000000e+02 2.70000000e+01 -6.78285262e+00
 4.51000000e+02 2.70000000e+01 -6.22068921e+00
 4.52000000e+02 2.70000000e+01 -5.66821576e+00
 4.53000000e+02 2.70000000e+01 -5.12608623e+00
 4.54000000e+02 2.70000000e+01 -4.59495463e+00
 4.55000000e+02 2.70000000e+01 -4.07547492e+00
 4.56000000e+02 2.70000000e+01 -3.56830111e+00
 4.57000000e+02 2.70000000e+01 -3.07408716e+00
 4.58000000e+02 2.70000000e+01 -2.59348708e+00
 4.59000000e+02 2.70000000e+01 -2.12715483e+00
 4.60000000e+02 2.70000000e+01 -1.67574441e+00
 4.61000000e+02 2.70000000e+01 -1.23990979e+00
 4.62000000e+02 2.70000000e+01 -8.20304975e-01
 4.63000000e+02 2.70000000e+01 -4.17583933e-01
 4.64000000e+02 2.70000000e+01 -3.24006537e-02
 4.65000000e+02 2.70000000e+01 3.34590879e-01
 4.66000000e+02 2.70000000e+01 3.45041208e-01
 4.67000000e+02 2.70000000e+01 6.73857896e-01
 4.68000000e+02 2.70000000e+01 9.83609340e-01
 4.69000000e+02 2.70000000e+01 1.27473001e+00
 4.70000000e+02 2.70000000e+01 1.54765438e+00
 4.71000000e+02 2.70000000e+01 1.80281691e+00
 4.72000000e+02 2.70000000e+01 2.04065208e+00
 4.73000000e+02 2.70000000e+01 2.26159435e+00
 4.74000000e+02 2.70000000e+01 2.46607821e+00
 4.75000000e+02 2.70000000e+01 2.65453811e+00
 4.76000000e+02 2.70000000e+01 2.82740854e+00
 4.77000000e+02 2.70000000e+01 2.98512395e+00
 4.78000000e+02 2.70000000e+01 3.12811882e+00
 4.79000000e+02 2.70000000e+01 3.25682762e+00
 4.80000000e+02 2.70000000e+01 3.37168483e+00
 4.81000000e+02 2.70000000e+01 3.47312490e+00
 4.82000000e+02 2.70000000e+01 3.56158232e+00
 4.83000000e+02 2.70000000e+01 3.63749155e+00
 4.84000000e+02 2.70000000e+01 3.70128706e+00
 4.85000000e+02 2.70000000e+01 3.75340333e+00
 4.86000000e+02 2.70000000e+01 3.79427482e+00
 4.87000000e+02 2.70000000e+01 3.82433600e+00
 4.88000000e+02 2.70000000e+01 3.84402135e+00
 4.89000000e+02 2.70000000e+01 3.85376533e+00
 4.90000000e+02 2.70000000e+01 3.85400242e+00
 4.91000000e+02 2.70000000e+01 3.84516709e+00
 4.92000000e+02 2.70000000e+01 3.82769380e+00
 4.93000000e+02 2.70000000e+01 3.80201703e+00
 4.94000000e+02 2.70000000e+01 3.76857124e+00
 4.95000000e+02 2.70000000e+01 3.72779092e+00
 4.96000000e+02 2.70000000e+01 3.68011052e+00
 4.97000000e+02 2.70000000e+01 3.62596452e+00
 4.98000000e+02 2.70000000e+01 3.56578740e+00
 4.99000000e+02 2.70000000e+01 3.50001361e+00
 5.00000000e+02 2.70000000e+01 3.42907763e+00
 5.01000000e+02 2.70000000e+01 3.35341393e+00
 5.02000000e+02 2.70000000e+01 3.27345699e+00
 5.03000000e+02 2.70000000e+01 3.18964126e+00
 5.04000000e+02 2.70000000e+01 3.10240123e+00
 5.05000000e+02 2.70000000e+01 3.01217136e+00
 5.06000000e+02 2.70000000e+01 2.91938613e+00
 5.07000000e+02 2.70000000e+01 2.82447999e+00
 5.08000000e+02 2.70000000e+01 2.72788743e+00
 5.09000000e+02 2.70000000e+01 2.63004292e+00
 5.10000000e+02 2.70000000e+01 2.53138092e+00
 5.11000000e+02 2.70000000e+01 2.43233591e+00
 5.12000000e+02 2.70000000e+01 2.33334235e+00
 5.13000000e+02 2.70000000e+01 2.23483472e+00
 5.14000000e+02 2.70000000e+01 2.13724749e+00
 5.15000000e+02 2.70000000e+01 2.04101513e+00
 5.16000000e+02 2.70000000e+01 1.94657210e+00
 5.17000000e+02 2.70000000e+01 1.85435288e+00
 5.18000000e+02 2.70000000e+01 1.76479194e+00
 5.19000000e+02 2.70000000e+01 1.67832375e+00
 5.20000000e+02 2.70000000e+01 1.59538278e+00
 5.21000000e+02 2.70000000e+01 1.51640350e+00
 5.22000000e+02 2.70000000e+01 1.44182038e+00
 5.23000000e+02 2.70000000e+01 1.37206789e+00
 5.24000000e+02 2.70000000e+01 1.54617073e+00
 5.25000000e+02 2.70000000e+01 1.48728423e+00
 5.26000000e+02 2.70000000e+01 1.43394564e+00
 5.27000000e+02 2.70000000e+01 1.38600327e+00
 5.28000000e+02 2.70000000e+01 1.34330546e+00
 5.29000000e+02 2.70000000e+01 1.30570054e+00
 5.30000000e+02 2.70000000e+01 1.27303684e+00
 5.31000000e+02 2.70000000e+01 1.24516268e+00
 5.32000000e+02 2.70000000e+01 1.22192640e+00
 5.33000000e+02 2.70000000e+01 1.20317632e+00
 5.34000000e+02 2.70000000e+01 1.18876077e+00
 5.35000000e+02 2.70000000e+01 1.17852808e+00
 5.36000000e+02 2.70000000e+01 1.17232658e+00
 5.37000000e+02 2.70000000e+01 1.17000460e+00
 5.38000000e+02 2.70000000e+01 1.17141047e+00
 5.39000000e+02 2.70000000e+01 1.17639252e+00
 5.40000000e+02 2.70000000e+01 1.18479906e+00
 5.41000000e+02 2.70000000e+01 1.19647845e+00
 5.42000000e+02 2.70000000e+01 1.21127899e+00
 5.43000000e+02 2.70000000e+01 1.22904903e+00
 5.44000000e+02 2.70000000e+01 1.24963689e+00
 5.45000000e+02 2.70000000e+01 1.27289090e+00
 5.46000000e+02 2.70000000e+01 1.29865938e+00
 5.47000000e+02 2.70000000e+01 1.32679068e+00
 5.48000000e+02 2.70000000e+01 1.35713311e+00
 5.49000000e+02 2.70000000e+01 1.38953500e+00
 5.50000000e+02 2.70000000e+01 1.42384469e+00
 5.51000000e+02 2.70000000e+01 1.45991050e+00
 5.52000000e+02 2.70000000e+01 1.49758076e+00
 5.53000000e+02 2.70000000e+01 1.53670381e+00
 5.54000000e+02 2.70000000e+01 1.57712796e+00
 5.55000000e+02 2.70000000e+01 1.61870155e+00
 5.56000000e+02 2.70000000e+01 1.66127291e+00
 5.57000000e+02 2.70000000e+01 1.70469037e+00
 5.58000000e+02 2.70000000e+01 1.74880225e+00
 5.59000000e+02 2.70000000e+01 1.79345688e+00
 5.60000000e+02 2.70000000e+01 1.83850260e+00
 5.61000000e+02 2.70000000e+01 1.88378773e+00
 5.62000000e+02 2.70000000e+01 1.92916060e+00
 5.63000000e+02 2.70000000e+01 1.97446954e+00
 5.64000000e+02 2.70000000e+01 2.01956287e+00
 5.65000000e+02 2.70000000e+01 2.06428894e+00
 5.66000000e+02 2.70000000e+01 2.10849606e+00
 5.67000000e+02 2.70000000e+01 2.15203256e+00
 5.68000000e+02 2.70000000e+01 2.19474678e+00
 5.69000000e+02 2.70000000e+01 2.23648704e+00
 5.70000000e+02 2.70000000e+01 2.27710168e+00
 5.71000000e+02 2.70000000e+01 2.31643901e+00
 5.72000000e+02 2.70000000e+01 2.35434737e+00
 5.73000000e+02 2.70000000e+01 2.39067509e+00
 5.74000000e+02 2.70000000e+01 2.42527050e+00
 5.75000000e+02 2.70000000e+01 2.45798193e+00
 5.76000000e+02 2.70000000e+01 2.48865769e+00
 5.77000000e+02 2.70000000e+01 2.51714614e+00
 5.78000000e+02 2.70000000e+01 2.54329558e+00
 5.79000000e+02 2.70000000e+01 2.56695436e+00
 5.80000000e+02 2.70000000e+01 2.58797080e+00
 5.81000000e+02 2.70000000e+01 2.60619322e+00
 5.82000000e+02 2.70000000e+01 2.47081751e+00
 5.83000000e+02 2.70000000e+01 2.48304131e+00
 5.84000000e+02 2.70000000e+01 2.49226945e+00
 5.85000000e+02 2.70000000e+01 2.49860364e+00
 5.86000000e+02 2.70000000e+01 2.50214558e+00
 5.87000000e+02 2.70000000e+01 2.50299697e+00
 5.88000000e+02 2.70000000e+01 2.50125950e+00
 5.89000000e+02 2.70000000e+01 2.49703488e+00
 5.90000000e+02 2.70000000e+01 2.49042481e+00
 5.91000000e+02 2.70000000e+01 2.48153099e+00
 5.92000000e+02 2.70000000e+01 2.47045511e+00
 5.93000000e+02 2.70000000e+01 2.45729888e+00
 5.94000000e+02 2.70000000e+01 2.44216400e+00
 5.95000000e+02 2.70000000e+01 2.42515217e+00
 5.96000000e+02 2.70000000e+01 2.40636508e+00
 5.97000000e+02 2.70000000e+01 2.38590445e+00
 5.98000000e+02 2.70000000e+01 2.36387196e+00
 5.99000000e+02 2.70000000e+01 2.34036931e+00
 6.00000000e+02 2.70000000e+01 2.31549822e+00
 6.01000000e+02 2.70000000e+01 2.28936037e+00
 6.02000000e+02 2.70000000e+01 2.26205747e+00
 6.03000000e+02 2.70000000e+01 2.23369122e+00
 6.04000000e+02 2.70000000e+01 2.20436332e+00
 6.05000000e+02 2.70000000e+01 2.17417546e+00
 6.06000000e+02 2.70000000e+01 2.14322936e+00
 6.07000000e+02 2.70000000e+01 2.11162670e+00
 6.08000000e+02 2.70000000e+01 2.07946919e+00
 6.09000000e+02 2.70000000e+01 2.04685853e+00
 6.10000000e+02 2.70000000e+01 2.01389641e+00
 6.11000000e+02 2.70000000e+01 1.98068455e+00
 6.12000000e+02 2.70000000e+01 1.94732463e+00
 6.13000000e+02 2.70000000e+01 1.91391836e+00
 6.14000000e+02 2.70000000e+01 1.88056744e+00
 6.15000000e+02 2.70000000e+01 1.84737357e+00
 6.16000000e+02 2.70000000e+01 1.81443844e+00
 6.17000000e+02 2.70000000e+01 1.78186377e+00
 6.18000000e+02 2.70000000e+01 1.74975124e+00
 6.19000000e+02 2.70000000e+01 1.71820256e+00
 6.20000000e+02 2.70000000e+01 1.68731943e+00
 6.21000000e+02 2.70000000e+01 1.65720355e+00
 6.22000000e+02 2.70000000e+01 1.62795662e+00
 6.23000000e+02 2.70000000e+01 1.59968033e+00
 6.24000000e+02 2.70000000e+01 1.57247640e+00
 6.25000000e+02 2.70000000e+01 1.54644651e+00
 6.26000000e+02 2.70000000e+01 1.52169237e+00
 6.27000000e+02 2.70000000e+01 1.49831568e+00
 6.28000000e+02 2.70000000e+01 1.47641814e+00
 6.29000000e+02 2.70000000e+01 1.45610145e+00
 6.30000000e+02 2.70000000e+01 1.43746731e+00
 6.31000000e+02 2.70000000e+01 1.42061742e+00
 6.32000000e+02 2.70000000e+01 1.40565347e+00
 6.33000000e+02 2.70000000e+01 1.39267718e+00
 6.34000000e+02 2.70000000e+01 1.38179023e+00
 6.35000000e+02 2.70000000e+01 1.37309433e+00
 6.36000000e+02 2.70000000e+01 1.36669119e+00
 6.37000000e+02 2.70000000e+01 1.36268249e+00
 6.38000000e+02 2.70000000e+01 1.36116994e+00
 6.39000000e+02 2.70000000e+01 1.36225524e+00
 6.40000000e+02 2.70000000e+01 1.41330921e+00
 6.41000000e+02 2.70000000e+01 1.41984957e+00
 6.42000000e+02 2.70000000e+01 1.42903050e+00
 6.43000000e+02 2.70000000e+01 1.44069131e+00
 6.44000000e+02 2.70000000e+01 1.45467132e+00
 6.45000000e+02 2.70000000e+01 1.47080984e+00
 6.46000000e+02 2.70000000e+01 1.48894618e+00
 6.47000000e+02 2.70000000e+01 1.50891967e+00
 6.48000000e+02 2.70000000e+01 1.53056962e+00
 6.49000000e+02 2.70000000e+01 1.55373535e+00
 6.50000000e+02 2.70000000e+01 1.57825617e+00
 6.51000000e+02 2.70000000e+01 1.60397139e+00
 6.52000000e+02 2.70000000e+01 1.63072034e+00
 6.53000000e+02 2.70000000e+01 1.65834233e+00
 6.54000000e+02 2.70000000e+01 1.68667667e+00
 6.55000000e+02 2.70000000e+01 1.71556269e+00
 6.56000000e+02 2.70000000e+01 1.74483968e+00
 6.57000000e+02 2.70000000e+01 1.77434699e+00
 6.58000000e+02 2.70000000e+01 1.80392391e+00
 6.59000000e+02 2.70000000e+01 1.83340976e+00
 6.60000000e+02 2.70000000e+01 1.86264386e+00
 6.61000000e+02 2.70000000e+01 1.89146553e+00
 6.62000000e+02 2.70000000e+01 1.91971408e+00
 6.63000000e+02 2.70000000e+01 1.94722883e+00
 6.64000000e+02 2.70000000e+01 1.97384909e+00
 6.65000000e+02 2.70000000e+01 1.99941417e+00
 6.66000000e+02 2.70000000e+01 2.02376341e+00
 6.67000000e+02 2.70000000e+01 2.04673610e+00
 6.68000000e+02 2.70000000e+01 2.06817157e+00
 6.69000000e+02 2.70000000e+01 2.08790913e+00
 6.70000000e+02 2.70000000e+01 2.10578810e+00
 6.71000000e+02 2.70000000e+01 2.12164779e+00
 6.72000000e+02 2.70000000e+01 2.13532752e+00
 6.73000000e+02 2.70000000e+01 2.14666661e+00
 6.74000000e+02 2.70000000e+01 2.15550437e+00
 6.75000000e+02 2.70000000e+01 2.16168011e+00
 6.76000000e+02 2.70000000e+01 2.16503316e+00
 6.77000000e+02 2.70000000e+01 2.16540282e+00
 6.78000000e+02 2.70000000e+01 2.16262842e+00
 6.79000000e+02 2.70000000e+01 2.15654927e+00
 6.80000000e+02 2.70000000e+01 2.14700469e+00
 6.81000000e+02 2.70000000e+01 2.13383398e+00
 6.82000000e+02 2.70000000e+01 2.11687648e+00
 6.83000000e+02 2.70000000e+01 2.09597149e+00
 6.84000000e+02 2.70000000e+01 2.07095832e+00
 6.85000000e+02 2.70000000e+01 2.04167630e+00
 6.86000000e+02 2.70000000e+01 2.00796475e+00
 6.87000000e+02 2.70000000e+01 1.96966297e+00
 6.88000000e+02 2.70000000e+01 1.92661028e+00
 6.89000000e+02 2.70000000e+01 1.87864600e+00
 6.90000000e+02 2.70000000e+01 1.82560944e+00
 6.91000000e+02 2.70000000e+01 1.76733992e+00
 6.92000000e+02 2.70000000e+01 1.70367676e+00
 6.93000000e+02 2.70000000e+01 1.63445927e+00
 6.94000000e+02 2.70000000e+01 1.55952677e+00
 6.95000000e+02 2.70000000e+01 1.47871857e+00
 6.96000000e+02 2.70000000e+01 1.39187399e+00
 6.97000000e+02 2.70000000e+01 1.29883234e+00
 6.98000000e+02 2.70000000e+01 1.19943294e+00
