 2.54000000e+02 1.40000000e+01 5.80821160e+01
 2.55000000e+02 1.40000000e+01 5.80970078e+01
 2.56000000e+02 1.40000000e+01 5.81050325e+01
 2.57000000e+02 1.40000000e+01 5.81064076e+01
 2.58000000e+02 1.40000000e+01 5.81013505e+01
 2.59000000e+02 1.40000000e+01 5.80900787e+01
 2.60000000e+02 1.40000000e+01 5.80728096e+01
 2.61000000e+02 1.40000000e+01 5.80497605e+01
 2.62000000e+02 1.40000000e+01 5.80211490e+01
 2.63000000e+02 1.40000000e+01 5.79871924e+01
 2.64000000e+02 1.40000000e+01 5.79481083e+01
 2.65000000e+02 1.40000000e+01 5.79041139e+01
 2.66000000e+02 1.40000000e+01 5.78554269e+01
 2.67000000e+02 1.40000000e+01 5.78022644e+01
 2.68000000e+02 1.40000000e+01 5.77448441e+01
 2.69000000e+02 1.40000000e+01 5.76833834e+01
 2.70000000e+02 1.40000000e+01 5.76180996e+01
 2.71000000e+02 1.40000000e+01 5.75492102e+01
 2.72000000e+02 1.40000000e+01 5.74769326e+01
 2.73000000e+02 1.40000000e+01 5.74014843e+01
 2.74000000e+02 1.40000000e+01 5.73230826e+01
 2.75000000e+02 1.40000000e+01 5.72419451e+01
 2.76000000e+02 1.40000000e+01 5.71582891e+01
 2.77000000e+02 1.40000000e+01 5.70723321e+01
 2.78000000e+02 1.40000000e+01 5.69842915e+01
 2.79000000e+02 1.40000000e+01 5.68943847e+01
 2.80000000e+02 1.40000000e+01 5.68028292e+01
 2.81000000e+02 1.40000000e+01 5.67098423e+01
 2.82000000e+02 1.40000000e+01 5.66156416e+01
 2.83000000e+02 1.40000000e+01 5.65204444e+01
 2.84000000e+02 1.40000000e+01 5.64244682e+01
 2.85000000e+02 1.40000000e+01 5.63279304e+01
 2.86000000e+02 1.40000000e+01 5.62310484e+01
 2.87000000e+02 1.40000000e+01 5.61340396e+01
 2.88000000e+02 1.40000000e+01 5.60371216e+01
 2.89000000e+02 1.40000000e+01 5.59405117e+01
 2.90000000e+02 1.40000000e+01 5.58444273e+01
 2.91000000e+02 1.40000000e+01 5.57494822e+01
 2.92000000e+02 1.40000000e+01 5.56549595e+01
 2.93000000e+02 1.40000000e+01 5.55612538e+01
 2.94000000e+02 1.40000000e+01 5.54683529e+01
 2.95000000e+02 1.40000000e+01 5.53762444e+01
 2.96000000e+02 1.40000000e+01 5.52849163e+01
 2.97000000e+02 1.40000000e+01 5.51943563e+01
 2.98000000e+02 1.40000000e+01 5.51045521e+01
 2.99000000e+02 1.40000000e+01 5.50154917e+01
 3.00000000e+02 1.40000000e+01 5.49271626e+01
 3.01000000e+02 1.40000000e+01 5.48395528e+01
 3.02000000e+02 1.40000000e+01 5.47526500e+01
 3.03000000e+02 1.40000000e+01 5.46664420e+01
 3.04000000e+02 1.40000000e+01 5.45809166e+01
 3.05000000e+02 1.40000000e+01 5.44960615e+01
 3.06000000e+02 1.40000000e+01 5.44118646e+01
 3.07000000e+02 1.40000000e+01 5.43283136e+01
 3.08000000e+02 1.40000000e+01 5.42453964e+01
 3.09000000e+02 1.40000000e+01 5.41631006e+01
 3.10000000e+02 1.40000000e+01 5.40814141e+01
 3.11000000e+02 1.40000000e+01 5.40003247e+01
 3.12000000e+02 1.40000000e+01 5.39198201e+01
 3.13000000e+02 1.40000000e+01 5.38398881e+01
 3.14000000e+02 1.40000000e+01 5.37605166e+01
 3.15000000e+02 1.40000000e+01 5.36816932e+01
 3.16000000e+02 1.40000000e+01 5.36034059e+01
 3.17000000e+02 1.40000000e+01 5.35256422e+01
 3.18000000e+02 1.40000000e+01 5.34483902e+01
 3.19000000e+02 1.40000000e+01 5.33716374e+01
 3.20000000e+02 1.40000000e+01 5.32953718e+01
 3.21000000e+02 1.40000000e+01 5.32195811e+01
 3.22000000e+02 1.40000000e+01 5.31442531e+01
 3.23000000e+02 1.40000000e+01 5.30693755e+01
 3.24000000e+02 1.40000000e+01 5.29949361e+01
 3.25000000e+02 1.40000000e+01 5.29209228e+01
 3.26000000e+02 1.40000000e+01 5.28473233e+01
 3.27000000e+02 1.40000000e+01 5.27864931e+01
 3.28000000e+02 1.40000000e+01 5.27136926e+01
 3.29000000e+02 1.40000000e+01 5.26413067e+01
 3.30000000e+02 1.40000000e+01 5.25693560e+01
 3.31000000e+02 1.40000000e+01 5.24978612e+01
 3.32000000e+02 1.40000000e+01 5.24268427e+01
 3.33000000e+02 1.40000000e+01 5.23563212e+01
 3.34000000e+02 1.40000000e+01 5.22863173e+01
 3.35000000e+02 1.40000000e+01 5.22168516e+01
 3.36000000e+02 1.40000000e+01 5.21479445e+01
 3.37000000e+02 1.40000000e+01 5.20796168e+01
 3.38000000e+02 1.40000000e+01 5.20118889e+01
 3.39000000e+02 1.40000000e+01 5.19447815e+01
 3.40000000e+02 1.40000000e+01 5.18783152e+01
 3.41000000e+02 1.40000000e+01 5.18125105e+01
 3.42000000e+02 1.40000000e+01 5.17473881e+01
 3.43000000e+02 1.40000000e+01 5.16829684e+01
 3.44000000e+02 1.40000000e+01 5.16192722e+01
 3.45000000e+02 1.40000000e+01 5.15563199e+01
 3.46000000e+02 1.40000000e+01 5.14941321e+01
 3.47000000e+02 1.40000000e+01 5.14327295e+01
 3.48000000e+02 1.40000000e+01 5.13721326e+01
 3.49000000e+02 1.40000000e+01 5.13123620e+01
 3.50000000e+02 1.40000000e+01 5.12534383e+01
 3.51000000e+02 1.40000000e+01 5.11953821e+01
 3.52000000e+02 1.40000000e+01 5.11382139e+01
 3.53000000e+02 1.40000000e+01 5.10819543e+01
 3.54000000e+02 1.40000000e+01 5.10266239e+01
 3.55000000e+02 1.40000000e+01 5.09722434e+01
 3.56000000e+02 1.40000000e+01 5.09188332e+01
 3.57000000e+02 1.40000000e+01 5.08664140e+01
 3.58000000e+02 1.40000000e+01 5.08150063e+01
 3.59000000e+02 1.40000000e+01 5.07646308e+01
 3.60000000e+02 1.40000000e+01 5.07153079e+01
 3.61000000e+02 1.40000000e+01 5.06670584e+01
 3.62000000e+02 1.40000000e+01 5.06199027e+01
 3.63000000e+02 1.40000000e+01 5.05738615e+01
 3.64000000e+02 1.40000000e+01 5.05222072e+01
 3.65000000e+02 1.40000000e+01 5.04783942e+01
 3.66000000e+02 1.40000000e+01 5.04356195e+01
 3.67000000e+02 1.40000000e+01 5.03938232e+01
 3.68000000e+02 1.40000000e+01 5.03529455e+01
 3.69000000e+02 1.40000000e+01 5.03129264e+01
 3.70000000e+02 1.40000000e+01 5.02737061e+01
 3.71000000e+02 1.40000000e+01 5.02352248e+01
 3.72000000e+02 1.40000000e+01 5.01974225e+01
 3.73000000e+02 1.40000000e+01 5.01602394e+01
 3.74000000e+02 1.40000000e+01 5.01236156e+01
 3.75000000e+02 1.40000000e+01 5.00874913e+01
 3.76000000e+02 1.40000000e+01 5.00518066e+01
 3.77000000e+02 1.40000000e+01 5.00165015e+01
 3.78000000e+02 1.40000000e+01 4.99815163e+01
 3.79000000e+02 1.40000000e+01 4.99467910e+01
 3.80000000e+02 1.40000000e+01 4.99122659e+01
 3.81000000e+02 1.40000000e+01 4.98778809e+01
 3.82000000e+02 1.40000000e+01 4.98435764e+01
 3.83000000e+02 1.40000000e+01 4.98092922e+01
 3.84000000e+02 1.40000000e+01 4.97749687e+01
 3.85000000e+02 1.40000000e+01 4.97405460e+01
 3.86000000e+02 1.40000000e+01 4.97059641e+01
 3.87000000e+02 1.40000000e+01 4.96711632e+01
 3.88000000e+02 1.40000000e+01 4.96360834e+01
 3.89000000e+02 1.40000000e+01 4.96006648e+01
 3.90000000e+02 1.40000000e+01 4.95648477e+01
 3.91000000e+02 1.40000000e+01 4.95285721e+01
 3.92000000e+02 1.40000000e+01 4.94917781e+01
 3.93000000e+02 1.40000000e+01 4.94544058e+01
 3.94000000e+02 1.40000000e+01 4.94163955e+01
 3.95000000e+02 1.40000000e+01 4.93776872e+01
 3.96000000e+02 1.40000000e+01 4.93382211e+01
 3.97000000e+02 1.40000000e+01 4.92979372e+01
 3.98000000e+02 1.40000000e+01 4.92567758e+01
 3.99000000e+02 1.40000000e+01 4.92146769e+01
 4.00000000e+02 1.40000000e+01 4.91850127e+01
 4.01000000e+02 1.40000000e+01 4.91408710e+01
 4.02000000e+02 1.40000000e+01 4.90956539e+01
 4.03000000e+02 1.40000000e+01 4.90493339e+01
 4.04000000e+02 1.40000000e+01 4.90018834e+01
 4.05000000e+02 1.40000000e+01 4.89532750e+01
 4.06000000e+02 1.40000000e+01 4.89034812e+01
 4.07000000e+02 1.40000000e+01 4.88524745e+01
 4.08000000e+02 1.40000000e+01 4.88002275e+01
 4.09000000e+02 1.40000000e+01 4.87467125e+01
 4.10000000e+02 1.40000000e+01 4.86919022e+01
 4.11000000e+02 1.40000000e+01 4.86357690e+01
 4.12000000e+02 1.40000000e+01 4.85782854e+01
 4.13000000e+02 1.40000000e+01 4.85194240e+01
 4.14000000e+02 1.40000000e+01 4.84591573e+01
 4.15000000e+02 1.40000000e+01 4.83974577e+01
 4.16000000e+02 1.40000000e+01 4.83342978e+01
 4.17000000e+02 1.40000000e+01 4.82696501e+01
 4.18000000e+02 1.40000000e+01 4.82034870e+01
 4.19000000e+02 1.40000000e+01 4.81357812e+01
 4.20000000e+02 1.40000000e+01 4.80665051e+01
 4.21000000e+02 1.40000000e+01 4.79956312e+01
 4.22000000e+02 1.40000000e+01 4.79231320e+01
 4.23000000e+02 1.40000000e+01 4.78489800e+01
 4.24000000e+02 1.40000000e+01 4.77731478e+01
 4.25000000e+02 1.40000000e+01 4.76956078e+01
 4.26000000e+02 1.40000000e+01 4.76163326e+01
 4.27000000e+02 1.40000000e+01 4.75352946e+01
 4.28000000e+02 1.40000000e+01 4.74524664e+01
 4.29000000e+02 1.40000000e+01 4.73678205e+01
 4.30000000e+02 1.40000000e+01 4.72813294e+01
 4.31000000e+02 1.40000000e+01 4.71929656e+01
 4.32000000e+02 1.40000000e+01 4.71027015e+01
 4.33000000e+02 1.40000000e+01 4.70105098e+01
 4.34000000e+02 1.40000000e+01 4.69163629e+01
 4.35000000e+02 1.40000000e+01 4.68202334e+01
 4.36000000e+02 1.40000000e+01 4.67220936e+01
 4.37000000e+02 1.40000000e+01 4.65785139e+01
 4.38000000e+02 1.40000000e+01 4.64760939e+01
 4.39000000e+02 1.40000000e+01 4.63712395e+01
 4.40000000e+02 1.40000000e+01 4.62637391e+01
 4.41000000e+02 1.40000000e+01 4.61533813e+01
 4.42000000e+02 1.40000000e+01 4.60399545e+01
 4.43000000e+02 1.40000000e+01 4.59232471e+01
 4.44000000e+02 1.40000000e+01 4.58030476e+01
 4.45000000e+02 1.40000000e+01 4.56791446e+01
 4.46000000e+02 1.40000000e+01 4.55513264e+01
 4.47000000e+02 1.40000000e+01 4.54193816e+01
 4.48000000e+02 1.40000000e+01 4.52830986e+01
 4.49000000e+02 1.40000000e+01 4.51422660e+01
 4.50000000e+02 1.40000000e+01 4.49966720e+01
 4.51000000e+02 1.40000000e+01 4.48461053e+01
 4.52000000e+02 1.40000000e+01 4.46903543e+01
 4.53000000e+02 1.40000000e+01 4.45292075e+01
 4.54000000e+02 1.40000000e+01 4.43624533e+01
 4.55000000e+02 1.40000000e+01 4.41898803e+01
 4.56000000e+02 1.40000000e+01 4.40112768e+01
 4.57000000e+02 1.40000000e+01 4.38264314e+01
 4.58000000e+02 1.40000000e+01 4.36351326e+01
 4.59000000e+02 1.40000000e+01 4.34371687e+01
 4.60000000e+02 1.40000000e+01 4.32323284e+01
 4.61000000e+02 1.40000000e+01 4.30203999e+01
 4.62000000e+02 1.40000000e+01 4.28011719e+01
 4.63000000e+02 1.40000000e+01 4.25744328e+01
 4.64000000e+02 1.40000000e+01 4.23399711e+01
 4.65000000e+02 1.40000000e+01 4.20975752e+01
 4.66000000e+02 1.40000000e+01 4.18470336e+01
 4.67000000e+02 1.40000000e+01 4.15881347e+01
 4.68000000e+02 1.40000000e+01 4.13206672e+01
 4.69000000e+02 1.40000000e+01 4.10444193e+01
 4.70000000e+02 1.40000000e+01 4.07591796e+01
 4.71000000e+02 1.40000000e+01 4.04647366e+01
 4.72000000e+02 1.40000000e+01 4.01608788e+01
 4.73000000e+02 1.40000000e+01 3.98699127e+01
 4.74000000e+02 1.40000000e+01 3.95469266e+01
 4.75000000e+02 1.40000000e+01 3.92149050e+01
 4.76000000e+02 1.40000000e+01 3.88743460e+01
 4.77000000e+02 1.40000000e+01 3.85257479e+01
 4.78000000e+02 1.40000000e+01 3.81696089e+01
 4.79000000e+02 1.40000000e+01 3.78064272e+01
 4.80000000e+02 1.40000000e+01 3.74367010e+01
 4.81000000e+02 1.40000000e+01 3.70609285e+01
 4.82000000e+02 1.40000000e+01 3.66796079e+01
 4.83000000e+02 1.40000000e+01 3.62932375e+01
 4.84000000e+02 1.40000000e+01 3.59023154e+01
 4.85000000e+02 1.40000000e+01 3.55073398e+01
 4.86000000e+02 1.40000000e+01 3.51088090e+01
 4.87000000e+02 1.40000000e+01 3.47072211e+01
 4.88000000e+02 1.40000000e+01 3.43030744e+01
 4.89000000e+02 1.40000000e+01 3.38968671e+01
 4.90000000e+02 1.40000000e+01 3.34890974e+01
 4.91000000e+02 1.40000000e+01 3.30802635e+01
 4.92000000e+02 1.40000000e+01 3.26708636e+01
 4.93000000e+02 1.40000000e+01 3.22613958e+01
 4.94000000e+02 1.40000000e+01 3.18523585e+01
 4.95000000e+02 1.40000000e+01 3.14442499e+01
 4.96000000e+02 1.40000000e+01 3.10375680e+01
 4.97000000e+02 1.40000000e+01 3.06328113e+01
 4.98000000e+02 1.40000000e+01 3.02304777e+01
 4.99000000e+02 1.40000000e+01 2.98310657e+01
 5.00000000e+02 1.40000000e+01 2.94350733e+01
 5.01000000e+02 1.40000000e+01 2.90429987e+01
 5.02000000e+02 1.40000000e+01 2.86553403e+01
 5.03000000e+02 1.40000000e+01 2.82725962e+01
 5.04000000e+02 1.40000000e+01 2.78952645e+01
 5.05000000e+02 1.40000000e+01 2.75238436e+01
 5.06000000e+02 1.40000000e+01 2.71588316e+01
 5.07000000e+02 1.40000000e+01 2.68007267e+01
 5.08000000e+02 1.40000000e+01 2.64500272e+01
 5.09000000e+02 1.40000000e+01 2.59942407e+01
 5.10000000e+02 1.40000000e+01 2.56597299e+01
 5.11000000e+02 1.40000000e+01 2.53334164e+01
 5.12000000e+02 1.40000000e+01 2.50150958e+01
 5.13000000e+02 1.40000000e+01 2.47045635e+01
 5.14000000e+02 1.40000000e+01 2.44016151e+01
 5.15000000e+02 1.40000000e+01 2.41060462e+01
 5.16000000e+02 1.40000000e+01 2.38176522e+01
 5.17000000e+02 1.40000000e+01 2.35362288e+01
 5.18000000e+02 1.40000000e+01 2.32615714e+01
 5.19000000e+02 1.40000000e+01 2.29934756e+01
 5.20000000e+02 1.40000000e+01 2.27317369e+01
 5.21000000e+02 1.40000000e+01 2.24761508e+01
 5.22000000e+02 1.40000000e+01 2.22265130e+01
 5.23000000e+02 1.40000000e+01 2.19826189e+01
 5.24000000e+02 1.40000000e+01 2.17442641e+01
 5.25000000e+02 1.40000000e+01 2.15112440e+01
 5.26000000e+02 1.40000000e+01 2.12833544e+01
 5.27000000e+02 1.40000000e+01 2.10603905e+01
 5.28000000e+02 1.40000000e+01 2.08421482e+01
 5.29000000e+02 1.40000000e+01 2.06284227e+01
 5.30000000e+02 1.40000000e+01 2.04190098e+01
 5.31000000e+02 1.40000000e+01 2.02137049e+01
 5.32000000e+02 1.40000000e+01 2.00123035e+01
 5.33000000e+02 1.40000000e+01 1.98146013e+01
 5.34000000e+02 1.40000000e+01 1.96203937e+01
 5.35000000e+02 1.40000000e+01 1.94294762e+01
 5.36000000e+02 1.40000000e+01 1.92416445e+01
 5.37000000e+02 1.40000000e+01 1.90566940e+01
 5.38000000e+02 1.40000000e+01 1.88744203e+01
 5.39000000e+02 1.40000000e+01 1.86946189e+01
 5.40000000e+02 1.40000000e+01 1.85170854e+01
 5.41000000e+02 1.40000000e+01 1.83416153e+01
 5.42000000e+02 1.40000000e+01 1.81680041e+01
 5.43000000e+02 1.40000000e+01 1.79960474e+01
 5.44000000e+02 1.40000000e+01 1.78255407e+01
 5.45000000e+02 1.40000000e+01 1.76562795e+01
 5.46000000e+02 1.40000000e+01 1.74615583e+01
 5.47000000e+02 1.40000000e+01 1.72942941e+01
 5.48000000e+02 1.40000000e+01 1.71279675e+01
 5.49000000e+02 1.40000000e+01 1.69625683e+01
 5.50000000e+02 1.40000000e+01 1.67980865e+01
 5.51000000e+02 1.40000000e+01 1.66345119e+01
 5.52000000e+02 1.40000000e+01 1.64718345e+01
 5.53000000e+02 1.40000000e+01 1.63100440e+01
 5.54000000e+02 1.40000000e+01 1.61491305e+01
 5.55000000e+02 1.40000000e+01 1.59890838e+01
 5.56000000e+02 1.40000000e+01 1.58298938e+01
 5.57000000e+02 1.40000000e+01 1.56715503e+01
 5.58000000e+02 1.40000000e+01 1.55140433e+01
 5.59000000e+02 1.40000000e+01 1.53573627e+01
 5.60000000e+02 1.40000000e+01 1.52014984e+01
 5.61000000e+02 1.40000000e+01 1.50464402e+01
 5.62000000e+02 1.40000000e+01 1.48921780e+01
 5.63000000e+02 1.40000000e+01 1.47387018e+01
 5.64000000e+02 1.40000000e+01 1.45860013e+01
 5.65000000e+02 1.40000000e+01 1.44340666e+01
 5.66000000e+02 1.40000000e+01 1.42828875e+01
 5.67000000e+02 1.40000000e+01 1.41324539e+01
 5.68000000e+02 1.40000000e+01 1.39827557e+01
 5.69000000e+02 1.40000000e+01 1.38337827e+01
 5.70000000e+02 1.40000000e+01 1.36855249e+01
 5.71000000e+02 1.40000000e+01 1.35379722e+01
 5.72000000e+02 1.40000000e+01 1.33911143e+01
 5.73000000e+02 1.40000000e+01 1.32449414e+01
 5.74000000e+02 1.40000000e+01 1.30994431e+01
 5.75000000e+02 1.40000000e+01 1.29546095e+01
 5.76000000e+02 1.40000000e+01 1.28104304e+01
 5.77000000e+02 1.40000000e+01 1.26668957e+01
 5.78000000e+02 1.40000000e+01 1.25239952e+01
 5.79000000e+02 1.40000000e+01 1.23817190e+01
 5.80000000e+02 1.40000000e+01 1.22400568e+01
 5.81000000e+02 1.40000000e+01 1.20989986e+01
 5.82000000e+02 1.40000000e+01 1.19553762e+01
 5.83000000e+02 1.40000000e+01 1.18155037e+01
 5.84000000e+02 1.40000000e+01 1.16762427e+01
 5.85000000e+02 1.40000000e+01 1.15376165e+01
 5.86000000e+02 1.40000000e+01 1.13996480e+01
 5.87000000e+02 1.40000000e+01 1.12623605e+01
 5.88000000e+02 1.40000000e+01 1.11257769e+01
 5.89000000e+02 1.40000000e+01 1.09899204e+01
 5.90000000e+02 1.40000000e+01 1.08548141e+01
 5.91000000e+02 1.40000000e+01 1.07204812e+01
 5.92000000e+02 1.40000000e+01 1.05869446e+01
 5.93000000e+02 1.40000000e+01 1.04542276e+01
 5.94000000e+02 1.40000000e+01 1.03223531e+01
 5.95000000e+02 1.40000000e+01 1.01913444e+01
 5.96000000e+02 1.40000000e+01 1.00612245e+01
 5.97000000e+02 1.40000000e+01 9.93201647e+00
 5.98000000e+02 1.40000000e+01 9.80374349e+00
 5.99000000e+02 1.40000000e+01 9.67642863e+00
 6.00000000e+02 1.40000000e+01 9.55009499e+00
 6.01000000e+02 1.40000000e+01 9.42476568e+00
 6.02000000e+02 1.40000000e+01 9.30046379e+00
 6.03000000e+02 1.40000000e+01 9.17721243e+00
 6.04000000e+02 1.40000000e+01 9.05503470e+00
 6.05000000e+02 1.40000000e+01 8.93395370e+00
 6.06000000e+02 1.40000000e+01 8.81399254e+00
 6.07000000e+02 1.40000000e+01 8.69517432e+00
 6.08000000e+02 1.40000000e+01 8.57752213e+00
 6.09000000e+02 1.40000000e+01 8.46105908e+00
 6.10000000e+02 1.40000000e+01 8.34580828e+00
 6.11000000e+02 1.40000000e+01 8.23179282e+00
 6.12000000e+02 1.40000000e+01 8.11903581e+00
 6.13000000e+02 1.40000000e+01 8.00756035e+00
 6.14000000e+02 1.40000000e+01 7.89738954e+00
 6.15000000e+02 1.40000000e+01 7.78854648e+00
 6.16000000e+02 1.40000000e+01 7.68105427e+00
 6.17000000e+02 1.40000000e+01 7.57493603e+00
 6.18000000e+02 1.40000000e+01 7.47021484e+00
 6.19000000e+02 1.40000000e+01 7.34259592e+00
 6.20000000e+02 1.40000000e+01 7.24070511e+00
 6.21000000e+02 1.40000000e+01 7.14020809e+00
 6.22000000e+02 1.40000000e+01 7.04108561e+00
 6.23000000e+02 1.40000000e+01 6.94331845e+00
 6.24000000e+02 1.40000000e+01 6.84688737e+00
 6.25000000e+02 1.40000000e+01 6.75177313e+00
 6.26000000e+02 1.40000000e+01 6.65795650e+00
 6.27000000e+02 1.40000000e+01 6.56541823e+00
 6.28000000e+02 1.40000000e+01 6.47413911e+00
 6.29000000e+02 1.40000000e+01 6.38409988e+00
 6.30000000e+02 1.40000000e+01 6.29528131e+00
 6.31000000e+02 1.40000000e+01 6.20766417e+00
 6.32000000e+02 1.40000000e+01 6.12122922e+00
 6.33000000e+02 1.40000000e+01 6.03595723e+00
 6.34000000e+02 1.40000000e+01 5.95182896e+00
 6.35000000e+02 1.40000000e+01 5.86882517e+00
 6.36000000e+02 1.40000000e+01 5.78692662e+00
 6.37000000e+02 1.40000000e+01 5.70611409e+00
 6.38000000e+02 1.40000000e+01 5.62636834e+00
 6.39000000e+02 1.40000000e+01 5.54767012e+00
 6.40000000e+02 1.40000000e+01 5.47000021e+00
 6.41000000e+02 1.40000000e+01 5.39333937e+00
 6.42000000e+02 1.40000000e+01 5.31766836e+00
 6.43000000e+02 1.40000000e+01 5.24296795e+00
 6.44000000e+02 1.40000000e+01 5.16921890e+00
 6.45000000e+02 1.40000000e+01 5.09640197e+00
 6.46000000e+02 1.40000000e+01 5.02449793e+00
 6.47000000e+02 1.40000000e+01 4.95348754e+00
 6.48000000e+02 1.40000000e+01 4.88335158e+00
 6.49000000e+02 1.40000000e+01 4.81407079e+00
 6.50000000e+02 1.40000000e+01 4.74562595e+00
 6.51000000e+02 1.40000000e+01 4.67799781e+00
 6.52000000e+02 1.40000000e+01 4.61116716e+00
 6.53000000e+02 1.40000000e+01 4.54511474e+00
 6.54000000e+02 1.40000000e+01 4.47982132e+00
 6.55000000e+02 1.40000000e+01 4.44845160e+00
 6.56000000e+02 1.40000000e+01 4.38464460e+00
 6.57000000e+02 1.40000000e+01 4.32163524e+00
 6.58000000e+02 1.40000000e+01 4.25947921e+00
 6.59000000e+02 1.40000000e+01 4.19823220e+00
 6.60000000e+02 1.40000000e+01 4.13794993e+00
 6.61000000e+02 1.40000000e+01 4.07868807e+00
 6.62000000e+02 1.40000000e+01 4.02050234e+00
 6.63000000e+02 1.40000000e+01 3.96344842e+00
 6.64000000e+02 1.40000000e+01 3.90758201e+00
 6.65000000e+02 1.40000000e+01 3.85295882e+00
 6.66000000e+02 1.40000000e+01 3.79963453e+00
 6.67000000e+02 1.40000000e+01 3.74766484e+00
 6.68000000e+02 1.40000000e+01 3.69710545e+00
 6.69000000e+02 1.40000000e+01 3.64801206e+00
 6.70000000e+02 1.40000000e+01 3.60044036e+00
 6.71000000e+02 1.40000000e+01 3.55444605e+00
 6.72000000e+02 1.40000000e+01 3.51008483e+00
 6.73000000e+02 1.40000000e+01 3.46741239e+00
 6.74000000e+02 1.40000000e+01 3.42648443e+00
 6.75000000e+02 1.40000000e+01 3.38735665e+00
 6.76000000e+02 1.40000000e+01 3.35008473e+00
 6.77000000e+02 1.40000000e+01 3.31472439e+00
 6.78000000e+02 1.40000000e+01 3.28133132e+00
 6.79000000e+02 1.40000000e+01 3.24996120e+00
 6.80000000e+02 1.40000000e+01 3.22066975e+00
 6.81000000e+02 1.40000000e+01 3.19351265e+00
 6.82000000e+02 1.40000000e+01 3.16854561e+00
 6.83000000e+02 1.40000000e+01 3.14582431e+00
 6.84000000e+02 1.40000000e+01 3.12540446e+00
 6.85000000e+02 1.40000000e+01 3.10734175e+00
 6.86000000e+02 1.40000000e+01 3.09169189e+00
 6.87000000e+02 1.40000000e+01 3.07851056e+00
 6.88000000e+02 1.40000000e+01 3.06785346e+00
 6.89000000e+02 1.40000000e+01 3.05977629e+00
 6.90000000e+02 1.40000000e+01 3.05433475e+00
 6.91000000e+02 1.40000000e+01 3.05158453e+00
 6.92000000e+02 1.40000000e+01 3.04231142e+00
 6.93000000e+02 1.40000000e+01 3.04500545e+00
 6.94000000e+02 1.40000000e+01 3.05035482e+00
 6.95000000e+02 1.40000000e+01 3.05830585e+00
 6.96000000e+02 1.40000000e+01 3.06880488e+00
 6.97000000e+02 1.40000000e+01 3.08179826e+00
 6.98000000e+02 1.40000000e+01 3.09723233e+00
 6.99000000e+02 1.40000000e+01 3.11505343e+00
 7.00000000e+02 1.40000000e+01 3.13520789e+00
 7.01000000e+02 1.40000000e+01 3.15764207e+00
 7.02000000e+02 1.40000000e+01 3.18230231e+00
 7.03000000e+02 1.40000000e+01 3.20913493e+00
 7.04000000e+02 1.40000000e+01 3.23808629e+00
 7.05000000e+02 1.40000000e+01 3.26910273e+00
 7.06000000e+02 1.40000000e+01 3.30213058e+00
 7.07000000e+02 1.40000000e+01 3.33711619e+00
 7.08000000e+02 1.40000000e+01 3.37400590e+00
 7.09000000e+02 1.40000000e+01 3.41274604e+00
 7.10000000e+02 1.40000000e+01 3.45328297e+00
 7.11000000e+02 1.40000000e+01 3.49556302e+00
 7.12000000e+02 1.40000000e+01 3.53953254e+00
 7.13000000e+02 1.40000000e+01 3.58513785e+00
 7.14000000e+02 1.40000000e+01 3.63232532e+00
 7.15000000e+02 1.40000000e+01 3.68104127e+00
 7.16000000e+02 1.40000000e+01 3.73123204e+00
 7.17000000e+02 1.40000000e+01 3.78284399e+00
 7.18000000e+02 1.40000000e+01 3.83582344e+00
 7.19000000e+02 1.40000000e+01 3.89011674e+00
 7.20000000e+02 1.40000000e+01 3.94567024e+00
 7.21000000e+02 1.40000000e+01 4.00243027e+00
 7.22000000e+02 1.40000000e+01 4.06034317e+00
 7.23000000e+02 1.40000000e+01 4.11935528e+00
 7.24000000e+02 1.40000000e+01 4.17941296e+00
 7.25000000e+02 1.40000000e+01 4.24046252e+00
 7.26000000e+02 1.40000000e+01 4.30245033e+00
 7.27000000e+02 1.40000000e+01 4.36532272e+00
 7.28000000e+02 1.40000000e+01 4.46523322e+00
 7.29000000e+02 1.40000000e+01 4.52973825e+00
 7.30000000e+02 1.40000000e+01 4.59504098e+00
 7.31000000e+02 1.40000000e+01 4.66113961e+00
 7.32000000e+02 1.40000000e+01 4.72803236e+00
 7.33000000e+02 1.40000000e+01 4.79571744e+00
 7.34000000e+02 1.40000000e+01 4.86419306e+00
 7.35000000e+02 1.40000000e+01 4.93345742e+00
 7.36000000e+02 1.40000000e+01 5.00350873e+00
 7.37000000e+02 1.40000000e+01 5.07434520e+00
 7.38000000e+02 1.40000000e+01 5.14596505e+00
 7.39000000e+02 1.40000000e+01 5.21836648e+00
 7.40000000e+02 1.40000000e+01 5.29154770e+00
 7.41000000e+02 1.40000000e+01 5.36550692e+00
 7.42000000e+02 1.40000000e+01 5.44024234e+00
 7.43000000e+02 1.40000000e+01 5.51575219e+00
 7.44000000e+02 1.40000000e+01 5.59203466e+00
 7.45000000e+02 1.40000000e+01 5.66908797e+00
 7.46000000e+02 1.40000000e+01 5.74691032e+00
 7.47000000e+02 1.40000000e+01 5.82549992e+00
 7.48000000e+02 1.40000000e+01 5.90485499e+00
 7.49000000e+02 1.40000000e+01 5.98497373e+00
 7.50000000e+02 1.40000000e+01 6.06585435e+00
 7.51000000e+02 1.40000000e+01 6.14749506e+00
 7.52000000e+02 1.40000000e+01 6.22989407e+00
 7.53000000e+02 1.40000000e+01 6.31304959e+00
 7.54000000e+02 1.40000000e+01 6.39695983e+00
 7.55000000e+02 1.40000000e+01 6.48162299e+00
 7.56000000e+02 1.40000000e+01 6.56703729e+00
 7.57000000e+02 1.40000000e+01 6.65320093e+00
 7.58000000e+02 1.40000000e+01 6.74011213e+00
 7.59000000e+02 1.40000000e+01 6.82776909e+00
 7.60000000e+02 1.40000000e+01 6.91617002e+00
 7.61000000e+02 1.40000000e+01 7.00531313e+00
 7.62000000e+02 1.40000000e+01 7.09519664e+00
 7.63000000e+02 1.40000000e+01 7.18581874e+00
 7.64000000e+02 1.40000000e+01 7.27717765e+00
