 1.00000000e+00 1.50000000e+01 5.25527754e+00
 2.00000000e+00 1.50000000e+01 5.35903398e+00
 3.00000000e+00 1.50000000e+01 5.45341433e+00
 4.00000000e+00 1.50000000e+01 5.53871243e+00
 5.00000000e+00 1.50000000e+01 5.61522211e+00
 6.00000000e+00 1.50000000e+01 5.68323723e+00
 7.00000000e+00 1.50000000e+01 5.74305161e+00
 8.00000000e+00 1.50000000e+01 5.79495911e+00
 9.00000000e+00 1.50000000e+01 5.83925356e+00
 1.00000000e+01 1.50000000e+01 5.87622879e+00
 1.10000000e+01 1.50000000e+01 5.90617866e+00
 1.20000000e+01 1.50000000e+01 5.92939701e+00
 1.30000000e+01 1.50000000e+01 5.94617766e+00
 1.40000000e+01 1.50000000e+01 5.95681447e+00
 1.50000000e+01 1.50000000e+01 5.96160127e+00
 1.60000000e+01 1.50000000e+01 5.96083190e+00
 1.70000000e+01 1.50000000e+01 5.95480021e+00
 1.80000000e+01 1.50000000e+01 5.94380003e+00
 1.90000000e+01 1.50000000e+01 5.92812521e+00
 2.00000000e+01 1.50000000e+01 5.90806958e+00
 2.10000000e+01 1.50000000e+01 5.88392699e+00
 2.20000000e+01 1.50000000e+01 5.85599128e+00
 2.30000000e+01 1.50000000e+01 5.82455628e+00
 2.40000000e+01 1.50000000e+01 5.78991584e+00
 2.50000000e+01 1.50000000e+01 5.75236379e+00
 2.60000000e+01 1.50000000e+01 5.71219398e+00
 2.70000000e+01 1.50000000e+01 5.66970026e+00
 2.80000000e+01 1.50000000e+01 5.62517645e+00
 2.90000000e+01 1.50000000e+01 5.57891639e+00
 3.00000000e+01 1.50000000e+01 5.53121394e+00
 3.10000000e+01 1.50000000e+01 5.48236293e+00
 3.20000000e+01 1.50000000e+01 5.43265720e+00
 3.30000000e+01 1.50000000e+01 5.38239059e+00
 3.40000000e+01 1.50000000e+01 5.33185693e+00
 3.50000000e+01 1.50000000e+01 5.28135008e+00
 3.60000000e+01 1.50000000e+01 5.23116388e+00
 3.70000000e+01 1.50000000e+01 5.18159215e+00
 3.80000000e+01 1.50000000e+01 5.13292875e+00
 3.90000000e+01 1.50000000e+01 5.08546751e+00
 4.00000000e+01 1.50000000e+01 5.03950227e+00
 4.10000000e+01 1.50000000e+01 4.99532688e+00
 4.20000000e+01 1.50000000e+01 4.95323517e+00
 4.30000000e+01 1.50000000e+01 4.91352098e+00
 4.40000000e+01 1.50000000e+01 4.87647816e+00
 4.50000000e+01 1.50000000e+01 4.84240055e+00
 4.60000000e+01 1.50000000e+01 4.81158198e+00
 4.70000000e+01 1.50000000e+01 4.78431630e+00
 4.80000000e+01 1.50000000e+01 4.76089734e+00
 4.90000000e+01 1.50000000e+01 4.74161895e+00
 5.00000000e+01 1.50000000e+01 4.72677497e+00
 5.10000000e+01 1.50000000e+01 4.71665923e+00
 5.20000000e+01 1.50000000e+01 4.71156559e+00
 5.30000000e+01 1.50000000e+01 4.71178787e+00
 5.40000000e+01 1.50000000e+01 4.71761992e+00
 5.50000000e+01 1.50000000e+01 4.72935558e+00
 5.60000000e+01 1.50000000e+01 4.74728869e+00
 5.70000000e+01 1.50000000e+01 4.77171309e+00
 5.80000000e+01 1.50000000e+01 4.80292262e+00
 5.90000000e+01 1.50000000e+01 4.84121113e+00
 6.00000000e+01 1.50000000e+01 4.78414968e+00
 6.10000000e+01 1.50000000e+01 4.83664963e+00
 6.20000000e+01 1.50000000e+01 4.89547617e+00
 6.30000000e+01 1.50000000e+01 4.96003190e+00
 6.40000000e+01 1.50000000e+01 5.02971944e+00
 6.50000000e+01 1.50000000e+01 5.10394141e+00
 6.60000000e+01 1.50000000e+01 5.18210042e+00
 6.70000000e+01 1.50000000e+01 5.26359909e+00
 6.80000000e+01 1.50000000e+01 5.34784004e+00
 6.90000000e+01 1.50000000e+01 5.43422588e+00
 7.00000000e+01 1.50000000e+01 5.52215922e+00
 7.10000000e+01 1.50000000e+01 5.61104269e+00
 7.20000000e+01 1.50000000e+01 5.70027889e+00
 7.30000000e+01 1.50000000e+01 5.78927045e+00
 7.40000000e+01 1.50000000e+01 5.87741997e+00
 7.50000000e+01 1.50000000e+01 5.96413009e+00
 7.60000000e+01 1.50000000e+01 6.04880340e+00
 7.70000000e+01 1.50000000e+01 6.13084253e+00
 7.80000000e+01 1.50000000e+01 6.20965009e+00
 7.90000000e+01 1.50000000e+01 6.28462870e+00
 8.00000000e+01 1.50000000e+01 6.35518098e+00
 8.10000000e+01 1.50000000e+01 6.42070953e+00
 8.20000000e+01 1.50000000e+01 6.48061698e+00
 8.30000000e+01 1.50000000e+01 6.53430594e+00
 8.40000000e+01 1.50000000e+01 6.58117903e+00
 8.50000000e+01 1.50000000e+01 6.62063886e+00
 8.60000000e+01 1.50000000e+01 6.65208805e+00
 8.70000000e+01 1.50000000e+01 6.67492922e+00
 8.80000000e+01 1.50000000e+01 6.68856497e+00
 8.90000000e+01 1.50000000e+01 6.69239793e+00
 9.00000000e+01 1.50000000e+01 6.68583071e+00
 9.10000000e+01 1.50000000e+01 6.66826593e+00
 9.20000000e+01 1.50000000e+01 6.63910620e+00
 9.30000000e+01 1.50000000e+01 6.59775414e+00
 9.40000000e+01 1.50000000e+01 6.54361237e+00
 9.50000000e+01 1.50000000e+01 6.47608350e+00
 9.60000000e+01 1.50000000e+01 6.39457014e+00
 9.70000000e+01 1.50000000e+01 6.29847491e+00
 9.80000000e+01 1.50000000e+01 6.18720044e+00
 9.90000000e+01 1.50000000e+01 6.06014932e+00
 1.00000000e+02 1.50000000e+01 5.91672419e+00
 1.01000000e+02 1.50000000e+01 5.75632765e+00
 1.02000000e+02 1.50000000e+01 5.57836232e+00
 1.03000000e+02 1.50000000e+01 5.38223081e+00
 1.04000000e+02 1.50000000e+01 5.16733575e+00
 1.05000000e+02 1.50000000e+01 4.93307975e+00
 1.06000000e+02 1.50000000e+01 4.67886542e+00
 1.07000000e+02 1.50000000e+01 4.40409539e+00
 1.08000000e+02 1.50000000e+01 4.10817225e+00
 1.09000000e+02 1.50000000e+01 3.79049864e+00
 1.10000000e+02 1.50000000e+01 3.45047716e+00
 1.11000000e+02 1.50000000e+01 3.08751044e+00
 1.12000000e+02 1.50000000e+01 2.70100109e+00
 1.13000000e+02 1.50000000e+01 2.29035172e+00
 1.14000000e+02 1.50000000e+01 1.85496495e+00
 1.15000000e+02 1.50000000e+01 1.39424339e+00
 1.16000000e+02 1.50000000e+01 9.07589670e-01
 1.17000000e+02 1.50000000e+01 3.94406394e-01
 1.18000000e+02 1.50000000e+01 3.85593675e-03
 1.19000000e+02 1.50000000e+01 -5.63170540e-01
 1.20000000e+02 1.50000000e+01 -1.15616308e+00
 1.21000000e+02 1.50000000e+01 -1.77430568e+00
 1.22000000e+02 1.50000000e+01 -2.41678233e+00
 1.23000000e+02 1.50000000e+01 -3.08277704e+00
 1.24000000e+02 1.50000000e+01 -3.77147381e+00
 1.25000000e+02 1.50000000e+01 -4.48205663e+00
 1.26000000e+02 1.50000000e+01 -5.21370949e+00
 1.27000000e+02 1.50000000e+01 -5.96561641e+00
 1.28000000e+02 1.50000000e+01 -6.73696137e+00
 1.29000000e+02 1.50000000e+01 -7.52692838e+00
 1.30000000e+02 1.50000000e+01 -8.33470142e+00
 1.31000000e+02 1.50000000e+01 -9.15946451e+00
 1.32000000e+02 1.50000000e+01 -1.00004016e+01
 1.33000000e+02 1.50000000e+01 -1.08566968e+01
 1.34000000e+02 1.50000000e+01 -1.17275340e+01
 1.35000000e+02 1.50000000e+01 -1.26120972e+01
 1.36000000e+02 1.50000000e+01 -1.35095705e+01
 1.37000000e+02 1.50000000e+01 -1.44191378e+01
 1.38000000e+02 1.50000000e+01 -1.53399831e+01
 1.39000000e+02 1.50000000e+01 -1.62712904e+01
 1.40000000e+02 1.50000000e+01 -1.72122438e+01
 1.41000000e+02 1.50000000e+01 -1.81620272e+01
 1.42000000e+02 1.50000000e+01 -1.91198246e+01
 1.43000000e+02 1.50000000e+01 -2.00848200e+01
 1.44000000e+02 1.50000000e+01 -2.10561974e+01
 1.45000000e+02 1.50000000e+01 -2.20331409e+01
 1.46000000e+02 1.50000000e+01 -2.30148344e+01
 1.47000000e+02 1.50000000e+01 -2.40004618e+01
 1.48000000e+02 1.50000000e+01 -2.49892073e+01
 1.49000000e+02 1.50000000e+01 -2.59802548e+01
 1.50000000e+02 1.50000000e+01 -2.69727883e+01
 1.51000000e+02 1.50000000e+01 -2.79659918e+01
 1.52000000e+02 1.50000000e+01 -2.89590493e+01
 1.53000000e+02 1.50000000e+01 -2.99511447e+01
 1.54000000e+02 1.50000000e+01 -3.09414622e+01
 1.55000000e+02 1.50000000e+01 -3.19291857e+01
 1.56000000e+02 1.50000000e+01 -3.29134992e+01
 1.57000000e+02 1.50000000e+01 -3.38935866e+01
 1.58000000e+02 1.50000000e+01 -3.48686321e+01
 1.59000000e+02 1.50000000e+01 -3.58378195e+01
 1.60000000e+02 1.50000000e+01 -3.68003329e+01
 1.61000000e+02 1.50000000e+01 -3.77553563e+01
 1.62000000e+02 1.50000000e+01 -3.87020737e+01
 1.63000000e+02 1.50000000e+01 -3.96396690e+01
 1.64000000e+02 1.50000000e+01 -4.05673264e+01
 1.65000000e+02 1.50000000e+01 -4.14842297e+01
 1.66000000e+02 1.50000000e+01 -4.23895630e+01
 1.67000000e+02 1.50000000e+01 -4.32825102e+01
 1.68000000e+02 1.50000000e+01 -4.41622554e+01
 1.69000000e+02 1.50000000e+01 -4.50279826e+01
 1.70000000e+02 1.50000000e+01 -4.58788758e+01
 1.71000000e+02 1.50000000e+01 -4.67141189e+01
 1.72000000e+02 1.50000000e+01 -4.75328960e+01
 1.73000000e+02 1.50000000e+01 -4.83343910e+01
 1.74000000e+02 1.50000000e+01 -4.91177880e+01
 1.75000000e+02 1.50000000e+01 -4.98822709e+01
 1.76000000e+02 1.50000000e+01 -5.01828769e+01
 1.77000000e+02 1.50000000e+01 -5.09077220e+01
 1.78000000e+02 1.50000000e+01 -5.16129829e+01
 1.79000000e+02 1.50000000e+01 -5.22990288e+01
 1.80000000e+02 1.50000000e+01 -5.29662290e+01
 1.81000000e+02 1.50000000e+01 -5.36149527e+01
 1.82000000e+02 1.50000000e+01 -5.42455692e+01
 1.83000000e+02 1.50000000e+01 -5.48584476e+01
 1.84000000e+02 1.50000000e+01 -5.54539572e+01
 1.85000000e+02 1.50000000e+01 -5.60324673e+01
 1.86000000e+02 1.50000000e+01 -5.65943471e+01
 1.87000000e+02 1.50000000e+01 -5.71399657e+01
 1.88000000e+02 1.50000000e+01 -5.76696925e+01
 1.89000000e+02 1.50000000e+01 -5.81838967e+01
 1.90000000e+02 1.50000000e+01 -5.86829475e+01
 1.91000000e+02 1.50000000e+01 -5.91672142e+01
 1.92000000e+02 1.50000000e+01 -5.96370660e+01
 1.93000000e+02 1.50000000e+01 -6.00928720e+01
 1.94000000e+02 1.50000000e+01 -6.05350016e+01
 1.95000000e+02 1.50000000e+01 -6.09638240e+01
 1.96000000e+02 1.50000000e+01 -6.13797085e+01
 1.97000000e+02 1.50000000e+01 -6.17830242e+01
 1.98000000e+02 1.50000000e+01 -6.21741403e+01
 1.99000000e+02 1.50000000e+01 -6.25534262e+01
 2.00000000e+02 1.50000000e+01 -6.29212511e+01
 2.01000000e+02 1.50000000e+01 -6.32779841e+01
 2.02000000e+02 1.50000000e+01 -6.36239946e+01
 2.03000000e+02 1.50000000e+01 -6.39596518e+01
 2.04000000e+02 1.50000000e+01 -6.42853248e+01
 2.05000000e+02 1.50000000e+01 -6.46013830e+01
 2.06000000e+02 1.50000000e+01 -6.49081955e+01
 2.07000000e+02 1.50000000e+01 -6.52061316e+01
 2.08000000e+02 1.50000000e+01 -6.54955606e+01
 2.09000000e+02 1.50000000e+01 -6.57768516e+01
 2.10000000e+02 1.50000000e+01 -6.60503740e+01
 2.11000000e+02 1.50000000e+01 -6.63164968e+01
 2.12000000e+02 1.50000000e+01 -6.65755895e+01
 2.13000000e+02 1.50000000e+01 -6.68280211e+01
 2.14000000e+02 1.50000000e+01 -6.70741610e+01
 2.15000000e+02 1.50000000e+01 -6.73143784e+01
 2.16000000e+02 1.50000000e+01 -6.75490424e+01
 2.17000000e+02 1.50000000e+01 -6.77785225e+01
 2.18000000e+02 1.50000000e+01 -6.80031876e+01
 2.19000000e+02 1.50000000e+01 -6.82234072e+01
 2.20000000e+02 1.50000000e+01 -6.84395505e+01
 2.21000000e+02 1.50000000e+01 -6.86519866e+01
 2.22000000e+02 1.50000000e+01 -6.88610848e+01
 2.23000000e+02 1.50000000e+01 -6.90672144e+01
 2.24000000e+02 1.50000000e+01 -6.92707446e+01
 2.25000000e+02 1.50000000e+01 -6.94720446e+01
 2.26000000e+02 1.50000000e+01 -6.96714836e+01
 2.27000000e+02 1.50000000e+01 -6.98694309e+01
 2.28000000e+02 1.50000000e+01 -7.00662558e+01
 2.29000000e+02 1.50000000e+01 -7.02623274e+01
 2.30000000e+02 1.50000000e+01 -7.04580149e+01
 2.31000000e+02 1.50000000e+01 -7.06536877e+01
 2.32000000e+02 1.50000000e+01 -7.08497150e+01
 2.33000000e+02 1.50000000e+01 -7.10464659e+01
 2.34000000e+02 1.50000000e+01 -7.14125265e+01
 2.35000000e+02 1.50000000e+01 -7.16116453e+01
 2.36000000e+02 1.50000000e+01 -7.18119617e+01
 2.37000000e+02 1.50000000e+01 -7.20133697e+01
 2.38000000e+02 1.50000000e+01 -7.22157630e+01
 2.39000000e+02 1.50000000e+01 -7.24190356e+01
 2.40000000e+02 1.50000000e+01 -7.26230814e+01
 2.41000000e+02 1.50000000e+01 -7.28277943e+01
 2.42000000e+02 1.50000000e+01 -7.30330682e+01
 2.43000000e+02 1.50000000e+01 -7.32387969e+01
 2.44000000e+02 1.50000000e+01 -7.34448744e+01
 2.45000000e+02 1.50000000e+01 -7.36511945e+01
 2.46000000e+02 1.50000000e+01 -7.38576512e+01
 2.47000000e+02 1.50000000e+01 -7.40641383e+01
 2.48000000e+02 1.50000000e+01 -7.42705498e+01
 2.49000000e+02 1.50000000e+01 -7.44767795e+01
 2.50000000e+02 1.50000000e+01 -7.46827213e+01
 2.51000000e+02 1.50000000e+01 -7.48882692e+01
 2.52000000e+02 1.50000000e+01 -7.50933169e+01
 2.53000000e+02 1.50000000e+01 -7.52977585e+01
 2.54000000e+02 1.50000000e+01 -7.55014878e+01
 2.55000000e+02 1.50000000e+01 -7.57043986e+01
 2.56000000e+02 1.50000000e+01 -7.59063850e+01
 2.57000000e+02 1.50000000e+01 -7.61073408e+01
 2.58000000e+02 1.50000000e+01 -7.63071598e+01
 2.59000000e+02 1.50000000e+01 -7.65057360e+01
 2.60000000e+02 1.50000000e+01 -7.67029633e+01
 2.61000000e+02 1.50000000e+01 -7.68987355e+01
 2.62000000e+02 1.50000000e+01 -7.70929466e+01
 2.63000000e+02 1.50000000e+01 -7.72854904e+01
 2.64000000e+02 1.50000000e+01 -7.74762609e+01
 2.65000000e+02 1.50000000e+01 -7.76651520e+01
 2.66000000e+02 1.50000000e+01 -7.78520574e+01
 2.67000000e+02 1.50000000e+01 -7.80368712e+01
 2.68000000e+02 1.50000000e+01 -7.82194872e+01
 2.69000000e+02 1.50000000e+01 -7.83997994e+01
 2.70000000e+02 1.50000000e+01 -7.85777015e+01
 2.71000000e+02 1.50000000e+01 -7.87530876e+01
 2.72000000e+02 1.50000000e+01 -7.89258514e+01
 2.73000000e+02 1.50000000e+01 -7.90958870e+01
 2.74000000e+02 1.50000000e+01 -7.92630881e+01
 2.75000000e+02 1.50000000e+01 -7.94273487e+01
 2.76000000e+02 1.50000000e+01 -7.95885627e+01
 2.77000000e+02 1.50000000e+01 -7.97466240e+01
 2.78000000e+02 1.50000000e+01 -7.99014264e+01
 2.79000000e+02 1.50000000e+01 -8.00528639e+01
 2.80000000e+02 1.50000000e+01 -8.02008303e+01
 2.81000000e+02 1.50000000e+01 -8.03452196e+01
 2.82000000e+02 1.50000000e+01 -8.04859256e+01
 2.83000000e+02 1.50000000e+01 -8.06228423e+01
 2.84000000e+02 1.50000000e+01 -8.07558635e+01
 2.85000000e+02 1.50000000e+01 -8.08848831e+01
 2.86000000e+02 1.50000000e+01 -8.10097951e+01
 2.87000000e+02 1.50000000e+01 -8.11304932e+01
 2.88000000e+02 1.50000000e+01 -8.12468715e+01
 2.89000000e+02 1.50000000e+01 -8.13588237e+01
 2.90000000e+02 1.50000000e+01 -8.14662439e+01
 2.91000000e+02 1.50000000e+01 -8.15690259e+01
 2.92000000e+02 1.50000000e+01 -8.16170189e+01
 2.93000000e+02 1.50000000e+01 -8.17102641e+01
 2.94000000e+02 1.50000000e+01 -8.17987943e+01
 2.95000000e+02 1.50000000e+01 -8.18827102e+01
 2.96000000e+02 1.50000000e+01 -8.19621127e+01
 2.97000000e+02 1.50000000e+01 -8.20371027e+01
 2.98000000e+02 1.50000000e+01 -8.21077811e+01
 2.99000000e+02 1.50000000e+01 -8.21742486e+01
 3.00000000e+02 1.50000000e+01 -8.22366061e+01
 3.01000000e+02 1.50000000e+01 -8.22949546e+01
 3.02000000e+02 1.50000000e+01 -8.23493948e+01
 3.03000000e+02 1.50000000e+01 -8.24000275e+01
 3.04000000e+02 1.50000000e+01 -8.24469537e+01
 3.05000000e+02 1.50000000e+01 -8.24902742e+01
 3.06000000e+02 1.50000000e+01 -8.25300899e+01
 3.07000000e+02 1.50000000e+01 -8.25665015e+01
 3.08000000e+02 1.50000000e+01 -8.25996100e+01
 3.09000000e+02 1.50000000e+01 -8.26295162e+01
 3.10000000e+02 1.50000000e+01 -8.26563209e+01
 3.11000000e+02 1.50000000e+01 -8.26801250e+01
 3.12000000e+02 1.50000000e+01 -8.27010294e+01
 3.13000000e+02 1.50000000e+01 -8.27191349e+01
 3.14000000e+02 1.50000000e+01 -8.27345424e+01
 3.15000000e+02 1.50000000e+01 -8.27473526e+01
 3.16000000e+02 1.50000000e+01 -8.27576665e+01
 3.17000000e+02 1.50000000e+01 -8.27655850e+01
 3.18000000e+02 1.50000000e+01 -8.27712088e+01
 3.19000000e+02 1.50000000e+01 -8.27746388e+01
 3.20000000e+02 1.50000000e+01 -8.27759758e+01
 3.21000000e+02 1.50000000e+01 -8.27753208e+01
 3.22000000e+02 1.50000000e+01 -8.27727746e+01
 3.23000000e+02 1.50000000e+01 -8.27684379e+01
 3.24000000e+02 1.50000000e+01 -8.27624118e+01
 3.25000000e+02 1.50000000e+01 -8.27547970e+01
 3.26000000e+02 1.50000000e+01 -8.27456943e+01
 3.27000000e+02 1.50000000e+01 -8.27352047e+01
 3.28000000e+02 1.50000000e+01 -8.27234290e+01
 3.29000000e+02 1.50000000e+01 -8.27104680e+01
 3.30000000e+02 1.50000000e+01 -8.26964225e+01
 3.31000000e+02 1.50000000e+01 -8.26813936e+01
 3.32000000e+02 1.50000000e+01 -8.26654818e+01
 3.33000000e+02 1.50000000e+01 -8.26487883e+01
 3.34000000e+02 1.50000000e+01 -8.26314137e+01
 3.35000000e+02 1.50000000e+01 -8.26134590e+01
 3.36000000e+02 1.50000000e+01 -8.25950249e+01
 3.37000000e+02 1.50000000e+01 -8.25762124e+01
 3.38000000e+02 1.50000000e+01 -8.25571223e+01
 3.39000000e+02 1.50000000e+01 -8.25378555e+01
 3.40000000e+02 1.50000000e+01 -8.25185127e+01
 3.41000000e+02 1.50000000e+01 -8.24991949e+01
 3.42000000e+02 1.50000000e+01 -8.24800029e+01
 3.43000000e+02 1.50000000e+01 -8.24610376e+01
 3.44000000e+02 1.50000000e+01 -8.24423997e+01
 3.45000000e+02 1.50000000e+01 -8.24241903e+01
 3.46000000e+02 1.50000000e+01 -8.24065100e+01
 3.47000000e+02 1.50000000e+01 -8.23894598e+01
 3.48000000e+02 1.50000000e+01 -8.23731405e+01
 3.49000000e+02 1.50000000e+01 -8.23576529e+01
 3.50000000e+02 1.50000000e+01 -8.22624298e+01
 3.51000000e+02 1.50000000e+01 -8.22488798e+01
 3.52000000e+02 1.50000000e+01 -8.22363026e+01
 3.53000000e+02 1.50000000e+01 -8.22246373e+01
 3.54000000e+02 1.50000000e+01 -8.22138232e+01
 3.55000000e+02 1.50000000e+01 -8.22037996e+01
 3.56000000e+02 1.50000000e+01 -8.21945058e+01
 3.57000000e+02 1.50000000e+01 -8.21858809e+01
 3.58000000e+02 1.50000000e+01 -8.21778643e+01
 3.59000000e+02 1.50000000e+01 -8.21703951e+01
 3.60000000e+02 1.50000000e+01 -8.21634127e+01
 3.61000000e+02 1.50000000e+01 -8.21568563e+01
 3.62000000e+02 1.50000000e+01 -8.21506651e+01
 3.63000000e+02 1.50000000e+01 -8.21447784e+01
 3.64000000e+02 1.50000000e+01 -8.21391354e+01
 3.65000000e+02 1.50000000e+01 -8.21336755e+01
 3.66000000e+02 1.50000000e+01 -8.21283378e+01
 3.67000000e+02 1.50000000e+01 -8.21230616e+01
 3.68000000e+02 1.50000000e+01 -8.21177861e+01
 3.69000000e+02 1.50000000e+01 -8.21124507e+01
 3.70000000e+02 1.50000000e+01 -8.21069945e+01
 3.71000000e+02 1.50000000e+01 -8.21013568e+01
 3.72000000e+02 1.50000000e+01 -8.20954769e+01
 3.73000000e+02 1.50000000e+01 -8.20892940e+01
 3.74000000e+02 1.50000000e+01 -8.20827474e+01
 3.75000000e+02 1.50000000e+01 -8.20757763e+01
 3.76000000e+02 1.50000000e+01 -8.20683200e+01
 3.77000000e+02 1.50000000e+01 -8.20603177e+01
 3.78000000e+02 1.50000000e+01 -8.20517087e+01
 3.79000000e+02 1.50000000e+01 -8.20424322e+01
 3.80000000e+02 1.50000000e+01 -8.20324274e+01
 3.81000000e+02 1.50000000e+01 -8.20216338e+01
 3.82000000e+02 1.50000000e+01 -8.20099903e+01
 3.83000000e+02 1.50000000e+01 -8.19974365e+01
 3.84000000e+02 1.50000000e+01 -8.19839114e+01
 3.85000000e+02 1.50000000e+01 -8.19693544e+01
 3.86000000e+02 1.50000000e+01 -8.19537046e+01
 3.87000000e+02 1.50000000e+01 -8.19369014e+01
 3.88000000e+02 1.50000000e+01 -8.19188840e+01
 3.89000000e+02 1.50000000e+01 -8.18995917e+01
 3.90000000e+02 1.50000000e+01 -8.18789636e+01
 3.91000000e+02 1.50000000e+01 -8.18569391e+01
 3.92000000e+02 1.50000000e+01 -8.18334575e+01
 3.93000000e+02 1.50000000e+01 -8.18084578e+01
 3.94000000e+02 1.50000000e+01 -8.17818795e+01
 3.95000000e+02 1.50000000e+01 -8.17536617e+01
 3.96000000e+02 1.50000000e+01 -8.17237438e+01
 3.97000000e+02 1.50000000e+01 -8.16920649e+01
 3.98000000e+02 1.50000000e+01 -8.16585644e+01
 3.99000000e+02 1.50000000e+01 -8.16231814e+01
 4.00000000e+02 1.50000000e+01 -8.15858552e+01
 4.01000000e+02 1.50000000e+01 -8.15465252e+01
 4.02000000e+02 1.50000000e+01 -8.15051304e+01
 4.03000000e+02 1.50000000e+01 -8.14616102e+01
 4.04000000e+02 1.50000000e+01 -8.14159039e+01
 4.05000000e+02 1.50000000e+01 -8.13679506e+01
 4.06000000e+02 1.50000000e+01 -8.13176897e+01
 4.07000000e+02 1.50000000e+01 -8.12650604e+01
 4.08000000e+02 1.50000000e+01 -8.12100019e+01
 4.09000000e+02 1.50000000e+01 -8.12846703e+01
 4.10000000e+02 1.50000000e+01 -8.12245968e+01
 4.11000000e+02 1.50000000e+01 -8.11619578e+01
 4.12000000e+02 1.50000000e+01 -8.10967175e+01
 4.13000000e+02 1.50000000e+01 -8.10288404e+01
 4.14000000e+02 1.50000000e+01 -8.09582906e+01
 4.15000000e+02 1.50000000e+01 -8.08850325e+01
 4.16000000e+02 1.50000000e+01 -8.08090303e+01
 4.17000000e+02 1.50000000e+01 -8.07302484e+01
 4.18000000e+02 1.50000000e+01 -8.06486511e+01
 4.19000000e+02 1.50000000e+01 -8.05642025e+01
 4.20000000e+02 1.50000000e+01 -8.04768671e+01
 4.21000000e+02 1.50000000e+01 -8.03866091e+01
 4.22000000e+02 1.50000000e+01 -8.02933928e+01
 4.23000000e+02 1.50000000e+01 -8.01971825e+01
 4.24000000e+02 1.50000000e+01 -8.00979425e+01
 4.25000000e+02 1.50000000e+01 -7.99956370e+01
 4.26000000e+02 1.50000000e+01 -7.98902304e+01
 4.27000000e+02 1.50000000e+01 -7.97816870e+01
 4.28000000e+02 1.50000000e+01 -7.96699710e+01
 4.29000000e+02 1.50000000e+01 -7.95550468e+01
 4.30000000e+02 1.50000000e+01 -7.94368786e+01
 4.31000000e+02 1.50000000e+01 -7.93154307e+01
 4.32000000e+02 1.50000000e+01 -7.91906674e+01
 4.33000000e+02 1.50000000e+01 -7.90625531e+01
 4.34000000e+02 1.50000000e+01 -7.89310519e+01
 4.35000000e+02 1.50000000e+01 -7.87961282e+01
 4.36000000e+02 1.50000000e+01 -7.86577463e+01
 4.37000000e+02 1.50000000e+01 -7.85158705e+01
 4.38000000e+02 1.50000000e+01 -7.83704650e+01
 4.39000000e+02 1.50000000e+01 -7.82214942e+01
 4.40000000e+02 1.50000000e+01 -7.80689223e+01
 4.41000000e+02 1.50000000e+01 -7.79127137e+01
 4.42000000e+02 1.50000000e+01 -7.77528325e+01
 4.43000000e+02 1.50000000e+01 -7.75892432e+01
 4.44000000e+02 1.50000000e+01 -7.74219100e+01
 4.45000000e+02 1.50000000e+01 -7.72507972e+01
 4.46000000e+02 1.50000000e+01 -7.70758691e+01
 4.47000000e+02 1.50000000e+01 -7.68970899e+01
 4.48000000e+02 1.50000000e+01 -7.67144240e+01
 4.49000000e+02 1.50000000e+01 -7.65278357e+01
 4.50000000e+02 1.50000000e+01 -7.63372893e+01
 4.51000000e+02 1.50000000e+01 -7.61427490e+01
 4.52000000e+02 1.50000000e+01 -7.59441791e+01
 4.53000000e+02 1.50000000e+01 -7.57415439e+01
 4.54000000e+02 1.50000000e+01 -7.55348078e+01
 4.55000000e+02 1.50000000e+01 -7.53239349e+01
 4.56000000e+02 1.50000000e+01 -7.51088897e+01
 4.57000000e+02 1.50000000e+01 -7.48896363e+01
 4.58000000e+02 1.50000000e+01 -7.46661392e+01
 4.59000000e+02 1.50000000e+01 -7.44383625e+01
 4.60000000e+02 1.50000000e+01 -7.42062705e+01
 4.61000000e+02 1.50000000e+01 -7.39698277e+01
 4.62000000e+02 1.50000000e+01 -7.37289981e+01
 4.63000000e+02 1.50000000e+01 -7.34837462e+01
 4.64000000e+02 1.50000000e+01 -7.32340362e+01
 4.65000000e+02 1.50000000e+01 -7.29798325e+01
 4.66000000e+02 1.50000000e+01 -7.27210992e+01
 4.67000000e+02 1.50000000e+01 -7.21687838e+01
 4.68000000e+02 1.50000000e+01 -7.19008066e+01
 4.69000000e+02 1.50000000e+01 -7.16280132e+01
 4.70000000e+02 1.50000000e+01 -7.13502603e+01
 4.71000000e+02 1.50000000e+01 -7.10674045e+01
 4.72000000e+02 1.50000000e+01 -7.07793022e+01
 4.73000000e+02 1.50000000e+01 -7.04858102e+01
 4.74000000e+02 1.50000000e+01 -7.01867849e+01
 4.75000000e+02 1.50000000e+01 -6.98820830e+01
 4.76000000e+02 1.50000000e+01 -6.95715610e+01
 4.77000000e+02 1.50000000e+01 -6.92550756e+01
 4.78000000e+02 1.50000000e+01 -6.89324833e+01
 4.79000000e+02 1.50000000e+01 -6.86036406e+01
 4.80000000e+02 1.50000000e+01 -6.82684043e+01
 4.81000000e+02 1.50000000e+01 -6.79266308e+01
 4.82000000e+02 1.50000000e+01 -6.75781767e+01
 4.83000000e+02 1.50000000e+01 -6.72228987e+01
 4.84000000e+02 1.50000000e+01 -6.68606533e+01
 4.85000000e+02 1.50000000e+01 -6.64912971e+01
 4.86000000e+02 1.50000000e+01 -6.61146866e+01
 4.87000000e+02 1.50000000e+01 -6.57306785e+01
 4.88000000e+02 1.50000000e+01 -6.53391294e+01
 4.89000000e+02 1.50000000e+01 -6.49398957e+01
 4.90000000e+02 1.50000000e+01 -6.45328342e+01
 4.91000000e+02 1.50000000e+01 -6.41178014e+01
 4.92000000e+02 1.50000000e+01 -6.36946538e+01
 4.93000000e+02 1.50000000e+01 -6.32632481e+01
 4.94000000e+02 1.50000000e+01 -6.28234408e+01
 4.95000000e+02 1.50000000e+01 -6.23750885e+01
 4.96000000e+02 1.50000000e+01 -6.19180478e+01
 4.97000000e+02 1.50000000e+01 -6.14521754e+01
 4.98000000e+02 1.50000000e+01 -6.09773276e+01
 4.99000000e+02 1.50000000e+01 -6.04933613e+01
 5.00000000e+02 1.50000000e+01 -6.00001328e+01
 5.01000000e+02 1.50000000e+01 -5.94974989e+01
 5.02000000e+02 1.50000000e+01 -5.89853161e+01
 5.03000000e+02 1.50000000e+01 -5.84634409e+01
 5.04000000e+02 1.50000000e+01 -5.79317300e+01
 5.05000000e+02 1.50000000e+01 -5.73900399e+01
 5.06000000e+02 1.50000000e+01 -5.68382273e+01
 5.07000000e+02 1.50000000e+01 -5.62761487e+01
 5.08000000e+02 1.50000000e+01 -5.57036607e+01
 5.09000000e+02 1.50000000e+01 -5.51206198e+01
 5.10000000e+02 1.50000000e+01 -5.45268827e+01
 5.11000000e+02 1.50000000e+01 -5.39223060e+01
 5.12000000e+02 1.50000000e+01 -5.33067462e+01
 5.13000000e+02 1.50000000e+01 -5.26800598e+01
 5.14000000e+02 1.50000000e+01 -5.20421036e+01
 5.15000000e+02 1.50000000e+01 -5.13927340e+01
 5.16000000e+02 1.50000000e+01 -5.07318077e+01
 5.17000000e+02 1.50000000e+01 -5.00591812e+01
 5.18000000e+02 1.50000000e+01 -4.93747112e+01
 5.19000000e+02 1.50000000e+01 -4.86782541e+01
 5.20000000e+02 1.50000000e+01 -4.79696667e+01
 5.21000000e+02 1.50000000e+01 -4.72488054e+01
 5.22000000e+02 1.50000000e+01 -4.65155268e+01
 5.23000000e+02 1.50000000e+01 -4.57696876e+01
 5.24000000e+02 1.50000000e+01 -4.50111443e+01
 5.25000000e+02 1.50000000e+01 -4.46150932e+01
 5.26000000e+02 1.50000000e+01 -4.38311454e+01
 5.27000000e+02 1.50000000e+01 -4.30352903e+01
 5.28000000e+02 1.50000000e+01 -4.22282027e+01
 5.29000000e+02 1.50000000e+01 -4.14105570e+01
 5.30000000e+02 1.50000000e+01 -4.05830279e+01
 5.31000000e+02 1.50000000e+01 -3.97462901e+01
 5.32000000e+02 1.50000000e+01 -3.89010182e+01
 5.33000000e+02 1.50000000e+01 -3.80478868e+01
 5.34000000e+02 1.50000000e+01 -3.71875706e+01
 5.35000000e+02 1.50000000e+01 -3.63207441e+01
 5.36000000e+02 1.50000000e+01 -3.54480821e+01
 5.37000000e+02 1.50000000e+01 -3.45702592e+01
 5.38000000e+02 1.50000000e+01 -3.36879499e+01
 5.39000000e+02 1.50000000e+01 -3.28018289e+01
 5.40000000e+02 1.50000000e+01 -3.19125709e+01
 5.41000000e+02 1.50000000e+01 -3.10208505e+01
 5.42000000e+02 1.50000000e+01 -3.01273422e+01
 5.43000000e+02 1.50000000e+01 -2.92327209e+01
 5.44000000e+02 1.50000000e+01 -2.83376610e+01
 5.45000000e+02 1.50000000e+01 -2.74428372e+01
 5.46000000e+02 1.50000000e+01 -2.65489241e+01
 5.47000000e+02 1.50000000e+01 -2.56565964e+01
 5.48000000e+02 1.50000000e+01 -2.47665287e+01
 5.49000000e+02 1.50000000e+01 -2.38793957e+01
 5.50000000e+02 1.50000000e+01 -2.29958719e+01
 5.51000000e+02 1.50000000e+01 -2.21166320e+01
 5.52000000e+02 1.50000000e+01 -2.12423506e+01
 5.53000000e+02 1.50000000e+01 -2.03737024e+01
 5.54000000e+02 1.50000000e+01 -1.95113620e+01
 5.55000000e+02 1.50000000e+01 -1.86560040e+01
 5.56000000e+02 1.50000000e+01 -1.78083030e+01
 5.57000000e+02 1.50000000e+01 -1.69689338e+01
 5.58000000e+02 1.50000000e+01 -1.61385709e+01
 5.59000000e+02 1.50000000e+01 -1.53178889e+01
 5.60000000e+02 1.50000000e+01 -1.45075625e+01
 5.61000000e+02 1.50000000e+01 -1.37082663e+01
 5.62000000e+02 1.50000000e+01 -1.29206750e+01
 5.63000000e+02 1.50000000e+01 -1.21454631e+01
 5.64000000e+02 1.50000000e+01 -1.13833053e+01
 5.65000000e+02 1.50000000e+01 -1.06348763e+01
 5.66000000e+02 1.50000000e+01 -9.90085069e+00
 5.67000000e+02 1.50000000e+01 -9.18190305e+00
 5.68000000e+02 1.50000000e+01 -8.47870805e+00
 5.69000000e+02 1.50000000e+01 -7.79194031e+00
 5.70000000e+02 1.50000000e+01 -7.12227448e+00
 5.71000000e+02 1.50000000e+01 -6.47038517e+00
 5.72000000e+02 1.50000000e+01 -5.83694703e+00
 5.73000000e+02 1.50000000e+01 -5.22263468e+00
 5.74000000e+02 1.50000000e+01 -4.62812275e+00
 5.75000000e+02 1.50000000e+01 -4.05408589e+00
 5.76000000e+02 1.50000000e+01 -3.50119871e+00
 5.77000000e+02 1.50000000e+01 -2.97013586e+00
 5.78000000e+02 1.50000000e+01 -2.46157195e+00
 5.79000000e+02 1.50000000e+01 -1.97618163e+00
 5.80000000e+02 1.50000000e+01 -1.51463953e+00
 5.81000000e+02 1.50000000e+01 -1.07762028e+00
 5.82000000e+02 1.50000000e+01 -6.65798499e-01
 5.83000000e+02 1.50000000e+01 -6.18071279e-01
 5.84000000e+02 1.50000000e+01 -2.58158002e-01
 5.85000000e+02 1.50000000e+01 7.63124214e-02
 5.86000000e+02 1.50000000e+01 3.85999253e-01
 5.87000000e+02 1.50000000e+01 6.71561752e-01
 5.88000000e+02 1.50000000e+01 9.33659178e-01
 5.89000000e+02 1.50000000e+01 1.17295079e+00
 5.90000000e+02 1.50000000e+01 1.39009585e+00
 5.91000000e+02 1.50000000e+01 1.58575362e+00
 5.92000000e+02 1.50000000e+01 1.76058335e+00
 5.93000000e+02 1.50000000e+01 1.91524431e+00
 5.94000000e+02 1.50000000e+01 2.05039576e+00
 5.95000000e+02 1.50000000e+01 2.16669696e+00
 5.96000000e+02 1.50000000e+01 2.26480716e+00
 5.97000000e+02 1.50000000e+01 2.34538562e+00
 5.98000000e+02 1.50000000e+01 2.40909162e+00
 5.99000000e+02 1.50000000e+01 2.45658440e+00
 6.00000000e+02 1.50000000e+01 2.48852322e+00
 6.01000000e+02 1.50000000e+01 2.50556735e+00
 6.02000000e+02 1.50000000e+01 2.50837605e+00
 6.03000000e+02 1.50000000e+01 2.49760857e+00
 6.04000000e+02 1.50000000e+01 2.47392418e+00
 6.05000000e+02 1.50000000e+01 2.43798213e+00
 6.06000000e+02 1.50000000e+01 2.39044169e+00
 6.07000000e+02 1.50000000e+01 2.33196212e+00
 6.08000000e+02 1.50000000e+01 2.26320267e+00
 6.09000000e+02 1.50000000e+01 2.18482260e+00
 6.10000000e+02 1.50000000e+01 2.09748118e+00
 6.11000000e+02 1.50000000e+01 2.00183766e+00
 6.12000000e+02 1.50000000e+01 1.89855131e+00
 6.13000000e+02 1.50000000e+01 1.78828139e+00
 6.14000000e+02 1.50000000e+01 1.67168714e+00
 6.15000000e+02 1.50000000e+01 1.54942785e+00
 6.16000000e+02 1.50000000e+01 1.42216275e+00
 6.17000000e+02 1.50000000e+01 1.29055113e+00
 6.18000000e+02 1.50000000e+01 1.15525222e+00
 6.19000000e+02 1.50000000e+01 1.01692530e+00
 6.20000000e+02 1.50000000e+01 8.76229622e-01
 6.21000000e+02 1.50000000e+01 7.33824449e-01
 6.22000000e+02 1.50000000e+01 5.90369039e-01
 6.23000000e+02 1.50000000e+01 4.46522653e-01
 6.24000000e+02 1.50000000e+01 3.02944551e-01
 6.25000000e+02 1.50000000e+01 1.60293991e-01
 6.26000000e+02 1.50000000e+01 1.92302353e-02
 6.27000000e+02 1.50000000e+01 -1.19587458e-01
 6.28000000e+02 1.50000000e+01 -2.55499828e-01
 6.29000000e+02 1.50000000e+01 -3.87847615e-01
 6.30000000e+02 1.50000000e+01 -5.15971559e-01
 6.31000000e+02 1.50000000e+01 -6.39212400e-01
 6.32000000e+02 1.50000000e+01 -7.56910879e-01
 6.33000000e+02 1.50000000e+01 -8.68407736e-01
 6.34000000e+02 1.50000000e+01 -9.73043710e-01
 6.35000000e+02 1.50000000e+01 -1.07015954e+00
 6.36000000e+02 1.50000000e+01 -1.15909597e+00
 6.37000000e+02 1.50000000e+01 -1.23919374e+00
 6.38000000e+02 1.50000000e+01 -1.30979358e+00
 6.39000000e+02 1.50000000e+01 -1.37023625e+00
 6.40000000e+02 1.50000000e+01 -1.41986247e+00
 6.41000000e+02 1.50000000e+01 -1.33081491e+00
 6.42000000e+02 1.50000000e+01 -1.35716086e+00
 6.43000000e+02 1.50000000e+01 -1.37215193e+00
 6.44000000e+02 1.50000000e+01 -1.37636255e+00
 6.45000000e+02 1.50000000e+01 -1.37036720e+00
 6.46000000e+02 1.50000000e+01 -1.35474030e+00
 6.47000000e+02 1.50000000e+01 -1.33005633e+00
 6.48000000e+02 1.50000000e+01 -1.29688973e+00
 6.49000000e+02 1.50000000e+01 -1.25581495e+00
 6.50000000e+02 1.50000000e+01 -1.20740644e+00
 6.51000000e+02 1.50000000e+01 -1.15223867e+00
 6.52000000e+02 1.50000000e+01 -1.09088607e+00
 6.53000000e+02 1.50000000e+01 -1.02392311e+00
 6.54000000e+02 1.50000000e+01 -9.51924224e-01
 6.55000000e+02 1.50000000e+01 -8.75463880e-01
 6.56000000e+02 1.50000000e+01 -7.95116524e-01
 6.57000000e+02 1.50000000e+01 -7.11456610e-01
 6.58000000e+02 1.50000000e+01 -6.25058588e-01
 6.59000000e+02 1.50000000e+01 -5.36496912e-01
 6.60000000e+02 1.50000000e+01 -4.46346034e-01
 6.61000000e+02 1.50000000e+01 -3.55180406e-01
 6.62000000e+02 1.50000000e+01 -2.63574479e-01
 6.63000000e+02 1.50000000e+01 -1.72102708e-01
 6.64000000e+02 1.50000000e+01 -8.13395425e-02
 6.65000000e+02 1.50000000e+01 8.14056367e-03
 6.66000000e+02 1.50000000e+01 9.57631587e-02
 6.67000000e+02 1.50000000e+01 1.80953790e-01
 6.68000000e+02 1.50000000e+01 2.63138006e-01
 6.69000000e+02 1.50000000e+01 3.41741355e-01
 6.70000000e+02 1.50000000e+01 4.16189383e-01
 6.71000000e+02 1.50000000e+01 4.85907638e-01
 6.72000000e+02 1.50000000e+01 5.50321669e-01
 6.73000000e+02 1.50000000e+01 6.08857024e-01
 6.74000000e+02 1.50000000e+01 6.60939249e-01
 6.75000000e+02 1.50000000e+01 7.05993893e-01
 6.76000000e+02 1.50000000e+01 7.43446503e-01
 6.77000000e+02 1.50000000e+01 7.72722627e-01
 6.78000000e+02 1.50000000e+01 7.93247814e-01
 6.79000000e+02 1.50000000e+01 8.04447610e-01
 6.80000000e+02 1.50000000e+01 8.05747563e-01
 6.81000000e+02 1.50000000e+01 7.96573222e-01
 6.82000000e+02 1.50000000e+01 7.76350134e-01
 6.83000000e+02 1.50000000e+01 7.44503847e-01
 6.84000000e+02 1.50000000e+01 7.00459908e-01
 6.85000000e+02 1.50000000e+01 6.43643865e-01
 6.86000000e+02 1.50000000e+01 5.73481266e-01
 6.87000000e+02 1.50000000e+01 4.89397659e-01
 6.88000000e+02 1.50000000e+01 3.90818592e-01
 6.89000000e+02 1.50000000e+01 2.77169611e-01
 6.90000000e+02 1.50000000e+01 1.47876266e-01
 6.91000000e+02 1.50000000e+01 2.36410405e-03
 6.92000000e+02 1.50000000e+01 -1.59941328e-01
 6.93000000e+02 1.50000000e+01 -3.39614481e-01
 6.94000000e+02 1.50000000e+01 -5.37229809e-01
 6.95000000e+02 1.50000000e+01 -7.53361762e-01
 6.96000000e+02 1.50000000e+01 -9.88584794e-01
 6.97000000e+02 1.50000000e+01 -1.24347336e+00
 6.98000000e+02 1.50000000e+01 -1.51860190e+00
 6.99000000e+02 1.50000000e+01 -1.81454488e+00
