 2.00000000e+00 3.10000000e+01 7.59583406e+00
 3.00000000e+00 3.10000000e+01 7.61587504e+00
 4.00000000e+00 3.10000000e+01 7.63409261e+00
 5.00000000e+00 3.10000000e+01 7.65052817e+00
 6.00000000e+00 3.10000000e+01 7.66522316e+00
 7.00000000e+00 3.10000000e+01 7.67821898e+00
 8.00000000e+00 3.10000000e+01 7.68955707e+00
 9.00000000e+00 3.10000000e+01 7.69927884e+00
 1.00000000e+01 3.10000000e+01 7.70742571e+00
 1.10000000e+01 3.10000000e+01 7.71403909e+00
 1.20000000e+01 3.10000000e+01 7.71916042e+00
 1.30000000e+01 3.10000000e+01 7.72283110e+00
 1.40000000e+01 3.10000000e+01 7.72509257e+00
 1.50000000e+01 3.10000000e+01 7.72598623e+00
 1.60000000e+01 3.10000000e+01 7.72555351e+00
 1.70000000e+01 3.10000000e+01 7.72383583e+00
 1.80000000e+01 3.10000000e+01 7.72087460e+00
 1.90000000e+01 3.10000000e+01 7.71671126e+00
 2.00000000e+01 3.10000000e+01 7.71138720e+00
 2.10000000e+01 3.10000000e+01 7.70494387e+00
 2.20000000e+01 3.10000000e+01 7.69742267e+00
 2.30000000e+01 3.10000000e+01 7.68886503e+00
 2.40000000e+01 3.10000000e+01 7.67931236e+00
 2.50000000e+01 3.10000000e+01 7.66880609e+00
 2.60000000e+01 3.10000000e+01 7.65738763e+00
 2.70000000e+01 3.10000000e+01 7.64509841e+00
 2.80000000e+01 3.10000000e+01 7.63197984e+00
 2.90000000e+01 3.10000000e+01 7.61807334e+00
 3.00000000e+01 3.10000000e+01 7.60342034e+00
 3.10000000e+01 3.10000000e+01 7.58806225e+00
 3.20000000e+01 3.10000000e+01 7.57204049e+00
 3.30000000e+01 3.10000000e+01 7.55539649e+00
 3.40000000e+01 3.10000000e+01 7.53817166e+00
 3.50000000e+01 3.10000000e+01 7.52040742e+00
 3.60000000e+01 3.10000000e+01 7.50214519e+00
 3.70000000e+01 3.10000000e+01 7.48342639e+00
 3.80000000e+01 3.10000000e+01 7.46429244e+00
 3.90000000e+01 3.10000000e+01 7.44478477e+00
 4.00000000e+01 3.10000000e+01 7.42494478e+00
 4.10000000e+01 3.10000000e+01 7.40481391e+00
 4.20000000e+01 3.10000000e+01 7.38443356e+00
 4.30000000e+01 3.10000000e+01 7.36384516e+00
 4.40000000e+01 3.10000000e+01 7.34309013e+00
 4.50000000e+01 3.10000000e+01 7.32220989e+00
 4.60000000e+01 3.10000000e+01 7.30124586e+00
 4.70000000e+01 3.10000000e+01 7.28023946e+00
 4.80000000e+01 3.10000000e+01 7.25923210e+00
 4.90000000e+01 3.10000000e+01 7.23826521e+00
 5.00000000e+01 3.10000000e+01 7.21738021e+00
 5.10000000e+01 3.10000000e+01 7.19661851e+00
 5.20000000e+01 3.10000000e+01 7.17602154e+00
 5.30000000e+01 3.10000000e+01 7.15563072e+00
 5.40000000e+01 3.10000000e+01 7.13548746e+00
 5.50000000e+01 3.10000000e+01 7.11563318e+00
 5.60000000e+01 3.10000000e+01 7.09610932e+00
 5.70000000e+01 3.10000000e+01 7.07695727e+00
 5.80000000e+01 3.10000000e+01 7.05821847e+00
 5.90000000e+01 3.10000000e+01 7.03993434e+00
 6.00000000e+01 3.10000000e+01 7.03483233e+00
 6.10000000e+01 3.10000000e+01 7.01756601e+00
 6.20000000e+01 3.10000000e+01 7.00081141e+00
 6.30000000e+01 3.10000000e+01 6.98455232e+00
 6.40000000e+01 3.10000000e+01 6.96877256e+00
 6.50000000e+01 3.10000000e+01 6.95345595e+00
 6.60000000e+01 3.10000000e+01 6.93858628e+00
 6.70000000e+01 3.10000000e+01 6.92414737e+00
 6.80000000e+01 3.10000000e+01 6.91012302e+00
 6.90000000e+01 3.10000000e+01 6.89649705e+00
 7.00000000e+01 3.10000000e+01 6.88325327e+00
 7.10000000e+01 3.10000000e+01 6.87037549e+00
 7.20000000e+01 3.10000000e+01 6.85784751e+00
 7.30000000e+01 3.10000000e+01 6.84565314e+00
 7.40000000e+01 3.10000000e+01 6.83377620e+00
 7.50000000e+01 3.10000000e+01 6.82220049e+00
 7.60000000e+01 3.10000000e+01 6.81090983e+00
 7.70000000e+01 3.10000000e+01 6.79988801e+00
 7.80000000e+01 3.10000000e+01 6.78911886e+00
 7.90000000e+01 3.10000000e+01 6.77858618e+00
 8.00000000e+01 3.10000000e+01 6.76827378e+00
 8.10000000e+01 3.10000000e+01 6.75816546e+00
 8.20000000e+01 3.10000000e+01 6.74824505e+00
 8.30000000e+01 3.10000000e+01 6.73849634e+00
 8.40000000e+01 3.10000000e+01 6.72890316e+00
 8.50000000e+01 3.10000000e+01 6.71944930e+00
 8.60000000e+01 3.10000000e+01 6.71011857e+00
 8.70000000e+01 3.10000000e+01 6.70089480e+00
 8.80000000e+01 3.10000000e+01 6.69176178e+00
 8.90000000e+01 3.10000000e+01 6.68270332e+00
 9.00000000e+01 3.10000000e+01 6.67370324e+00
 9.10000000e+01 3.10000000e+01 6.66474534e+00
 9.20000000e+01 3.10000000e+01 6.65581343e+00
 9.30000000e+01 3.10000000e+01 6.64689133e+00
 9.40000000e+01 3.10000000e+01 6.63796283e+00
 9.50000000e+01 3.10000000e+01 6.62901176e+00
 9.60000000e+01 3.10000000e+01 6.62002192e+00
 9.70000000e+01 3.10000000e+01 6.61097712e+00
 9.80000000e+01 3.10000000e+01 6.60186117e+00
 9.90000000e+01 3.10000000e+01 6.59265788e+00
 1.00000000e+02 3.10000000e+01 6.58335106e+00
 1.01000000e+02 3.10000000e+01 6.57392451e+00
 1.02000000e+02 3.10000000e+01 6.56436205e+00
 1.03000000e+02 3.10000000e+01 6.55464749e+00
 1.04000000e+02 3.10000000e+01 6.54476463e+00
 1.05000000e+02 3.10000000e+01 6.53469729e+00
 1.06000000e+02 3.10000000e+01 6.52442927e+00
 1.07000000e+02 3.10000000e+01 6.51394439e+00
 1.08000000e+02 3.10000000e+01 6.50322645e+00
 1.09000000e+02 3.10000000e+01 6.49225927e+00
 1.10000000e+02 3.10000000e+01 6.48102664e+00
 1.11000000e+02 3.10000000e+01 6.46951239e+00
 1.12000000e+02 3.10000000e+01 6.45770032e+00
 1.13000000e+02 3.10000000e+01 6.44557424e+00
 1.14000000e+02 3.10000000e+01 6.43311795e+00
 1.15000000e+02 3.10000000e+01 6.42031528e+00
 1.16000000e+02 3.10000000e+01 6.40715003e+00
 1.17000000e+02 3.10000000e+01 6.39360600e+00
 1.18000000e+02 3.10000000e+01 6.44097246e+00
 1.19000000e+02 3.10000000e+01 6.42663405e+00
 1.20000000e+02 3.10000000e+01 6.41190665e+00
 1.21000000e+02 3.10000000e+01 6.39680284e+00
 1.22000000e+02 3.10000000e+01 6.38133518e+00
 1.23000000e+02 3.10000000e+01 6.36551626e+00
 1.24000000e+02 3.10000000e+01 6.34935864e+00
 1.25000000e+02 3.10000000e+01 6.33287489e+00
 1.26000000e+02 3.10000000e+01 6.31607760e+00
 1.27000000e+02 3.10000000e+01 6.29897934e+00
 1.28000000e+02 3.10000000e+01 6.28159268e+00
 1.29000000e+02 3.10000000e+01 6.26393019e+00
 1.30000000e+02 3.10000000e+01 6.24600445e+00
 1.31000000e+02 3.10000000e+01 6.22782803e+00
 1.32000000e+02 3.10000000e+01 6.20941351e+00
 1.33000000e+02 3.10000000e+01 6.19077346e+00
 1.34000000e+02 3.10000000e+01 6.17192045e+00
 1.35000000e+02 3.10000000e+01 6.15286706e+00
 1.36000000e+02 3.10000000e+01 6.13362587e+00
 1.37000000e+02 3.10000000e+01 6.11420944e+00
 1.38000000e+02 3.10000000e+01 6.09463035e+00
 1.39000000e+02 3.10000000e+01 6.07490117e+00
 1.40000000e+02 3.10000000e+01 6.05503449e+00
 1.41000000e+02 3.10000000e+01 6.03504286e+00
 1.42000000e+02 3.10000000e+01 6.01493887e+00
 1.43000000e+02 3.10000000e+01 5.99473509e+00
 1.44000000e+02 3.10000000e+01 5.97444410e+00
 1.45000000e+02 3.10000000e+01 5.95407846e+00
 1.46000000e+02 3.10000000e+01 5.93365075e+00
 1.47000000e+02 3.10000000e+01 5.91317355e+00
 1.48000000e+02 3.10000000e+01 5.89265943e+00
 1.49000000e+02 3.10000000e+01 5.87212097e+00
 1.50000000e+02 3.10000000e+01 5.85157073e+00
 1.51000000e+02 3.10000000e+01 5.83102129e+00
 1.52000000e+02 3.10000000e+01 5.81048523e+00
 1.53000000e+02 3.10000000e+01 5.78997512e+00
 1.54000000e+02 3.10000000e+01 5.76950353e+00
 1.55000000e+02 3.10000000e+01 5.74908304e+00
 1.56000000e+02 3.10000000e+01 5.72872622e+00
 1.57000000e+02 3.10000000e+01 5.70844564e+00
 1.58000000e+02 3.10000000e+01 5.68825389e+00
 1.59000000e+02 3.10000000e+01 5.66816353e+00
 1.60000000e+02 3.10000000e+01 5.64818713e+00
 1.61000000e+02 3.10000000e+01 5.62833728e+00
 1.62000000e+02 3.10000000e+01 5.60862654e+00
 1.63000000e+02 3.10000000e+01 5.58906749e+00
 1.64000000e+02 3.10000000e+01 5.56967271e+00
 1.65000000e+02 3.10000000e+01 5.55045476e+00
 1.66000000e+02 3.10000000e+01 5.53142622e+00
 1.67000000e+02 3.10000000e+01 5.51259967e+00
 1.68000000e+02 3.10000000e+01 5.49398767e+00
 1.69000000e+02 3.10000000e+01 5.47560281e+00
 1.70000000e+02 3.10000000e+01 5.45745766e+00
 1.71000000e+02 3.10000000e+01 5.43956478e+00
 1.72000000e+02 3.10000000e+01 5.42193676e+00
 1.73000000e+02 3.10000000e+01 5.40458617e+00
 1.74000000e+02 3.10000000e+01 5.38752559e+00
 1.75000000e+02 3.10000000e+01 5.37076758e+00
 1.76000000e+02 3.10000000e+01 5.35647508e+00
 1.77000000e+02 3.10000000e+01 5.34034858e+00
 1.78000000e+02 3.10000000e+01 5.32452919e+00
 1.79000000e+02 3.10000000e+01 5.30900738e+00
 1.80000000e+02 3.10000000e+01 5.29377361e+00
 1.81000000e+02 3.10000000e+01 5.27881832e+00
 1.82000000e+02 3.10000000e+01 5.26413197e+00
 1.83000000e+02 3.10000000e+01 5.24970502e+00
 1.84000000e+02 3.10000000e+01 5.23552793e+00
 1.85000000e+02 3.10000000e+01 5.22159114e+00
 1.86000000e+02 3.10000000e+01 5.20788511e+00
 1.87000000e+02 3.10000000e+01 5.19440031e+00
 1.88000000e+02 3.10000000e+01 5.18112718e+00
 1.89000000e+02 3.10000000e+01 5.16805618e+00
 1.90000000e+02 3.10000000e+01 5.15517777e+00
 1.91000000e+02 3.10000000e+01 5.14248240e+00
 1.92000000e+02 3.10000000e+01 5.12996052e+00
 1.93000000e+02 3.10000000e+01 5.11760260e+00
 1.94000000e+02 3.10000000e+01 5.10539908e+00
 1.95000000e+02 3.10000000e+01 5.09334043e+00
 1.96000000e+02 3.10000000e+01 5.08141710e+00
 1.97000000e+02 3.10000000e+01 5.06961953e+00
 1.98000000e+02 3.10000000e+01 5.05793820e+00
 1.99000000e+02 3.10000000e+01 5.04636356e+00
 2.00000000e+02 3.10000000e+01 5.03488605e+00
 2.01000000e+02 3.10000000e+01 5.02349614e+00
 2.02000000e+02 3.10000000e+01 5.01218427e+00
 2.03000000e+02 3.10000000e+01 5.00094092e+00
 2.04000000e+02 3.10000000e+01 4.98975653e+00
 2.05000000e+02 3.10000000e+01 4.97862155e+00
 2.06000000e+02 3.10000000e+01 4.96752644e+00
 2.07000000e+02 3.10000000e+01 4.95646167e+00
 2.08000000e+02 3.10000000e+01 4.94541768e+00
 2.09000000e+02 3.10000000e+01 4.93438492e+00
 2.10000000e+02 3.10000000e+01 4.92335386e+00
 2.11000000e+02 3.10000000e+01 4.91231495e+00
 2.12000000e+02 3.10000000e+01 4.90125865e+00
 2.13000000e+02 3.10000000e+01 4.89017540e+00
 2.14000000e+02 3.10000000e+01 4.87905567e+00
 2.15000000e+02 3.10000000e+01 4.86788991e+00
 2.16000000e+02 3.10000000e+01 4.85666858e+00
 2.17000000e+02 3.10000000e+01 4.84538213e+00
 2.18000000e+02 3.10000000e+01 4.83402102e+00
 2.19000000e+02 3.10000000e+01 4.82257570e+00
 2.20000000e+02 3.10000000e+01 4.81103663e+00
 2.21000000e+02 3.10000000e+01 4.79939426e+00
 2.22000000e+02 3.10000000e+01 4.78763906e+00
 2.23000000e+02 3.10000000e+01 4.77576146e+00
 2.24000000e+02 3.10000000e+01 4.76375194e+00
 2.25000000e+02 3.10000000e+01 4.75160094e+00
 2.26000000e+02 3.10000000e+01 4.73929893e+00
 2.27000000e+02 3.10000000e+01 4.72683635e+00
 2.28000000e+02 3.10000000e+01 4.71420366e+00
 2.29000000e+02 3.10000000e+01 4.70139132e+00
 2.30000000e+02 3.10000000e+01 4.68838978e+00
 2.31000000e+02 3.10000000e+01 4.67518950e+00
 2.32000000e+02 3.10000000e+01 4.66178093e+00
 2.33000000e+02 3.10000000e+01 4.64815453e+00
 2.34000000e+02 3.10000000e+01 4.60008598e+00
 2.35000000e+02 3.10000000e+01 4.58601436e+00
 2.36000000e+02 3.10000000e+01 4.57174024e+00
 2.37000000e+02 3.10000000e+01 4.55728045e+00
 2.38000000e+02 3.10000000e+01 4.54265181e+00
 2.39000000e+02 3.10000000e+01 4.52787116e+00
 2.40000000e+02 3.10000000e+01 4.51295533e+00
 2.41000000e+02 3.10000000e+01 4.49792116e+00
 2.42000000e+02 3.10000000e+01 4.48278547e+00
 2.43000000e+02 3.10000000e+01 4.46756509e+00
 2.44000000e+02 3.10000000e+01 4.45227685e+00
 2.45000000e+02 3.10000000e+01 4.43693760e+00
 2.46000000e+02 3.10000000e+01 4.42156415e+00
 2.47000000e+02 3.10000000e+01 4.40617334e+00
 2.48000000e+02 3.10000000e+01 4.39078201e+00
 2.49000000e+02 3.10000000e+01 4.37540697e+00
 2.50000000e+02 3.10000000e+01 4.36006507e+00
 2.51000000e+02 3.10000000e+01 4.34477314e+00
 2.52000000e+02 3.10000000e+01 4.32954800e+00
 2.53000000e+02 3.10000000e+01 4.31440649e+00
 2.54000000e+02 3.10000000e+01 4.29936544e+00
 2.55000000e+02 3.10000000e+01 4.28444168e+00
 2.56000000e+02 3.10000000e+01 4.26965205e+00
 2.57000000e+02 3.10000000e+01 4.25501336e+00
 2.58000000e+02 3.10000000e+01 4.24054246e+00
 2.59000000e+02 3.10000000e+01 4.22625618e+00
 2.60000000e+02 3.10000000e+01 4.21217134e+00
 2.61000000e+02 3.10000000e+01 4.19830479e+00
 2.62000000e+02 3.10000000e+01 4.18467334e+00
 2.63000000e+02 3.10000000e+01 4.17129384e+00
 2.64000000e+02 3.10000000e+01 4.15818310e+00
 2.65000000e+02 3.10000000e+01 4.14535798e+00
 2.66000000e+02 3.10000000e+01 4.13283528e+00
 2.67000000e+02 3.10000000e+01 4.12063186e+00
 2.68000000e+02 3.10000000e+01 4.10876453e+00
 2.69000000e+02 3.10000000e+01 4.09725014e+00
 2.70000000e+02 3.10000000e+01 4.08610550e+00
 2.71000000e+02 3.10000000e+01 4.07534746e+00
 2.72000000e+02 3.10000000e+01 4.06499284e+00
 2.73000000e+02 3.10000000e+01 4.05505847e+00
 2.74000000e+02 3.10000000e+01 4.04556119e+00
 2.75000000e+02 3.10000000e+01 4.03651783e+00
 2.76000000e+02 3.10000000e+01 4.02794522e+00
 2.77000000e+02 3.10000000e+01 4.01986019e+00
 2.78000000e+02 3.10000000e+01 4.01227957e+00
 2.79000000e+02 3.10000000e+01 4.00522020e+00
 2.80000000e+02 3.10000000e+01 3.99869890e+00
 2.81000000e+02 3.10000000e+01 3.99273250e+00
 2.82000000e+02 3.10000000e+01 3.98733784e+00
 2.83000000e+02 3.10000000e+01 3.98253175e+00
 2.84000000e+02 3.10000000e+01 3.97833107e+00
 2.85000000e+02 3.10000000e+01 3.97475261e+00
 2.86000000e+02 3.10000000e+01 3.97181321e+00
 2.87000000e+02 3.10000000e+01 3.96952971e+00
 2.88000000e+02 3.10000000e+01 3.96791894e+00
 2.89000000e+02 3.10000000e+01 3.96699772e+00
 2.90000000e+02 3.10000000e+01 3.96678289e+00
 2.91000000e+02 3.10000000e+01 3.96729128e+00
 2.92000000e+02 3.10000000e+01 3.92292391e+00
 2.93000000e+02 3.10000000e+01 3.92489416e+00
 2.94000000e+02 3.10000000e+01 3.92756989e+00
 2.95000000e+02 3.10000000e+01 3.93093067e+00
 2.96000000e+02 3.10000000e+01 3.93495612e+00
 2.97000000e+02 3.10000000e+01 3.93962585e+00
 2.98000000e+02 3.10000000e+01 3.94491944e+00
 2.99000000e+02 3.10000000e+01 3.95081652e+00
 3.00000000e+02 3.10000000e+01 3.95729667e+00
 3.01000000e+02 3.10000000e+01 3.96433950e+00
 3.02000000e+02 3.10000000e+01 3.97192462e+00
 3.03000000e+02 3.10000000e+01 3.98003163e+00
 3.04000000e+02 3.10000000e+01 3.98864012e+00
 3.05000000e+02 3.10000000e+01 3.99772971e+00
 3.06000000e+02 3.10000000e+01 4.00728000e+00
 3.07000000e+02 3.10000000e+01 4.01727059e+00
 3.08000000e+02 3.10000000e+01 4.02768108e+00
 3.09000000e+02 3.10000000e+01 4.03849108e+00
 3.10000000e+02 3.10000000e+01 4.04968018e+00
 3.11000000e+02 3.10000000e+01 4.06122800e+00
 3.12000000e+02 3.10000000e+01 4.07311413e+00
 3.13000000e+02 3.10000000e+01 4.08531817e+00
 3.14000000e+02 3.10000000e+01 4.09781974e+00
 3.15000000e+02 3.10000000e+01 4.11059843e+00
 3.16000000e+02 3.10000000e+01 4.12363385e+00
 3.17000000e+02 3.10000000e+01 4.13690559e+00
 3.18000000e+02 3.10000000e+01 4.15039327e+00
 3.19000000e+02 3.10000000e+01 4.16407648e+00
 3.20000000e+02 3.10000000e+01 4.17793483e+00
 3.21000000e+02 3.10000000e+01 4.19194792e+00
 3.22000000e+02 3.10000000e+01 4.20609536e+00
 3.23000000e+02 3.10000000e+01 4.22035674e+00
 3.24000000e+02 3.10000000e+01 4.23471167e+00
 3.25000000e+02 3.10000000e+01 4.24913975e+00
 3.26000000e+02 3.10000000e+01 4.26362059e+00
 3.27000000e+02 3.10000000e+01 4.27813379e+00
 3.28000000e+02 3.10000000e+01 4.29265895e+00
 3.29000000e+02 3.10000000e+01 4.30717567e+00
 3.30000000e+02 3.10000000e+01 4.32166356e+00
 3.31000000e+02 3.10000000e+01 4.33610222e+00
 3.32000000e+02 3.10000000e+01 4.35047125e+00
 3.33000000e+02 3.10000000e+01 4.36475026e+00
 3.34000000e+02 3.10000000e+01 4.37891885e+00
 3.35000000e+02 3.10000000e+01 4.39295662e+00
 3.36000000e+02 3.10000000e+01 4.40684317e+00
 3.37000000e+02 3.10000000e+01 4.42055811e+00
 3.38000000e+02 3.10000000e+01 4.43408105e+00
 3.39000000e+02 3.10000000e+01 4.44739157e+00
 3.40000000e+02 3.10000000e+01 4.46046929e+00
 3.41000000e+02 3.10000000e+01 4.47329382e+00
 3.42000000e+02 3.10000000e+01 4.48584474e+00
 3.43000000e+02 3.10000000e+01 4.49810167e+00
 3.44000000e+02 3.10000000e+01 4.51004421e+00
 3.45000000e+02 3.10000000e+01 4.52165196e+00
 3.46000000e+02 3.10000000e+01 4.53290452e+00
 3.47000000e+02 3.10000000e+01 4.54378150e+00
 3.48000000e+02 3.10000000e+01 4.55426250e+00
 3.49000000e+02 3.10000000e+01 4.53258698e+00
 3.50000000e+02 3.10000000e+01 4.54221898e+00
 3.51000000e+02 3.10000000e+01 4.55142084e+00
 3.52000000e+02 3.10000000e+01 4.56019922e+00
 3.53000000e+02 3.10000000e+01 4.56856076e+00
 3.54000000e+02 3.10000000e+01 4.57651209e+00
 3.55000000e+02 3.10000000e+01 4.58405988e+00
 3.56000000e+02 3.10000000e+01 4.59121075e+00
 3.57000000e+02 3.10000000e+01 4.59797136e+00
 3.58000000e+02 3.10000000e+01 4.60434835e+00
 3.59000000e+02 3.10000000e+01 4.61034836e+00
 3.60000000e+02 3.10000000e+01 4.61597803e+00
 3.61000000e+02 3.10000000e+01 4.62124402e+00
 3.62000000e+02 3.10000000e+01 4.62615296e+00
 3.63000000e+02 3.10000000e+01 4.63071149e+00
 3.64000000e+02 3.10000000e+01 4.63492627e+00
 3.65000000e+02 3.10000000e+01 4.63880394e+00
 3.66000000e+02 3.10000000e+01 4.64235114e+00
 3.67000000e+02 3.10000000e+01 4.64557451e+00
 3.68000000e+02 3.10000000e+01 4.64848070e+00
 3.69000000e+02 3.10000000e+01 4.65107635e+00
 3.70000000e+02 3.10000000e+01 4.65336811e+00
 3.71000000e+02 3.10000000e+01 4.65536262e+00
 3.72000000e+02 3.10000000e+01 4.65706653e+00
 3.73000000e+02 3.10000000e+01 4.65848647e+00
 3.74000000e+02 3.10000000e+01 4.65962910e+00
 3.75000000e+02 3.10000000e+01 4.66050105e+00
 3.76000000e+02 3.10000000e+01 4.66110897e+00
 3.77000000e+02 3.10000000e+01 4.66145951e+00
 3.78000000e+02 3.10000000e+01 4.66155931e+00
 3.79000000e+02 3.10000000e+01 4.66141501e+00
 3.80000000e+02 3.10000000e+01 4.66103326e+00
 3.81000000e+02 3.10000000e+01 4.66042070e+00
 3.82000000e+02 3.10000000e+01 4.65958397e+00
 3.83000000e+02 3.10000000e+01 4.65852972e+00
 3.84000000e+02 3.10000000e+01 4.65726460e+00
 3.85000000e+02 3.10000000e+01 4.65579524e+00
 3.86000000e+02 3.10000000e+01 4.65412830e+00
 3.87000000e+02 3.10000000e+01 4.65227041e+00
 3.88000000e+02 3.10000000e+01 4.65022821e+00
 3.89000000e+02 3.10000000e+01 4.64800837e+00
 3.90000000e+02 3.10000000e+01 4.64561750e+00
 3.91000000e+02 3.10000000e+01 4.64306228e+00
 3.92000000e+02 3.10000000e+01 4.64034932e+00
 3.93000000e+02 3.10000000e+01 4.63748529e+00
 3.94000000e+02 3.10000000e+01 4.63447682e+00
 3.95000000e+02 3.10000000e+01 4.63133055e+00
 3.96000000e+02 3.10000000e+01 4.62805314e+00
 3.97000000e+02 3.10000000e+01 4.62465122e+00
 3.98000000e+02 3.10000000e+01 4.62113145e+00
 3.99000000e+02 3.10000000e+01 4.61750045e+00
 4.00000000e+02 3.10000000e+01 4.61376489e+00
 4.01000000e+02 3.10000000e+01 4.60993140e+00
 4.02000000e+02 3.10000000e+01 4.60600662e+00
 4.03000000e+02 3.10000000e+01 4.60199720e+00
 4.04000000e+02 3.10000000e+01 4.59790979e+00
 4.05000000e+02 3.10000000e+01 4.59375102e+00
 4.06000000e+02 3.10000000e+01 4.58952755e+00
 4.07000000e+02 3.10000000e+01 4.59617789e+00
 4.08000000e+02 3.10000000e+01 4.59184208e+00
 4.09000000e+02 3.10000000e+01 4.58744863e+00
 4.10000000e+02 3.10000000e+01 4.58299317e+00
 4.11000000e+02 3.10000000e+01 4.57847132e+00
 4.12000000e+02 3.10000000e+01 4.57387870e+00
 4.13000000e+02 3.10000000e+01 4.56921094e+00
 4.14000000e+02 3.10000000e+01 4.56446366e+00
 4.15000000e+02 3.10000000e+01 4.55963249e+00
 4.16000000e+02 3.10000000e+01 4.55471304e+00
 4.17000000e+02 3.10000000e+01 4.54970094e+00
 4.18000000e+02 3.10000000e+01 4.54459181e+00
 4.19000000e+02 3.10000000e+01 4.53938128e+00
 4.20000000e+02 3.10000000e+01 4.53406496e+00
 4.21000000e+02 3.10000000e+01 4.52863848e+00
 4.22000000e+02 3.10000000e+01 4.52309747e+00
 4.23000000e+02 3.10000000e+01 4.51743754e+00
 4.24000000e+02 3.10000000e+01 4.51165432e+00
 4.25000000e+02 3.10000000e+01 4.50574343e+00
 4.26000000e+02 3.10000000e+01 4.49970050e+00
 4.27000000e+02 3.10000000e+01 4.49352114e+00
 4.28000000e+02 3.10000000e+01 4.48720098e+00
 4.29000000e+02 3.10000000e+01 4.48073564e+00
 4.30000000e+02 3.10000000e+01 4.47412076e+00
 4.31000000e+02 3.10000000e+01 4.46735193e+00
 4.32000000e+02 3.10000000e+01 4.46042480e+00
 4.33000000e+02 3.10000000e+01 4.45333499e+00
 4.34000000e+02 3.10000000e+01 4.44607811e+00
 4.35000000e+02 3.10000000e+01 4.43864979e+00
 4.36000000e+02 3.10000000e+01 4.43104565e+00
 4.37000000e+02 3.10000000e+01 4.42326132e+00
 4.38000000e+02 3.10000000e+01 4.41529242e+00
 4.39000000e+02 3.10000000e+01 4.40713457e+00
 4.40000000e+02 3.10000000e+01 4.39878339e+00
 4.41000000e+02 3.10000000e+01 4.39023451e+00
 4.42000000e+02 3.10000000e+01 4.38148355e+00
 4.43000000e+02 3.10000000e+01 4.37252613e+00
 4.44000000e+02 3.10000000e+01 4.36335788e+00
 4.45000000e+02 3.10000000e+01 4.35397441e+00
 4.46000000e+02 3.10000000e+01 4.34437136e+00
 4.47000000e+02 3.10000000e+01 4.33454434e+00
 4.48000000e+02 3.10000000e+01 4.32448897e+00
 4.49000000e+02 3.10000000e+01 4.31420089e+00
 4.50000000e+02 3.10000000e+01 4.30367570e+00
 4.51000000e+02 3.10000000e+01 4.29290905e+00
 4.52000000e+02 3.10000000e+01 4.28189654e+00
 4.53000000e+02 3.10000000e+01 4.27063380e+00
 4.54000000e+02 3.10000000e+01 4.25911646e+00
 4.55000000e+02 3.10000000e+01 4.24734013e+00
 4.56000000e+02 3.10000000e+01 4.23530044e+00
 4.57000000e+02 3.10000000e+01 4.22299301e+00
 4.58000000e+02 3.10000000e+01 4.21041347e+00
 4.59000000e+02 3.10000000e+01 4.19755744e+00
 4.60000000e+02 3.10000000e+01 4.18442054e+00
 4.61000000e+02 3.10000000e+01 4.17099839e+00
 4.62000000e+02 3.10000000e+01 4.15728661e+00
 4.63000000e+02 3.10000000e+01 4.14328084e+00
 4.64000000e+02 3.10000000e+01 4.12897669e+00
 4.65000000e+02 3.10000000e+01 4.10067519e+00
 4.66000000e+02 3.10000000e+01 4.08576609e+00
 4.67000000e+02 3.10000000e+01 4.07056124e+00
 4.68000000e+02 3.10000000e+01 4.05506807e+00
 4.69000000e+02 3.10000000e+01 4.03929403e+00
 4.70000000e+02 3.10000000e+01 4.02324656e+00
 4.71000000e+02 3.10000000e+01 4.00693309e+00
 4.72000000e+02 3.10000000e+01 3.99036106e+00
 4.73000000e+02 3.10000000e+01 3.97353791e+00
 4.74000000e+02 3.10000000e+01 3.95647109e+00
 4.75000000e+02 3.10000000e+01 3.93916803e+00
 4.76000000e+02 3.10000000e+01 3.92163617e+00
 4.77000000e+02 3.10000000e+01 3.90388295e+00
 4.78000000e+02 3.10000000e+01 3.88591581e+00
 4.79000000e+02 3.10000000e+01 3.86774220e+00
 4.80000000e+02 3.10000000e+01 3.84936954e+00
 4.81000000e+02 3.10000000e+01 3.83080528e+00
 4.82000000e+02 3.10000000e+01 3.81205686e+00
 4.83000000e+02 3.10000000e+01 3.79313171e+00
 4.84000000e+02 3.10000000e+01 3.77403729e+00
 4.85000000e+02 3.10000000e+01 3.75478102e+00
 4.86000000e+02 3.10000000e+01 3.73537035e+00
 4.87000000e+02 3.10000000e+01 3.71581271e+00
 4.88000000e+02 3.10000000e+01 3.69611555e+00
 4.89000000e+02 3.10000000e+01 3.67628630e+00
 4.90000000e+02 3.10000000e+01 3.65633241e+00
 4.91000000e+02 3.10000000e+01 3.63626131e+00
 4.92000000e+02 3.10000000e+01 3.61608044e+00
 4.93000000e+02 3.10000000e+01 3.59579725e+00
 4.94000000e+02 3.10000000e+01 3.57541916e+00
 4.95000000e+02 3.10000000e+01 3.55495363e+00
 4.96000000e+02 3.10000000e+01 3.53440809e+00
 4.97000000e+02 3.10000000e+01 3.51378999e+00
 4.98000000e+02 3.10000000e+01 3.49310675e+00
 4.99000000e+02 3.10000000e+01 3.47236582e+00
 5.00000000e+02 3.10000000e+01 3.45157464e+00
 5.01000000e+02 3.10000000e+01 3.43074065e+00
 5.02000000e+02 3.10000000e+01 3.40987128e+00
 5.03000000e+02 3.10000000e+01 3.38897399e+00
 5.04000000e+02 3.10000000e+01 3.36805620e+00
 5.05000000e+02 3.10000000e+01 3.34712536e+00
 5.06000000e+02 3.10000000e+01 3.32618890e+00
 5.07000000e+02 3.10000000e+01 3.30525427e+00
 5.08000000e+02 3.10000000e+01 3.28432890e+00
 5.09000000e+02 3.10000000e+01 3.26342024e+00
 5.10000000e+02 3.10000000e+01 3.24253572e+00
 5.11000000e+02 3.10000000e+01 3.22168278e+00
 5.12000000e+02 3.10000000e+01 3.20086887e+00
 5.13000000e+02 3.10000000e+01 3.18010142e+00
 5.14000000e+02 3.10000000e+01 3.15938787e+00
 5.15000000e+02 3.10000000e+01 3.13873566e+00
 5.16000000e+02 3.10000000e+01 3.11815224e+00
 5.17000000e+02 3.10000000e+01 3.09764503e+00
 5.18000000e+02 3.10000000e+01 3.07722148e+00
 5.19000000e+02 3.10000000e+01 3.05688904e+00
 5.20000000e+02 3.10000000e+01 3.03665513e+00
 5.21000000e+02 3.10000000e+01 3.01652719e+00
 5.22000000e+02 3.10000000e+01 2.99651268e+00
 5.23000000e+02 3.10000000e+01 2.97135992e+00
 5.24000000e+02 3.10000000e+01 2.95159027e+00
 5.25000000e+02 3.10000000e+01 2.93194435e+00
 5.26000000e+02 3.10000000e+01 2.91242156e+00
 5.27000000e+02 3.10000000e+01 2.89302136e+00
 5.28000000e+02 3.10000000e+01 2.87374315e+00
 5.29000000e+02 3.10000000e+01 2.85458638e+00
 5.30000000e+02 3.10000000e+01 2.83555046e+00
 5.31000000e+02 3.10000000e+01 2.81663484e+00
 5.32000000e+02 3.10000000e+01 2.79783892e+00
 5.33000000e+02 3.10000000e+01 2.77916215e+00
 5.34000000e+02 3.10000000e+01 2.76060395e+00
 5.35000000e+02 3.10000000e+01 2.74216375e+00
 5.36000000e+02 3.10000000e+01 2.72384098e+00
 5.37000000e+02 3.10000000e+01 2.70563506e+00
 5.38000000e+02 3.10000000e+01 2.68754543e+00
 5.39000000e+02 3.10000000e+01 2.66957150e+00
 5.40000000e+02 3.10000000e+01 2.65171271e+00
 5.41000000e+02 3.10000000e+01 2.63396850e+00
 5.42000000e+02 3.10000000e+01 2.61633827e+00
 5.43000000e+02 3.10000000e+01 2.59882147e+00
 5.44000000e+02 3.10000000e+01 2.58141752e+00
 5.45000000e+02 3.10000000e+01 2.56412585e+00
 5.46000000e+02 3.10000000e+01 2.54694588e+00
 5.47000000e+02 3.10000000e+01 2.52987705e+00
 5.48000000e+02 3.10000000e+01 2.51291879e+00
 5.49000000e+02 3.10000000e+01 2.49607051e+00
 5.50000000e+02 3.10000000e+01 2.47933165e+00
 5.51000000e+02 3.10000000e+01 2.46270164e+00
 5.52000000e+02 3.10000000e+01 2.44617991e+00
 5.53000000e+02 3.10000000e+01 2.42976588e+00
 5.54000000e+02 3.10000000e+01 2.41345898e+00
 5.55000000e+02 3.10000000e+01 2.39725864e+00
 5.56000000e+02 3.10000000e+01 2.38116428e+00
 5.57000000e+02 3.10000000e+01 2.36517534e+00
 5.58000000e+02 3.10000000e+01 2.34929125e+00
 5.59000000e+02 3.10000000e+01 2.33351142e+00
 5.60000000e+02 3.10000000e+01 2.31783529e+00
 5.61000000e+02 3.10000000e+01 2.30226229e+00
 5.62000000e+02 3.10000000e+01 2.28679185e+00
 5.63000000e+02 3.10000000e+01 2.27142339e+00
 5.64000000e+02 3.10000000e+01 2.25615634e+00
 5.65000000e+02 3.10000000e+01 2.24099013e+00
 5.66000000e+02 3.10000000e+01 2.22592418e+00
 5.67000000e+02 3.10000000e+01 2.21095793e+00
 5.68000000e+02 3.10000000e+01 2.19609081e+00
 5.69000000e+02 3.10000000e+01 2.18132223e+00
 5.70000000e+02 3.10000000e+01 2.16665164e+00
 5.71000000e+02 3.10000000e+01 2.15207845e+00
 5.72000000e+02 3.10000000e+01 2.13760210e+00
 5.73000000e+02 3.10000000e+01 2.12322201e+00
 5.74000000e+02 3.10000000e+01 2.10893761e+00
 5.75000000e+02 3.10000000e+01 2.09474833e+00
 5.76000000e+02 3.10000000e+01 2.08065360e+00
 5.77000000e+02 3.10000000e+01 2.06665284e+00
 5.78000000e+02 3.10000000e+01 2.05274549e+00
 5.79000000e+02 3.10000000e+01 2.03893097e+00
 5.80000000e+02 3.10000000e+01 2.02520870e+00
 5.81000000e+02 3.10000000e+01 2.00401583e+00
 5.82000000e+02 3.10000000e+01 1.99048606e+00
 5.83000000e+02 3.10000000e+01 1.97706917e+00
 5.84000000e+02 3.10000000e+01 1.96377800e+00
 5.85000000e+02 3.10000000e+01 1.95062536e+00
 5.86000000e+02 3.10000000e+01 1.93762410e+00
 5.87000000e+02 3.10000000e+01 1.92478704e+00
 5.88000000e+02 3.10000000e+01 1.91212702e+00
 5.89000000e+02 3.10000000e+01 1.89965685e+00
 5.90000000e+02 3.10000000e+01 1.88738938e+00
 5.91000000e+02 3.10000000e+01 1.87533744e+00
 5.92000000e+02 3.10000000e+01 1.86351385e+00
 5.93000000e+02 3.10000000e+01 1.85193145e+00
 5.94000000e+02 3.10000000e+01 1.84060306e+00
 5.95000000e+02 3.10000000e+01 1.82954152e+00
 5.96000000e+02 3.10000000e+01 1.81875965e+00
 5.97000000e+02 3.10000000e+01 1.80827030e+00
 5.98000000e+02 3.10000000e+01 1.79808628e+00
 5.99000000e+02 3.10000000e+01 1.78822043e+00
 6.00000000e+02 3.10000000e+01 1.77868558e+00
 6.01000000e+02 3.10000000e+01 1.76949455e+00
 6.02000000e+02 3.10000000e+01 1.76066019e+00
 6.03000000e+02 3.10000000e+01 1.75219532e+00
 6.04000000e+02 3.10000000e+01 1.74411277e+00
 6.05000000e+02 3.10000000e+01 1.73642536e+00
 6.06000000e+02 3.10000000e+01 1.72914595e+00
 6.07000000e+02 3.10000000e+01 1.72228734e+00
 6.08000000e+02 3.10000000e+01 1.71586237e+00
 6.09000000e+02 3.10000000e+01 1.70988388e+00
 6.10000000e+02 3.10000000e+01 1.70436470e+00
 6.11000000e+02 3.10000000e+01 1.69931764e+00
 6.12000000e+02 3.10000000e+01 1.69475555e+00
 6.13000000e+02 3.10000000e+01 1.69069126e+00
 6.14000000e+02 3.10000000e+01 1.68713759e+00
 6.15000000e+02 3.10000000e+01 1.68410738e+00
 6.16000000e+02 3.10000000e+01 1.68161345e+00
 6.17000000e+02 3.10000000e+01 1.67966864e+00
 6.18000000e+02 3.10000000e+01 1.67828578e+00
 6.19000000e+02 3.10000000e+01 1.67747769e+00
 6.20000000e+02 3.10000000e+01 1.67725722e+00
 6.21000000e+02 3.10000000e+01 1.67763718e+00
 6.22000000e+02 3.10000000e+01 1.67863041e+00
 6.23000000e+02 3.10000000e+01 1.68024974e+00
 6.24000000e+02 3.10000000e+01 1.68250800e+00
 6.25000000e+02 3.10000000e+01 1.68541803e+00
 6.26000000e+02 3.10000000e+01 1.68899264e+00
 6.27000000e+02 3.10000000e+01 1.69324467e+00
 6.28000000e+02 3.10000000e+01 1.69818696e+00
 6.29000000e+02 3.10000000e+01 1.70383233e+00
 6.30000000e+02 3.10000000e+01 1.71019361e+00
 6.31000000e+02 3.10000000e+01 1.71728364e+00
 6.32000000e+02 3.10000000e+01 1.72511524e+00
 6.33000000e+02 3.10000000e+01 1.73370125e+00
 6.34000000e+02 3.10000000e+01 1.74305449e+00
 6.35000000e+02 3.10000000e+01 1.75318779e+00
 6.36000000e+02 3.10000000e+01 1.76411399e+00
 6.37000000e+02 3.10000000e+01 1.77584592e+00
 6.38000000e+02 3.10000000e+01 1.78839640e+00
 6.39000000e+02 3.10000000e+01 1.77877274e+00
 6.40000000e+02 3.10000000e+01 1.79293078e+00
 6.41000000e+02 3.10000000e+01 1.80781247e+00
 6.42000000e+02 3.10000000e+01 1.82335785e+00
 6.43000000e+02 3.10000000e+01 1.83950699e+00
 6.44000000e+02 3.10000000e+01 1.85619995e+00
 6.45000000e+02 3.10000000e+01 1.87337678e+00
 6.46000000e+02 3.10000000e+01 1.89097756e+00
 6.47000000e+02 3.10000000e+01 1.90894234e+00
 6.48000000e+02 3.10000000e+01 1.92721119e+00
 6.49000000e+02 3.10000000e+01 1.94572415e+00
 6.50000000e+02 3.10000000e+01 1.96442130e+00
 6.51000000e+02 3.10000000e+01 1.98324269e+00
 6.52000000e+02 3.10000000e+01 2.00212839e+00
 6.53000000e+02 3.10000000e+01 2.02101845e+00
 6.54000000e+02 3.10000000e+01 2.03985294e+00
 6.55000000e+02 3.10000000e+01 2.05857192e+00
 6.56000000e+02 3.10000000e+01 2.07711544e+00
 6.57000000e+02 3.10000000e+01 2.09542357e+00
 6.58000000e+02 3.10000000e+01 2.11343637e+00
 6.59000000e+02 3.10000000e+01 2.13109391e+00
 6.60000000e+02 3.10000000e+01 2.14833623e+00
 6.61000000e+02 3.10000000e+01 2.16510340e+00
 6.62000000e+02 3.10000000e+01 2.18133548e+00
 6.63000000e+02 3.10000000e+01 2.19697254e+00
 6.64000000e+02 3.10000000e+01 2.21195463e+00
 6.65000000e+02 3.10000000e+01 2.22622181e+00
 6.66000000e+02 3.10000000e+01 2.23971415e+00
 6.67000000e+02 3.10000000e+01 2.25237171e+00
 6.68000000e+02 3.10000000e+01 2.26413454e+00
 6.69000000e+02 3.10000000e+01 2.27494270e+00
 6.70000000e+02 3.10000000e+01 2.28473627e+00
 6.71000000e+02 3.10000000e+01 2.29345529e+00
 6.72000000e+02 3.10000000e+01 2.30103983e+00
 6.73000000e+02 3.10000000e+01 2.30742995e+00
 6.74000000e+02 3.10000000e+01 2.31256572e+00
 6.75000000e+02 3.10000000e+01 2.31638718e+00
 6.76000000e+02 3.10000000e+01 2.31883440e+00
 6.77000000e+02 3.10000000e+01 2.31984745e+00
 6.78000000e+02 3.10000000e+01 2.31936638e+00
 6.79000000e+02 3.10000000e+01 2.31733125e+00
 6.80000000e+02 3.10000000e+01 2.31368213e+00
 6.81000000e+02 3.10000000e+01 2.30835908e+00
 6.82000000e+02 3.10000000e+01 2.30130215e+00
 6.83000000e+02 3.10000000e+01 2.29245140e+00
 6.84000000e+02 3.10000000e+01 2.28174691e+00
 6.85000000e+02 3.10000000e+01 2.26912872e+00
 6.86000000e+02 3.10000000e+01 2.25453690e+00
 6.87000000e+02 3.10000000e+01 2.23791151e+00
 6.88000000e+02 3.10000000e+01 2.21919261e+00
 6.89000000e+02 3.10000000e+01 2.19832026e+00
 6.90000000e+02 3.10000000e+01 2.17523453e+00
 6.91000000e+02 3.10000000e+01 2.14987546e+00
 6.92000000e+02 3.10000000e+01 2.12218313e+00
 6.93000000e+02 3.10000000e+01 2.09209759e+00
 6.94000000e+02 3.10000000e+01 2.05955891e+00
 6.95000000e+02 3.10000000e+01 2.02450714e+00
 6.96000000e+02 3.10000000e+01 1.98688235e+00
