 5.00000000e+00 2.50000000e+01 -7.56260862e-01
 6.00000000e+00 2.50000000e+01 -8.84693405e-02
 7.00000000e+00 2.50000000e+01 5.56561150e-01
 8.00000000e+00 2.50000000e+01 1.17933848e+00
 9.00000000e+00 2.50000000e+01 1.78037052e+00
 1.00000000e+01 2.50000000e+01 2.36016515e+00
 1.10000000e+01 2.50000000e+01 2.91923023e+00
 1.20000000e+01 2.50000000e+01 3.45807364e+00
 1.30000000e+01 2.50000000e+01 3.97720325e+00
 1.40000000e+01 2.50000000e+01 4.47712693e+00
 1.50000000e+01 2.50000000e+01 4.95835255e+00
 1.60000000e+01 2.50000000e+01 5.42138799e+00
 1.70000000e+01 2.50000000e+01 5.86674111e+00
 1.80000000e+01 2.50000000e+01 6.29491980e+00
 1.90000000e+01 2.50000000e+01 6.70643191e+00
 2.00000000e+01 2.50000000e+01 7.10178532e+00
 2.10000000e+01 2.50000000e+01 7.48148791e+00
 2.20000000e+01 2.50000000e+01 7.84604754e+00
 2.30000000e+01 2.50000000e+01 8.19597209e+00
 2.40000000e+01 2.50000000e+01 8.53176943e+00
 2.50000000e+01 2.50000000e+01 8.85394743e+00
 2.60000000e+01 2.50000000e+01 9.16301396e+00
 2.70000000e+01 2.50000000e+01 9.45947689e+00
 2.80000000e+01 2.50000000e+01 9.74384410e+00
 2.90000000e+01 2.50000000e+01 1.00166235e+01
 3.00000000e+01 2.50000000e+01 1.02783228e+01
 3.10000000e+01 2.50000000e+01 1.05294501e+01
 3.20000000e+01 2.50000000e+01 1.07705131e+01
 3.30000000e+01 2.50000000e+01 1.10020198e+01
 3.40000000e+01 2.50000000e+01 1.12244780e+01
 3.50000000e+01 2.50000000e+01 1.14383955e+01
 3.60000000e+01 2.50000000e+01 1.16442803e+01
 3.70000000e+01 2.50000000e+01 1.18426403e+01
 3.80000000e+01 2.50000000e+01 1.20339832e+01
 3.90000000e+01 2.50000000e+01 1.22188170e+01
 4.00000000e+01 2.50000000e+01 1.23976495e+01
 4.10000000e+01 2.50000000e+01 1.25709886e+01
 4.20000000e+01 2.50000000e+01 1.27393422e+01
 4.30000000e+01 2.50000000e+01 1.29032182e+01
 4.40000000e+01 2.50000000e+01 1.30631244e+01
 4.50000000e+01 2.50000000e+01 1.32195687e+01
 4.60000000e+01 2.50000000e+01 1.33730589e+01
 4.70000000e+01 2.50000000e+01 1.35241030e+01
 4.80000000e+01 2.50000000e+01 1.36732088e+01
 4.90000000e+01 2.50000000e+01 1.38208842e+01
 5.00000000e+01 2.50000000e+01 1.39676370e+01
 5.10000000e+01 2.50000000e+01 1.41139752e+01
 5.20000000e+01 2.50000000e+01 1.42604066e+01
 5.30000000e+01 2.50000000e+01 1.44074390e+01
 5.40000000e+01 2.50000000e+01 1.45555804e+01
 5.50000000e+01 2.50000000e+01 1.47365037e+01
 5.60000000e+01 2.50000000e+01 1.48881008e+01
 5.70000000e+01 2.50000000e+01 1.50413840e+01
 5.80000000e+01 2.50000000e+01 1.51961640e+01
 5.90000000e+01 2.50000000e+01 1.53522514e+01
 6.00000000e+01 2.50000000e+01 1.55094565e+01
 6.10000000e+01 2.50000000e+01 1.56675901e+01
 6.20000000e+01 2.50000000e+01 1.58264627e+01
 6.30000000e+01 2.50000000e+01 1.59858848e+01
 6.40000000e+01 2.50000000e+01 1.61456669e+01
 6.50000000e+01 2.50000000e+01 1.63056197e+01
 6.60000000e+01 2.50000000e+01 1.64655536e+01
 6.70000000e+01 2.50000000e+01 1.66252793e+01
 6.80000000e+01 2.50000000e+01 1.67846073e+01
 6.90000000e+01 2.50000000e+01 1.69433481e+01
 7.00000000e+01 2.50000000e+01 1.71013123e+01
 7.10000000e+01 2.50000000e+01 1.72583104e+01
 7.20000000e+01 2.50000000e+01 1.74141531e+01
 7.30000000e+01 2.50000000e+01 1.75686508e+01
 7.40000000e+01 2.50000000e+01 1.77216141e+01
 7.50000000e+01 2.50000000e+01 1.78728535e+01
 7.60000000e+01 2.50000000e+01 1.80221797e+01
 7.70000000e+01 2.50000000e+01 1.81694032e+01
 7.80000000e+01 2.50000000e+01 1.83143344e+01
 7.90000000e+01 2.50000000e+01 1.84567841e+01
 8.00000000e+01 2.50000000e+01 1.85965627e+01
 8.10000000e+01 2.50000000e+01 1.87334807e+01
 8.20000000e+01 2.50000000e+01 1.88673488e+01
 8.30000000e+01 2.50000000e+01 1.89979775e+01
 8.40000000e+01 2.50000000e+01 1.91251773e+01
 8.50000000e+01 2.50000000e+01 1.92487588e+01
 8.60000000e+01 2.50000000e+01 1.93685326e+01
 8.70000000e+01 2.50000000e+01 1.94843092e+01
 8.80000000e+01 2.50000000e+01 1.95958991e+01
 8.90000000e+01 2.50000000e+01 1.97031129e+01
 9.00000000e+01 2.50000000e+01 1.98057612e+01
 9.10000000e+01 2.50000000e+01 1.99036545e+01
 9.20000000e+01 2.50000000e+01 1.99966034e+01
 9.30000000e+01 2.50000000e+01 2.00844184e+01
 9.40000000e+01 2.50000000e+01 2.01669101e+01
 9.50000000e+01 2.50000000e+01 2.02438890e+01
 9.60000000e+01 2.50000000e+01 2.03151657e+01
 9.70000000e+01 2.50000000e+01 2.03805508e+01
 9.80000000e+01 2.50000000e+01 2.04398547e+01
 9.90000000e+01 2.50000000e+01 2.04928881e+01
 1.00000000e+02 2.50000000e+01 2.05394615e+01
 1.01000000e+02 2.50000000e+01 2.05793854e+01
 1.02000000e+02 2.50000000e+01 2.06124704e+01
 1.03000000e+02 2.50000000e+01 2.06385271e+01
 1.04000000e+02 2.50000000e+01 2.06573660e+01
 1.05000000e+02 2.50000000e+01 2.07005314e+01
 1.06000000e+02 2.50000000e+01 2.07047255e+01
 1.07000000e+02 2.50000000e+01 2.07019237e+01
 1.08000000e+02 2.50000000e+01 2.06923974e+01
 1.09000000e+02 2.50000000e+01 2.06764182e+01
 1.10000000e+02 2.50000000e+01 2.06542576e+01
 1.11000000e+02 2.50000000e+01 2.06261870e+01
 1.12000000e+02 2.50000000e+01 2.05924780e+01
 1.13000000e+02 2.50000000e+01 2.05534021e+01
 1.14000000e+02 2.50000000e+01 2.05092308e+01
 1.15000000e+02 2.50000000e+01 2.04602355e+01
 1.16000000e+02 2.50000000e+01 2.04066878e+01
 1.17000000e+02 2.50000000e+01 2.03488591e+01
 1.18000000e+02 2.50000000e+01 2.02870210e+01
 1.19000000e+02 2.50000000e+01 2.02214450e+01
 1.20000000e+02 2.50000000e+01 2.01524025e+01
 1.21000000e+02 2.50000000e+01 2.00801651e+01
 1.22000000e+02 2.50000000e+01 2.00050043e+01
 1.23000000e+02 2.50000000e+01 1.99271916e+01
 1.24000000e+02 2.50000000e+01 1.98469984e+01
 1.25000000e+02 2.50000000e+01 1.97646963e+01
 1.26000000e+02 2.50000000e+01 1.96805567e+01
 1.27000000e+02 2.50000000e+01 1.95948512e+01
 1.28000000e+02 2.50000000e+01 1.95078513e+01
 1.29000000e+02 2.50000000e+01 1.94198284e+01
 1.30000000e+02 2.50000000e+01 1.93310542e+01
 1.31000000e+02 2.50000000e+01 1.92417999e+01
 1.32000000e+02 2.50000000e+01 1.91523373e+01
 1.33000000e+02 2.50000000e+01 1.90629377e+01
 1.34000000e+02 2.50000000e+01 1.89738727e+01
 1.35000000e+02 2.50000000e+01 1.88854137e+01
 1.36000000e+02 2.50000000e+01 1.87978323e+01
 1.37000000e+02 2.50000000e+01 1.87114000e+01
 1.38000000e+02 2.50000000e+01 1.86263882e+01
 1.39000000e+02 2.50000000e+01 1.85430685e+01
 1.40000000e+02 2.50000000e+01 1.84617124e+01
 1.41000000e+02 2.50000000e+01 1.83825913e+01
 1.42000000e+02 2.50000000e+01 1.83059769e+01
 1.43000000e+02 2.50000000e+01 1.82321404e+01
 1.44000000e+02 2.50000000e+01 1.81613536e+01
 1.45000000e+02 2.50000000e+01 1.80938878e+01
 1.46000000e+02 2.50000000e+01 1.80300145e+01
 1.47000000e+02 2.50000000e+01 1.79700054e+01
 1.48000000e+02 2.50000000e+01 1.79141318e+01
 1.49000000e+02 2.50000000e+01 1.78626652e+01
 1.50000000e+02 2.50000000e+01 1.78158773e+01
 1.51000000e+02 2.50000000e+01 1.77740394e+01
 1.52000000e+02 2.50000000e+01 1.77374230e+01
 1.53000000e+02 2.50000000e+01 1.77062998e+01
 1.54000000e+02 2.50000000e+01 1.76816913e+01
 1.55000000e+02 2.50000000e+01 1.76622850e+01
 1.56000000e+02 2.50000000e+01 1.76486842e+01
 1.57000000e+02 2.50000000e+01 1.76406918e+01
 1.58000000e+02 2.50000000e+01 1.76381106e+01
 1.59000000e+02 2.50000000e+01 1.76407436e+01
 1.60000000e+02 2.50000000e+01 1.76483935e+01
 1.61000000e+02 2.50000000e+01 1.76608634e+01
 1.62000000e+02 2.50000000e+01 1.76779561e+01
 1.63000000e+02 2.50000000e+01 1.76994744e+01
 1.64000000e+02 2.50000000e+01 1.77252213e+01
 1.65000000e+02 2.50000000e+01 1.77549996e+01
 1.66000000e+02 2.50000000e+01 1.77886122e+01
 1.67000000e+02 2.50000000e+01 1.78258621e+01
 1.68000000e+02 2.50000000e+01 1.78665520e+01
 1.69000000e+02 2.50000000e+01 1.79104850e+01
 1.70000000e+02 2.50000000e+01 1.79574637e+01
 1.71000000e+02 2.50000000e+01 1.80072913e+01
 1.72000000e+02 2.50000000e+01 1.80597705e+01
 1.73000000e+02 2.50000000e+01 1.81147042e+01
 1.74000000e+02 2.50000000e+01 1.81718953e+01
 1.75000000e+02 2.50000000e+01 1.82311467e+01
 1.76000000e+02 2.50000000e+01 1.82922612e+01
 1.77000000e+02 2.50000000e+01 1.83550418e+01
 1.78000000e+02 2.50000000e+01 1.84192914e+01
 1.79000000e+02 2.50000000e+01 1.84848128e+01
 1.80000000e+02 2.50000000e+01 1.85514089e+01
 1.81000000e+02 2.50000000e+01 1.86188826e+01
 1.82000000e+02 2.50000000e+01 1.86870368e+01
 1.83000000e+02 2.50000000e+01 1.87556743e+01
 1.84000000e+02 2.50000000e+01 1.88245981e+01
 1.85000000e+02 2.50000000e+01 1.88936110e+01
 1.86000000e+02 2.50000000e+01 1.89625160e+01
 1.87000000e+02 2.50000000e+01 1.90311159e+01
 1.88000000e+02 2.50000000e+01 1.90992135e+01
 1.89000000e+02 2.50000000e+01 1.91666118e+01
 1.90000000e+02 2.50000000e+01 1.92331137e+01
 1.91000000e+02 2.50000000e+01 1.92985221e+01
 1.92000000e+02 2.50000000e+01 1.93626397e+01
 1.93000000e+02 2.50000000e+01 1.94252696e+01
 1.94000000e+02 2.50000000e+01 1.94862146e+01
 1.95000000e+02 2.50000000e+01 1.95452775e+01
 1.96000000e+02 2.50000000e+01 1.96022613e+01
 1.97000000e+02 2.50000000e+01 1.96569689e+01
 1.98000000e+02 2.50000000e+01 1.97092031e+01
 1.99000000e+02 2.50000000e+01 1.97587669e+01
 2.00000000e+02 2.50000000e+01 1.98054630e+01
 2.01000000e+02 2.50000000e+01 1.98490944e+01
 2.02000000e+02 2.50000000e+01 1.98894641e+01
 2.03000000e+02 2.50000000e+01 1.99263747e+01
 2.04000000e+02 2.50000000e+01 1.98054232e+01
 2.05000000e+02 2.50000000e+01 1.98350009e+01
 2.06000000e+02 2.50000000e+01 1.98610614e+01
 2.07000000e+02 2.50000000e+01 1.98837805e+01
 2.08000000e+02 2.50000000e+01 1.99033342e+01
 2.09000000e+02 2.50000000e+01 1.99198986e+01
 2.10000000e+02 2.50000000e+01 1.99336495e+01
 2.11000000e+02 2.50000000e+01 1.99447631e+01
 2.12000000e+02 2.50000000e+01 1.99534151e+01
 2.13000000e+02 2.50000000e+01 1.99597817e+01
 2.14000000e+02 2.50000000e+01 1.99640387e+01
 2.15000000e+02 2.50000000e+01 1.99663622e+01
 2.16000000e+02 2.50000000e+01 1.99669281e+01
 2.17000000e+02 2.50000000e+01 1.99659124e+01
 2.18000000e+02 2.50000000e+01 1.99634910e+01
 2.19000000e+02 2.50000000e+01 1.99598400e+01
 2.20000000e+02 2.50000000e+01 1.99551353e+01
 2.21000000e+02 2.50000000e+01 1.99495529e+01
 2.22000000e+02 2.50000000e+01 1.99432688e+01
 2.23000000e+02 2.50000000e+01 1.99364589e+01
 2.24000000e+02 2.50000000e+01 1.99292991e+01
 2.25000000e+02 2.50000000e+01 1.99219656e+01
 2.26000000e+02 2.50000000e+01 1.99146342e+01
 2.27000000e+02 2.50000000e+01 1.99074809e+01
 2.28000000e+02 2.50000000e+01 1.99006817e+01
 2.29000000e+02 2.50000000e+01 1.98944126e+01
 2.30000000e+02 2.50000000e+01 1.98888495e+01
 2.31000000e+02 2.50000000e+01 1.98841684e+01
 2.32000000e+02 2.50000000e+01 1.98805453e+01
 2.33000000e+02 2.50000000e+01 1.98781561e+01
 2.34000000e+02 2.50000000e+01 1.98771769e+01
 2.35000000e+02 2.50000000e+01 1.98777836e+01
 2.36000000e+02 2.50000000e+01 1.98801521e+01
 2.37000000e+02 2.50000000e+01 1.98844585e+01
 2.38000000e+02 2.50000000e+01 1.98908787e+01
 2.39000000e+02 2.50000000e+01 1.98995886e+01
 2.40000000e+02 2.50000000e+01 1.99107644e+01
 2.41000000e+02 2.50000000e+01 1.99245818e+01
 2.42000000e+02 2.50000000e+01 1.99412170e+01
 2.43000000e+02 2.50000000e+01 1.99608458e+01
 2.44000000e+02 2.50000000e+01 1.99836443e+01
 2.45000000e+02 2.50000000e+01 2.00097884e+01
 2.46000000e+02 2.50000000e+01 2.00394541e+01
 2.47000000e+02 2.50000000e+01 2.00728174e+01
 2.48000000e+02 2.50000000e+01 2.01100542e+01
 2.49000000e+02 2.50000000e+01 2.01513405e+01
 2.50000000e+02 2.50000000e+01 2.01968523e+01
 2.51000000e+02 2.50000000e+01 2.02467656e+01
 2.52000000e+02 2.50000000e+01 2.03012562e+01
 2.53000000e+02 2.50000000e+01 2.03605003e+01
 2.54000000e+02 2.50000000e+01 2.05953548e+01
 2.55000000e+02 2.50000000e+01 2.06643707e+01
 2.56000000e+02 2.50000000e+01 2.07381166e+01
 2.57000000e+02 2.50000000e+01 2.08164596e+01
 2.58000000e+02 2.50000000e+01 2.08992670e+01
 2.59000000e+02 2.50000000e+01 2.09864059e+01
 2.60000000e+02 2.50000000e+01 2.10777437e+01
 2.61000000e+02 2.50000000e+01 2.11731474e+01
 2.62000000e+02 2.50000000e+01 2.12724844e+01
 2.63000000e+02 2.50000000e+01 2.13756217e+01
 2.64000000e+02 2.50000000e+01 2.14824267e+01
 2.65000000e+02 2.50000000e+01 2.15927666e+01
 2.66000000e+02 2.50000000e+01 2.17065085e+01
 2.67000000e+02 2.50000000e+01 2.18235196e+01
 2.68000000e+02 2.50000000e+01 2.19436672e+01
 2.69000000e+02 2.50000000e+01 2.20668185e+01
 2.70000000e+02 2.50000000e+01 2.21928407e+01
 2.71000000e+02 2.50000000e+01 2.23216010e+01
 2.72000000e+02 2.50000000e+01 2.24529665e+01
 2.73000000e+02 2.50000000e+01 2.25868046e+01
 2.74000000e+02 2.50000000e+01 2.27229824e+01
 2.75000000e+02 2.50000000e+01 2.28613672e+01
 2.76000000e+02 2.50000000e+01 2.30018261e+01
 2.77000000e+02 2.50000000e+01 2.31442263e+01
 2.78000000e+02 2.50000000e+01 2.32884351e+01
 2.79000000e+02 2.50000000e+01 2.34343196e+01
 2.80000000e+02 2.50000000e+01 2.35817472e+01
 2.81000000e+02 2.50000000e+01 2.37305849e+01
 2.82000000e+02 2.50000000e+01 2.38807000e+01
 2.83000000e+02 2.50000000e+01 2.40319598e+01
 2.84000000e+02 2.50000000e+01 2.41842313e+01
 2.85000000e+02 2.50000000e+01 2.43373819e+01
 2.86000000e+02 2.50000000e+01 2.44912787e+01
 2.87000000e+02 2.50000000e+01 2.46457890e+01
 2.88000000e+02 2.50000000e+01 2.48007799e+01
 2.89000000e+02 2.50000000e+01 2.49561186e+01
 2.90000000e+02 2.50000000e+01 2.51116725e+01
 2.91000000e+02 2.50000000e+01 2.52673086e+01
 2.92000000e+02 2.50000000e+01 2.54228942e+01
 2.93000000e+02 2.50000000e+01 2.55782966e+01
 2.94000000e+02 2.50000000e+01 2.57333828e+01
 2.95000000e+02 2.50000000e+01 2.58880202e+01
 2.96000000e+02 2.50000000e+01 2.60420758e+01
 2.97000000e+02 2.50000000e+01 2.61954171e+01
 2.98000000e+02 2.50000000e+01 2.63479110e+01
 2.99000000e+02 2.50000000e+01 2.64994250e+01
 3.00000000e+02 2.50000000e+01 2.66498260e+01
 3.01000000e+02 2.50000000e+01 2.67989815e+01
 3.02000000e+02 2.50000000e+01 2.69467586e+01
 3.03000000e+02 2.50000000e+01 2.70518085e+01
 3.04000000e+02 2.50000000e+01 2.71964524e+01
 3.05000000e+02 2.50000000e+01 2.73394225e+01
 3.06000000e+02 2.50000000e+01 2.74806759e+01
 3.07000000e+02 2.50000000e+01 2.76201699e+01
 3.08000000e+02 2.50000000e+01 2.77578618e+01
 3.09000000e+02 2.50000000e+01 2.78937088e+01
 3.10000000e+02 2.50000000e+01 2.80276682e+01
 3.11000000e+02 2.50000000e+01 2.81596971e+01
 3.12000000e+02 2.50000000e+01 2.82897530e+01
 3.13000000e+02 2.50000000e+01 2.84177930e+01
 3.14000000e+02 2.50000000e+01 2.85437743e+01
 3.15000000e+02 2.50000000e+01 2.86676543e+01
 3.16000000e+02 2.50000000e+01 2.87893901e+01
 3.17000000e+02 2.50000000e+01 2.89089391e+01
 3.18000000e+02 2.50000000e+01 2.90262584e+01
 3.19000000e+02 2.50000000e+01 2.91413053e+01
 3.20000000e+02 2.50000000e+01 2.92540371e+01
 3.21000000e+02 2.50000000e+01 2.93644110e+01
 3.22000000e+02 2.50000000e+01 2.94723843e+01
 3.23000000e+02 2.50000000e+01 2.95779142e+01
 3.24000000e+02 2.50000000e+01 2.96809580e+01
 3.25000000e+02 2.50000000e+01 2.97814729e+01
 3.26000000e+02 2.50000000e+01 2.98794162e+01
 3.27000000e+02 2.50000000e+01 2.99747450e+01
 3.28000000e+02 2.50000000e+01 3.00674168e+01
 3.29000000e+02 2.50000000e+01 3.01573886e+01
 3.30000000e+02 2.50000000e+01 3.02446179e+01
 3.31000000e+02 2.50000000e+01 3.03290617e+01
 3.32000000e+02 2.50000000e+01 3.04106774e+01
 3.33000000e+02 2.50000000e+01 3.04894223e+01
 3.34000000e+02 2.50000000e+01 3.05652535e+01
 3.35000000e+02 2.50000000e+01 3.06381283e+01
 3.36000000e+02 2.50000000e+01 3.07080040e+01
 3.37000000e+02 2.50000000e+01 3.07748378e+01
 3.38000000e+02 2.50000000e+01 3.08385870e+01
 3.39000000e+02 2.50000000e+01 3.08992087e+01
 3.40000000e+02 2.50000000e+01 3.09566604e+01
 3.41000000e+02 2.50000000e+01 3.10108992e+01
 3.42000000e+02 2.50000000e+01 3.10618823e+01
 3.43000000e+02 2.50000000e+01 3.11095671e+01
 3.44000000e+02 2.50000000e+01 3.11539107e+01
 3.45000000e+02 2.50000000e+01 3.11948705e+01
 3.46000000e+02 2.50000000e+01 3.12324036e+01
 3.47000000e+02 2.50000000e+01 3.12664673e+01
 3.48000000e+02 2.50000000e+01 3.12970189e+01
 3.49000000e+02 2.50000000e+01 3.13240157e+01
 3.50000000e+02 2.50000000e+01 3.13474147e+01
 3.51000000e+02 2.50000000e+01 3.13671735e+01
 3.52000000e+02 2.50000000e+01 3.13832490e+01
 3.53000000e+02 2.50000000e+01 3.11885018e+01
 3.54000000e+02 2.50000000e+01 3.11971485e+01
 3.55000000e+02 2.50000000e+01 3.12021812e+01
 3.56000000e+02 2.50000000e+01 3.12036886e+01
 3.57000000e+02 2.50000000e+01 3.12017595e+01
 3.58000000e+02 2.50000000e+01 3.11964828e+01
 3.59000000e+02 2.50000000e+01 3.11879473e+01
 3.60000000e+02 2.50000000e+01 3.11762417e+01
 3.61000000e+02 2.50000000e+01 3.11614549e+01
 3.62000000e+02 2.50000000e+01 3.11436757e+01
 3.63000000e+02 2.50000000e+01 3.11229929e+01
 3.64000000e+02 2.50000000e+01 3.10994952e+01
 3.65000000e+02 2.50000000e+01 3.10732715e+01
 3.66000000e+02 2.50000000e+01 3.10444106e+01
 3.67000000e+02 2.50000000e+01 3.10130013e+01
 3.68000000e+02 2.50000000e+01 3.09791323e+01
 3.69000000e+02 2.50000000e+01 3.09428926e+01
 3.70000000e+02 2.50000000e+01 3.09043708e+01
 3.71000000e+02 2.50000000e+01 3.08636559e+01
 3.72000000e+02 2.50000000e+01 3.08208366e+01
 3.73000000e+02 2.50000000e+01 3.07760016e+01
 3.74000000e+02 2.50000000e+01 3.07292399e+01
 3.75000000e+02 2.50000000e+01 3.06806402e+01
 3.76000000e+02 2.50000000e+01 3.06302913e+01
 3.77000000e+02 2.50000000e+01 3.05782820e+01
 3.78000000e+02 2.50000000e+01 3.05247012e+01
 3.79000000e+02 2.50000000e+01 3.04696375e+01
 3.80000000e+02 2.50000000e+01 3.04131799e+01
 3.81000000e+02 2.50000000e+01 3.03554172e+01
 3.82000000e+02 2.50000000e+01 3.02964380e+01
 3.83000000e+02 2.50000000e+01 3.02363313e+01
 3.84000000e+02 2.50000000e+01 3.01751859e+01
 3.85000000e+02 2.50000000e+01 3.01130905e+01
 3.86000000e+02 2.50000000e+01 3.00501339e+01
 3.87000000e+02 2.50000000e+01 2.99864050e+01
 3.88000000e+02 2.50000000e+01 2.99219925e+01
 3.89000000e+02 2.50000000e+01 2.98569853e+01
 3.90000000e+02 2.50000000e+01 2.97914722e+01
 3.91000000e+02 2.50000000e+01 2.97255419e+01
 3.92000000e+02 2.50000000e+01 2.96592833e+01
 3.93000000e+02 2.50000000e+01 2.95927851e+01
 3.94000000e+02 2.50000000e+01 2.95261362e+01
 3.95000000e+02 2.50000000e+01 2.94594254e+01
 3.96000000e+02 2.50000000e+01 2.93927415e+01
 3.97000000e+02 2.50000000e+01 2.93261733e+01
 3.98000000e+02 2.50000000e+01 2.92598095e+01
 3.99000000e+02 2.50000000e+01 2.91937391e+01
 4.00000000e+02 2.50000000e+01 2.91280507e+01
 4.01000000e+02 2.50000000e+01 2.90628332e+01
 4.02000000e+02 2.50000000e+01 2.89981754e+01
 4.03000000e+02 2.50000000e+01 2.84909267e+01
 4.04000000e+02 2.50000000e+01 2.84276832e+01
 4.05000000e+02 2.50000000e+01 2.83653553e+01
 4.06000000e+02 2.50000000e+01 2.83040801e+01
 4.07000000e+02 2.50000000e+01 2.82439947e+01
 4.08000000e+02 2.50000000e+01 2.81852359e+01
 4.09000000e+02 2.50000000e+01 2.81279409e+01
 4.10000000e+02 2.50000000e+01 2.80722467e+01
 4.11000000e+02 2.50000000e+01 2.80182903e+01
 4.12000000e+02 2.50000000e+01 2.79662087e+01
 4.13000000e+02 2.50000000e+01 2.79161389e+01
 4.14000000e+02 2.50000000e+01 2.78682180e+01
 4.15000000e+02 2.50000000e+01 2.78225831e+01
 4.16000000e+02 2.50000000e+01 2.77793710e+01
 4.17000000e+02 2.50000000e+01 2.77387189e+01
 4.18000000e+02 2.50000000e+01 2.77007637e+01
 4.19000000e+02 2.50000000e+01 2.76656426e+01
 4.20000000e+02 2.50000000e+01 2.76334924e+01
 4.21000000e+02 2.50000000e+01 2.76044503e+01
 4.22000000e+02 2.50000000e+01 2.75786533e+01
 4.23000000e+02 2.50000000e+01 2.75562383e+01
 4.24000000e+02 2.50000000e+01 2.75373424e+01
 4.25000000e+02 2.50000000e+01 2.75221027e+01
 4.26000000e+02 2.50000000e+01 2.75106561e+01
 4.27000000e+02 2.50000000e+01 2.75031397e+01
 4.28000000e+02 2.50000000e+01 2.74996905e+01
 4.29000000e+02 2.50000000e+01 2.75004456e+01
 4.30000000e+02 2.50000000e+01 2.75055418e+01
 4.31000000e+02 2.50000000e+01 2.75151164e+01
 4.32000000e+02 2.50000000e+01 2.75293062e+01
 4.33000000e+02 2.50000000e+01 2.75482484e+01
 4.34000000e+02 2.50000000e+01 2.75720799e+01
 4.35000000e+02 2.50000000e+01 2.76009378e+01
 4.36000000e+02 2.50000000e+01 2.76349590e+01
 4.37000000e+02 2.50000000e+01 2.76742807e+01
 4.38000000e+02 2.50000000e+01 2.77190398e+01
 4.39000000e+02 2.50000000e+01 2.77693734e+01
 4.40000000e+02 2.50000000e+01 2.78254185e+01
 4.41000000e+02 2.50000000e+01 2.78873120e+01
 4.42000000e+02 2.50000000e+01 2.79551911e+01
 4.43000000e+02 2.50000000e+01 2.80291928e+01
 4.44000000e+02 2.50000000e+01 2.81094540e+01
 4.45000000e+02 2.50000000e+01 2.81961119e+01
 4.46000000e+02 2.50000000e+01 2.82893033e+01
 4.47000000e+02 2.50000000e+01 2.83891654e+01
 4.48000000e+02 2.50000000e+01 2.84958352e+01
 4.49000000e+02 2.50000000e+01 2.86094497e+01
 4.50000000e+02 2.50000000e+01 2.87301459e+01
 4.51000000e+02 2.50000000e+01 2.88580608e+01
 4.52000000e+02 2.50000000e+01 2.92171940e+01
 4.53000000e+02 2.50000000e+01 2.93598008e+01
 4.54000000e+02 2.50000000e+01 2.95094365e+01
 4.55000000e+02 2.50000000e+01 2.96657433e+01
 4.56000000e+02 2.50000000e+01 2.98283634e+01
 4.57000000e+02 2.50000000e+01 2.99969390e+01
 4.58000000e+02 2.50000000e+01 3.01711122e+01
 4.59000000e+02 2.50000000e+01 3.03505253e+01
 4.60000000e+02 2.50000000e+01 3.05348203e+01
 4.61000000e+02 2.50000000e+01 3.07236395e+01
 4.62000000e+02 2.50000000e+01 3.09166251e+01
 4.63000000e+02 2.50000000e+01 3.11134191e+01
 4.64000000e+02 2.50000000e+01 3.13136639e+01
 4.65000000e+02 2.50000000e+01 3.15170016e+01
 4.66000000e+02 2.50000000e+01 3.17230744e+01
 4.67000000e+02 2.50000000e+01 3.19315243e+01
 4.68000000e+02 2.50000000e+01 3.21419937e+01
 4.69000000e+02 2.50000000e+01 3.23541247e+01
 4.70000000e+02 2.50000000e+01 3.25675595e+01
 4.71000000e+02 2.50000000e+01 3.27819402e+01
 4.72000000e+02 2.50000000e+01 3.29969091e+01
 4.73000000e+02 2.50000000e+01 3.32121083e+01
 4.74000000e+02 2.50000000e+01 3.34271799e+01
 4.75000000e+02 2.50000000e+01 3.36417662e+01
 4.76000000e+02 2.50000000e+01 3.38555094e+01
 4.77000000e+02 2.50000000e+01 3.40680515e+01
 4.78000000e+02 2.50000000e+01 3.42790349e+01
 4.79000000e+02 2.50000000e+01 3.44881016e+01
 4.80000000e+02 2.50000000e+01 3.46948939e+01
 4.81000000e+02 2.50000000e+01 3.48990540e+01
 4.82000000e+02 2.50000000e+01 3.51002239e+01
 4.83000000e+02 2.50000000e+01 3.52980459e+01
 4.84000000e+02 2.50000000e+01 3.54921622e+01
 4.85000000e+02 2.50000000e+01 3.56822149e+01
 4.86000000e+02 2.50000000e+01 3.58678462e+01
 4.87000000e+02 2.50000000e+01 3.60486984e+01
 4.88000000e+02 2.50000000e+01 3.62244135e+01
 4.89000000e+02 2.50000000e+01 3.63946337e+01
 4.90000000e+02 2.50000000e+01 3.65590013e+01
 4.91000000e+02 2.50000000e+01 3.67171584e+01
 4.92000000e+02 2.50000000e+01 3.68687472e+01
 4.93000000e+02 2.50000000e+01 3.70134098e+01
 4.94000000e+02 2.50000000e+01 3.71507885e+01
 4.95000000e+02 2.50000000e+01 3.72805254e+01
 4.96000000e+02 2.50000000e+01 3.74022627e+01
 4.97000000e+02 2.50000000e+01 3.75156426e+01
 4.98000000e+02 2.50000000e+01 3.76203072e+01
 4.99000000e+02 2.50000000e+01 3.77158987e+01
 5.00000000e+02 2.50000000e+01 3.78020594e+01
 5.01000000e+02 2.50000000e+01 3.78784313e+01
 5.02000000e+02 2.50000000e+01 3.85470850e+01
 5.03000000e+02 2.50000000e+01 3.86033141e+01
 5.04000000e+02 2.50000000e+01 3.86499851e+01
 5.05000000e+02 2.50000000e+01 3.86875700e+01
 5.06000000e+02 2.50000000e+01 3.87165409e+01
 5.07000000e+02 2.50000000e+01 3.87373699e+01
 5.08000000e+02 2.50000000e+01 3.87505289e+01
 5.09000000e+02 2.50000000e+01 3.87564900e+01
 5.10000000e+02 2.50000000e+01 3.87557253e+01
 5.11000000e+02 2.50000000e+01 3.87487068e+01
 5.12000000e+02 2.50000000e+01 3.87359066e+01
 5.13000000e+02 2.50000000e+01 3.87177966e+01
 5.14000000e+02 2.50000000e+01 3.86948490e+01
 5.15000000e+02 2.50000000e+01 3.86675358e+01
 5.16000000e+02 2.50000000e+01 3.86363290e+01
 5.17000000e+02 2.50000000e+01 3.86017006e+01
 5.18000000e+02 2.50000000e+01 3.85641228e+01
 5.19000000e+02 2.50000000e+01 3.85240676e+01
 5.20000000e+02 2.50000000e+01 3.84820069e+01
 5.21000000e+02 2.50000000e+01 3.84384129e+01
 5.22000000e+02 2.50000000e+01 3.83937576e+01
 5.23000000e+02 2.50000000e+01 3.83485130e+01
 5.24000000e+02 2.50000000e+01 3.83031512e+01
 5.25000000e+02 2.50000000e+01 3.82581443e+01
 5.26000000e+02 2.50000000e+01 3.82139642e+01
 5.27000000e+02 2.50000000e+01 3.81710830e+01
 5.28000000e+02 2.50000000e+01 3.81299728e+01
 5.29000000e+02 2.50000000e+01 3.80911056e+01
 5.30000000e+02 2.50000000e+01 3.80549535e+01
 5.31000000e+02 2.50000000e+01 3.80219884e+01
 5.32000000e+02 2.50000000e+01 3.79926825e+01
 5.33000000e+02 2.50000000e+01 3.79675077e+01
 5.34000000e+02 2.50000000e+01 3.79469362e+01
 5.35000000e+02 2.50000000e+01 3.79314400e+01
 5.36000000e+02 2.50000000e+01 3.79214911e+01
 5.37000000e+02 2.50000000e+01 3.79175615e+01
 5.38000000e+02 2.50000000e+01 3.79201234e+01
 5.39000000e+02 2.50000000e+01 3.79296487e+01
 5.40000000e+02 2.50000000e+01 3.79466094e+01
 5.41000000e+02 2.50000000e+01 3.79714778e+01
 5.42000000e+02 2.50000000e+01 3.80047257e+01
 5.43000000e+02 2.50000000e+01 3.80468252e+01
 5.44000000e+02 2.50000000e+01 3.80982484e+01
 5.45000000e+02 2.50000000e+01 3.81594674e+01
 5.46000000e+02 2.50000000e+01 3.82309541e+01
 5.47000000e+02 2.50000000e+01 3.83131805e+01
 5.48000000e+02 2.50000000e+01 3.84066189e+01
 5.49000000e+02 2.50000000e+01 3.85117411e+01
 5.50000000e+02 2.50000000e+01 3.86290193e+01
 5.51000000e+02 2.50000000e+01 3.87589255e+01
 5.52000000e+02 2.50000000e+01 3.92169822e+01
 5.53000000e+02 2.50000000e+01 3.93724759e+01
 5.54000000e+02 2.50000000e+01 3.95400435e+01
 5.55000000e+02 2.50000000e+01 3.97191353e+01
 5.56000000e+02 2.50000000e+01 3.99092018e+01
 5.57000000e+02 2.50000000e+01 4.01096934e+01
 5.58000000e+02 2.50000000e+01 4.03200605e+01
 5.59000000e+02 2.50000000e+01 4.05397536e+01
 5.60000000e+02 2.50000000e+01 4.07682229e+01
 5.61000000e+02 2.50000000e+01 4.10049191e+01
 5.62000000e+02 2.50000000e+01 4.12492924e+01
 5.63000000e+02 2.50000000e+01 4.15007934e+01
 5.64000000e+02 2.50000000e+01 4.17588723e+01
 5.65000000e+02 2.50000000e+01 4.20229797e+01
 5.66000000e+02 2.50000000e+01 4.22925660e+01
 5.67000000e+02 2.50000000e+01 4.25670815e+01
 5.68000000e+02 2.50000000e+01 4.28459767e+01
 5.69000000e+02 2.50000000e+01 4.31287021e+01
 5.70000000e+02 2.50000000e+01 4.34147079e+01
 5.71000000e+02 2.50000000e+01 4.37034448e+01
 5.72000000e+02 2.50000000e+01 4.39943630e+01
 5.73000000e+02 2.50000000e+01 4.42869129e+01
 5.74000000e+02 2.50000000e+01 4.45805451e+01
 5.75000000e+02 2.50000000e+01 4.48747099e+01
 5.76000000e+02 2.50000000e+01 4.51688578e+01
 5.77000000e+02 2.50000000e+01 4.54624391e+01
 5.78000000e+02 2.50000000e+01 4.57549043e+01
 5.79000000e+02 2.50000000e+01 4.60457037e+01
 5.80000000e+02 2.50000000e+01 4.63342879e+01
 5.81000000e+02 2.50000000e+01 4.66201073e+01
 5.82000000e+02 2.50000000e+01 4.69026122e+01
 5.83000000e+02 2.50000000e+01 4.71812530e+01
 5.84000000e+02 2.50000000e+01 4.74554803e+01
 5.85000000e+02 2.50000000e+01 4.77247443e+01
 5.86000000e+02 2.50000000e+01 4.79884956e+01
 5.87000000e+02 2.50000000e+01 4.82461845e+01
 5.88000000e+02 2.50000000e+01 4.84972615e+01
 5.89000000e+02 2.50000000e+01 4.87411769e+01
 5.90000000e+02 2.50000000e+01 4.89773813e+01
 5.91000000e+02 2.50000000e+01 4.92053250e+01
 5.92000000e+02 2.50000000e+01 4.94244584e+01
 5.93000000e+02 2.50000000e+01 4.96342320e+01
 5.94000000e+02 2.50000000e+01 4.98340961e+01
 5.95000000e+02 2.50000000e+01 5.00235012e+01
 5.96000000e+02 2.50000000e+01 5.02018978e+01
 5.97000000e+02 2.50000000e+01 5.03687362e+01
 5.98000000e+02 2.50000000e+01 5.05234668e+01
 5.99000000e+02 2.50000000e+01 5.06655401e+01
 6.00000000e+02 2.50000000e+01 5.07944064e+01
 6.01000000e+02 2.50000000e+01 5.08446472e+01
 6.02000000e+02 2.50000000e+01 5.09459181e+01
 6.03000000e+02 2.50000000e+01 5.10340504e+01
 6.04000000e+02 2.50000000e+01 5.11098302e+01
 6.05000000e+02 2.50000000e+01 5.11740433e+01
 6.06000000e+02 2.50000000e+01 5.12274759e+01
 6.07000000e+02 2.50000000e+01 5.12709138e+01
 6.08000000e+02 2.50000000e+01 5.13051430e+01
 6.09000000e+02 2.50000000e+01 5.13309495e+01
 6.10000000e+02 2.50000000e+01 5.13491192e+01
 6.11000000e+02 2.50000000e+01 5.13604381e+01
 6.12000000e+02 2.50000000e+01 5.13656922e+01
 6.13000000e+02 2.50000000e+01 5.13656675e+01
 6.14000000e+02 2.50000000e+01 5.13611499e+01
 6.15000000e+02 2.50000000e+01 5.13529253e+01
 6.16000000e+02 2.50000000e+01 5.13417798e+01
 6.17000000e+02 2.50000000e+01 5.13284994e+01
 6.18000000e+02 2.50000000e+01 5.13138699e+01
 6.19000000e+02 2.50000000e+01 5.12986773e+01
 6.20000000e+02 2.50000000e+01 5.12837077e+01
 6.21000000e+02 2.50000000e+01 5.12697470e+01
 6.22000000e+02 2.50000000e+01 5.12575811e+01
 6.23000000e+02 2.50000000e+01 5.12479960e+01
 6.24000000e+02 2.50000000e+01 5.12417777e+01
 6.25000000e+02 2.50000000e+01 5.12397122e+01
 6.26000000e+02 2.50000000e+01 5.12425854e+01
 6.27000000e+02 2.50000000e+01 5.12511833e+01
 6.28000000e+02 2.50000000e+01 5.12662918e+01
 6.29000000e+02 2.50000000e+01 5.12886970e+01
 6.30000000e+02 2.50000000e+01 5.13191848e+01
 6.31000000e+02 2.50000000e+01 5.13585411e+01
 6.32000000e+02 2.50000000e+01 5.14075520e+01
 6.33000000e+02 2.50000000e+01 5.14670033e+01
 6.34000000e+02 2.50000000e+01 5.15376811e+01
 6.35000000e+02 2.50000000e+01 5.16203714e+01
 6.36000000e+02 2.50000000e+01 5.17158600e+01
 6.37000000e+02 2.50000000e+01 5.18249330e+01
 6.38000000e+02 2.50000000e+01 5.19483763e+01
 6.39000000e+02 2.50000000e+01 5.20869760e+01
 6.40000000e+02 2.50000000e+01 5.22415179e+01
 6.41000000e+02 2.50000000e+01 5.24127880e+01
 6.42000000e+02 2.50000000e+01 5.26015723e+01
 6.43000000e+02 2.50000000e+01 5.28086568e+01
 6.44000000e+02 2.50000000e+01 5.30348275e+01
 6.45000000e+02 2.50000000e+01 5.32808702e+01
 6.46000000e+02 2.50000000e+01 5.35475710e+01
 6.47000000e+02 2.50000000e+01 5.38357159e+01
 6.48000000e+02 2.50000000e+01 5.41460907e+01
 6.49000000e+02 2.50000000e+01 5.44794815e+01
 6.50000000e+02 2.50000000e+01 5.48366743e+01
 6.51000000e+02 2.50000000e+01 5.55433415e+01
 6.52000000e+02 2.50000000e+01 5.59486998e+01
 6.53000000e+02 2.50000000e+01 5.63759789e+01
 6.54000000e+02 2.50000000e+01 5.68233845e+01
 6.55000000e+02 2.50000000e+01 5.72891221e+01
 6.56000000e+02 2.50000000e+01 5.77713976e+01
 6.57000000e+02 2.50000000e+01 5.82684165e+01
 6.58000000e+02 2.50000000e+01 5.87783845e+01
 6.59000000e+02 2.50000000e+01 5.92995073e+01
 6.60000000e+02 2.50000000e+01 5.98299906e+01
 6.61000000e+02 2.50000000e+01 6.03680400e+01
 6.62000000e+02 2.50000000e+01 6.09118611e+01
 6.63000000e+02 2.50000000e+01 6.14596597e+01
 6.64000000e+02 2.50000000e+01 6.20096415e+01
 6.65000000e+02 2.50000000e+01 6.25600120e+01
 6.66000000e+02 2.50000000e+01 6.31089770e+01
 6.67000000e+02 2.50000000e+01 6.36547421e+01
 6.68000000e+02 2.50000000e+01 6.41955130e+01
 6.69000000e+02 2.50000000e+01 6.47294953e+01
 6.70000000e+02 2.50000000e+01 6.52548948e+01
 6.71000000e+02 2.50000000e+01 6.57699171e+01
 6.72000000e+02 2.50000000e+01 6.62727678e+01
 6.73000000e+02 2.50000000e+01 6.67616527e+01
 6.74000000e+02 2.50000000e+01 6.72347774e+01
 6.75000000e+02 2.50000000e+01 6.76903475e+01
 6.76000000e+02 2.50000000e+01 6.81265688e+01
 6.77000000e+02 2.50000000e+01 6.85416468e+01
 6.78000000e+02 2.50000000e+01 6.89337874e+01
 6.79000000e+02 2.50000000e+01 6.93011960e+01
 6.80000000e+02 2.50000000e+01 6.96420785e+01
 6.81000000e+02 2.50000000e+01 6.99546404e+01
 6.82000000e+02 2.50000000e+01 7.02370875e+01
 6.83000000e+02 2.50000000e+01 7.04876254e+01
 6.84000000e+02 2.50000000e+01 7.07044597e+01
 6.85000000e+02 2.50000000e+01 7.08857962e+01
 6.86000000e+02 2.50000000e+01 7.10298405e+01
 6.87000000e+02 2.50000000e+01 7.11347983e+01
 6.88000000e+02 2.50000000e+01 7.11988752e+01
 6.89000000e+02 2.50000000e+01 7.12202770e+01
 6.90000000e+02 2.50000000e+01 7.11972092e+01
 6.91000000e+02 2.50000000e+01 7.11278775e+01
 6.92000000e+02 2.50000000e+01 7.10104877e+01
 6.93000000e+02 2.50000000e+01 7.08432453e+01
 6.94000000e+02 2.50000000e+01 7.06243561e+01
 6.95000000e+02 2.50000000e+01 7.03520258e+01
 6.96000000e+02 2.50000000e+01 7.00244599e+01
 6.97000000e+02 2.50000000e+01 6.96398641e+01
 6.98000000e+02 2.50000000e+01 6.91964442e+01
 6.99000000e+02 2.50000000e+01 6.86924057e+01
 7.00000000e+02 2.50000000e+01 6.81259544e+01
