 2.00000000e+00 1.80000000e+01 2.59783821e+00
 3.00000000e+00 1.80000000e+01 3.14197376e+00
 4.00000000e+00 1.80000000e+01 3.64818490e+00
 5.00000000e+00 1.80000000e+01 4.11747681e+00
 6.00000000e+00 1.80000000e+01 4.55085470e+00
 7.00000000e+00 1.80000000e+01 4.94932376e+00
 8.00000000e+00 1.80000000e+01 5.31388918e+00
 9.00000000e+00 1.80000000e+01 5.64555617e+00
 1.00000000e+01 1.80000000e+01 5.94532992e+00
 1.10000000e+01 1.80000000e+01 6.21421562e+00
 1.20000000e+01 1.80000000e+01 6.45321847e+00
 1.30000000e+01 1.80000000e+01 6.66334368e+00
 1.40000000e+01 1.80000000e+01 6.84559642e+00
 1.50000000e+01 1.80000000e+01 7.00098191e+00
 1.60000000e+01 1.80000000e+01 7.13050534e+00
 1.70000000e+01 1.80000000e+01 7.23517190e+00
 1.80000000e+01 1.80000000e+01 7.31598679e+00
 1.90000000e+01 1.80000000e+01 7.37395521e+00
 2.00000000e+01 1.80000000e+01 7.41008235e+00
 2.10000000e+01 1.80000000e+01 7.42537342e+00
 2.20000000e+01 1.80000000e+01 7.42083359e+00
 2.30000000e+01 1.80000000e+01 7.39746809e+00
 2.40000000e+01 1.80000000e+01 7.35628209e+00
 2.50000000e+01 1.80000000e+01 7.29828079e+00
 2.60000000e+01 1.80000000e+01 7.22446940e+00
 2.70000000e+01 1.80000000e+01 7.13585311e+00
 2.80000000e+01 1.80000000e+01 7.03343711e+00
 2.90000000e+01 1.80000000e+01 6.91822660e+00
 3.00000000e+01 1.80000000e+01 6.79122678e+00
 3.10000000e+01 1.80000000e+01 6.65344285e+00
 3.20000000e+01 1.80000000e+01 6.50587999e+00
 3.30000000e+01 1.80000000e+01 6.34954341e+00
 3.40000000e+01 1.80000000e+01 6.18543831e+00
 3.50000000e+01 1.80000000e+01 6.01456988e+00
 3.60000000e+01 1.80000000e+01 5.83794331e+00
 3.70000000e+01 1.80000000e+01 5.65656380e+00
 3.80000000e+01 1.80000000e+01 5.47143655e+00
 3.90000000e+01 1.80000000e+01 5.28356676e+00
 4.00000000e+01 1.80000000e+01 5.09395962e+00
 4.10000000e+01 1.80000000e+01 4.90362033e+00
 4.20000000e+01 1.80000000e+01 4.71355409e+00
 4.30000000e+01 1.80000000e+01 4.52476608e+00
 4.40000000e+01 1.80000000e+01 4.33826152e+00
 4.50000000e+01 1.80000000e+01 4.15504558e+00
 4.60000000e+01 1.80000000e+01 3.97612348e+00
 4.70000000e+01 1.80000000e+01 3.80250040e+00
 4.80000000e+01 1.80000000e+01 3.63518155e+00
 4.90000000e+01 1.80000000e+01 3.47517212e+00
 5.00000000e+01 1.80000000e+01 3.32347730e+00
 5.10000000e+01 1.80000000e+01 3.18110230e+00
 5.20000000e+01 1.80000000e+01 3.04905230e+00
 5.30000000e+01 1.80000000e+01 2.92833251e+00
 5.40000000e+01 1.80000000e+01 2.81994812e+00
 5.50000000e+01 1.80000000e+01 2.72490433e+00
 5.60000000e+01 1.80000000e+01 2.64420634e+00
 5.70000000e+01 1.80000000e+01 2.57885934e+00
 5.80000000e+01 1.80000000e+01 2.52986852e+00
 5.90000000e+01 1.80000000e+01 2.49823909e+00
 6.00000000e+01 1.80000000e+01 2.48497623e+00
 6.10000000e+01 1.80000000e+01 2.30369433e+00
 6.20000000e+01 1.80000000e+01 2.32818757e+00
 6.30000000e+01 1.80000000e+01 2.37043328e+00
 6.40000000e+01 1.80000000e+01 2.42954289e+00
 6.50000000e+01 1.80000000e+01 2.50462784e+00
 6.60000000e+01 1.80000000e+01 2.59479958e+00
 6.70000000e+01 1.80000000e+01 2.69916955e+00
 6.80000000e+01 1.80000000e+01 2.81684917e+00
 6.90000000e+01 1.80000000e+01 2.94694989e+00
 7.00000000e+01 1.80000000e+01 3.08858315e+00
 7.10000000e+01 1.80000000e+01 3.24086038e+00
 7.20000000e+01 1.80000000e+01 3.40289304e+00
 7.30000000e+01 1.80000000e+01 3.57379254e+00
 7.40000000e+01 1.80000000e+01 3.75267033e+00
 7.50000000e+01 1.80000000e+01 3.93863786e+00
 7.60000000e+01 1.80000000e+01 4.13080656e+00
 7.70000000e+01 1.80000000e+01 4.32828786e+00
 7.80000000e+01 1.80000000e+01 4.53019321e+00
 7.90000000e+01 1.80000000e+01 4.73563405e+00
 8.00000000e+01 1.80000000e+01 4.94372180e+00
 8.10000000e+01 1.80000000e+01 5.15356793e+00
 8.20000000e+01 1.80000000e+01 5.36428385e+00
 8.30000000e+01 1.80000000e+01 5.57498101e+00
 8.40000000e+01 1.80000000e+01 5.78477085e+00
 8.50000000e+01 1.80000000e+01 5.99276480e+00
 8.60000000e+01 1.80000000e+01 6.19807431e+00
 8.70000000e+01 1.80000000e+01 6.39981082e+00
 8.80000000e+01 1.80000000e+01 6.59708576e+00
 8.90000000e+01 1.80000000e+01 6.78901056e+00
 9.00000000e+01 1.80000000e+01 6.97469668e+00
 9.10000000e+01 1.80000000e+01 7.15325555e+00
 9.20000000e+01 1.80000000e+01 7.32379860e+00
 9.30000000e+01 1.80000000e+01 7.48543728e+00
 9.40000000e+01 1.80000000e+01 7.63728302e+00
 9.50000000e+01 1.80000000e+01 7.77844726e+00
 9.60000000e+01 1.80000000e+01 7.90804145e+00
 9.70000000e+01 1.80000000e+01 8.02517701e+00
 9.80000000e+01 1.80000000e+01 8.12896540e+00
 9.90000000e+01 1.80000000e+01 8.21851804e+00
 1.00000000e+02 1.80000000e+01 8.29294637e+00
 1.01000000e+02 1.80000000e+01 8.35136184e+00
 1.02000000e+02 1.80000000e+01 8.39287588e+00
 1.03000000e+02 1.80000000e+01 8.41659994e+00
 1.04000000e+02 1.80000000e+01 8.42164544e+00
 1.05000000e+02 1.80000000e+01 8.40712383e+00
 1.06000000e+02 1.80000000e+01 8.37214655e+00
 1.07000000e+02 1.80000000e+01 8.31582504e+00
 1.08000000e+02 1.80000000e+01 8.23727073e+00
 1.09000000e+02 1.80000000e+01 8.13559506e+00
 1.10000000e+02 1.80000000e+01 8.00990947e+00
 1.11000000e+02 1.80000000e+01 7.85932541e+00
 1.12000000e+02 1.80000000e+01 7.68295430e+00
 1.13000000e+02 1.80000000e+01 7.47990759e+00
 1.14000000e+02 1.80000000e+01 7.24929671e+00
 1.15000000e+02 1.80000000e+01 6.99023311e+00
 1.16000000e+02 1.80000000e+01 6.70182822e+00
 1.17000000e+02 1.80000000e+01 6.38319349e+00
 1.18000000e+02 1.80000000e+01 6.03344034e+00
 1.19000000e+02 1.80000000e+01 6.16280746e+00
 1.20000000e+02 1.80000000e+01 5.74977267e+00
 1.21000000e+02 1.80000000e+01 5.30614678e+00
 1.22000000e+02 1.80000000e+01 4.83278286e+00
 1.23000000e+02 1.80000000e+01 4.33053398e+00
 1.24000000e+02 1.80000000e+01 3.80025321e+00
 1.25000000e+02 1.80000000e+01 3.24279362e+00
 1.26000000e+02 1.80000000e+01 2.65900829e+00
 1.27000000e+02 1.80000000e+01 2.04975028e+00
 1.28000000e+02 1.80000000e+01 1.41587266e+00
 1.29000000e+02 1.80000000e+01 7.58228510e-01
 1.30000000e+02 1.80000000e+01 7.76708960e-02
 1.31000000e+02 1.80000000e+01 -6.24947111e-01
 1.32000000e+02 1.80000000e+01 -1.34877244e+00
 1.33000000e+02 1.80000000e+01 -2.09295202e+00
 1.34000000e+02 1.80000000e+01 -2.85663278e+00
 1.35000000e+02 1.80000000e+01 -3.63896164e+00
 1.36000000e+02 1.80000000e+01 -4.43908555e+00
 1.37000000e+02 1.80000000e+01 -5.25615142e+00
 1.38000000e+02 1.80000000e+01 -6.08930619e+00
 1.39000000e+02 1.80000000e+01 -6.93769678e+00
 1.40000000e+02 1.80000000e+01 -7.80047013e+00
 1.41000000e+02 1.80000000e+01 -8.67677316e+00
 1.42000000e+02 1.80000000e+01 -9.56575280e+00
 1.43000000e+02 1.80000000e+01 -1.04665560e+01
 1.44000000e+02 1.80000000e+01 -1.13783296e+01
 1.45000000e+02 1.80000000e+01 -1.23002207e+01
 1.46000000e+02 1.80000000e+01 -1.32313761e+01
 1.47000000e+02 1.80000000e+01 -1.41709427e+01
 1.48000000e+02 1.80000000e+01 -1.51180675e+01
 1.49000000e+02 1.80000000e+01 -1.60718975e+01
 1.50000000e+02 1.80000000e+01 -1.70315795e+01
 1.51000000e+02 1.80000000e+01 -1.79962604e+01
 1.52000000e+02 1.80000000e+01 -1.89650873e+01
 1.53000000e+02 1.80000000e+01 -1.99372070e+01
 1.54000000e+02 1.80000000e+01 -2.09117665e+01
 1.55000000e+02 1.80000000e+01 -2.18879126e+01
 1.56000000e+02 1.80000000e+01 -2.28647924e+01
 1.57000000e+02 1.80000000e+01 -2.38415527e+01
 1.58000000e+02 1.80000000e+01 -2.48173405e+01
 1.59000000e+02 1.80000000e+01 -2.57913027e+01
 1.60000000e+02 1.80000000e+01 -2.67625862e+01
 1.61000000e+02 1.80000000e+01 -2.77303380e+01
 1.62000000e+02 1.80000000e+01 -2.86937050e+01
 1.63000000e+02 1.80000000e+01 -2.96518341e+01
 1.64000000e+02 1.80000000e+01 -3.06038723e+01
 1.65000000e+02 1.80000000e+01 -3.15489664e+01
 1.66000000e+02 1.80000000e+01 -3.24862635e+01
 1.67000000e+02 1.80000000e+01 -3.34149104e+01
 1.68000000e+02 1.80000000e+01 -3.43340540e+01
 1.69000000e+02 1.80000000e+01 -3.52428414e+01
 1.70000000e+02 1.80000000e+01 -3.61404194e+01
 1.71000000e+02 1.80000000e+01 -3.70259349e+01
 1.72000000e+02 1.80000000e+01 -3.78985349e+01
 1.73000000e+02 1.80000000e+01 -3.87573664e+01
 1.74000000e+02 1.80000000e+01 -3.96015762e+01
 1.75000000e+02 1.80000000e+01 -4.04303112e+01
 1.76000000e+02 1.80000000e+01 -4.12427185e+01
 1.77000000e+02 1.80000000e+01 -4.19200591e+01
 1.78000000e+02 1.80000000e+01 -4.26981697e+01
 1.79000000e+02 1.80000000e+01 -4.34593601e+01
 1.80000000e+02 1.80000000e+01 -4.42039011e+01
 1.81000000e+02 1.80000000e+01 -4.49320636e+01
 1.82000000e+02 1.80000000e+01 -4.56441184e+01
 1.83000000e+02 1.80000000e+01 -4.63403363e+01
 1.84000000e+02 1.80000000e+01 -4.70209882e+01
 1.85000000e+02 1.80000000e+01 -4.76863448e+01
 1.86000000e+02 1.80000000e+01 -4.83366771e+01
 1.87000000e+02 1.80000000e+01 -4.89722558e+01
 1.88000000e+02 1.80000000e+01 -4.95933517e+01
 1.89000000e+02 1.80000000e+01 -5.02002358e+01
 1.90000000e+02 1.80000000e+01 -5.07931787e+01
 1.91000000e+02 1.80000000e+01 -5.13724515e+01
 1.92000000e+02 1.80000000e+01 -5.19383248e+01
 1.93000000e+02 1.80000000e+01 -5.24910695e+01
 1.94000000e+02 1.80000000e+01 -5.30309565e+01
 1.95000000e+02 1.80000000e+01 -5.35582565e+01
 1.96000000e+02 1.80000000e+01 -5.40732404e+01
 1.97000000e+02 1.80000000e+01 -5.45761790e+01
 1.98000000e+02 1.80000000e+01 -5.50673432e+01
 1.99000000e+02 1.80000000e+01 -5.55470038e+01
 2.00000000e+02 1.80000000e+01 -5.60154316e+01
 2.01000000e+02 1.80000000e+01 -5.64728974e+01
 2.02000000e+02 1.80000000e+01 -5.69196721e+01
 2.03000000e+02 1.80000000e+01 -5.73560264e+01
 2.04000000e+02 1.80000000e+01 -5.77822313e+01
 2.05000000e+02 1.80000000e+01 -5.81985575e+01
 2.06000000e+02 1.80000000e+01 -5.86052760e+01
 2.07000000e+02 1.80000000e+01 -5.90026574e+01
 2.08000000e+02 1.80000000e+01 -5.93909726e+01
 2.09000000e+02 1.80000000e+01 -5.97704925e+01
 2.10000000e+02 1.80000000e+01 -6.01414880e+01
 2.11000000e+02 1.80000000e+01 -6.05042297e+01
 2.12000000e+02 1.80000000e+01 -6.08589886e+01
 2.13000000e+02 1.80000000e+01 -6.12060354e+01
 2.14000000e+02 1.80000000e+01 -6.15456411e+01
 2.15000000e+02 1.80000000e+01 -6.18780763e+01
 2.16000000e+02 1.80000000e+01 -6.22036121e+01
 2.17000000e+02 1.80000000e+01 -6.25225191e+01
 2.18000000e+02 1.80000000e+01 -6.28350683e+01
 2.19000000e+02 1.80000000e+01 -6.31415304e+01
 2.20000000e+02 1.80000000e+01 -6.34421762e+01
 2.21000000e+02 1.80000000e+01 -6.37372767e+01
 2.22000000e+02 1.80000000e+01 -6.40271026e+01
 2.23000000e+02 1.80000000e+01 -6.43119248e+01
 2.24000000e+02 1.80000000e+01 -6.45920141e+01
 2.25000000e+02 1.80000000e+01 -6.48676412e+01
 2.26000000e+02 1.80000000e+01 -6.51390771e+01
 2.27000000e+02 1.80000000e+01 -6.54065926e+01
 2.28000000e+02 1.80000000e+01 -6.56704585e+01
 2.29000000e+02 1.80000000e+01 -6.59309456e+01
 2.30000000e+02 1.80000000e+01 -6.61883248e+01
 2.31000000e+02 1.80000000e+01 -6.64428669e+01
 2.32000000e+02 1.80000000e+01 -6.66948427e+01
 2.33000000e+02 1.80000000e+01 -6.69445230e+01
 2.34000000e+02 1.80000000e+01 -6.71921787e+01
 2.35000000e+02 1.80000000e+01 -6.75180275e+01
 2.36000000e+02 1.80000000e+01 -6.77622322e+01
 2.37000000e+02 1.80000000e+01 -6.80047278e+01
 2.38000000e+02 1.80000000e+01 -6.82454871e+01
 2.39000000e+02 1.80000000e+01 -6.84844828e+01
 2.40000000e+02 1.80000000e+01 -6.87216875e+01
 2.41000000e+02 1.80000000e+01 -6.89570739e+01
 2.42000000e+02 1.80000000e+01 -6.91906148e+01
 2.43000000e+02 1.80000000e+01 -6.94222828e+01
 2.44000000e+02 1.80000000e+01 -6.96520505e+01
 2.45000000e+02 1.80000000e+01 -6.98798908e+01
 2.46000000e+02 1.80000000e+01 -7.01057763e+01
 2.47000000e+02 1.80000000e+01 -7.03296796e+01
 2.48000000e+02 1.80000000e+01 -7.05515736e+01
 2.49000000e+02 1.80000000e+01 -7.07714308e+01
 2.50000000e+02 1.80000000e+01 -7.09892239e+01
 2.51000000e+02 1.80000000e+01 -7.12049258e+01
 2.52000000e+02 1.80000000e+01 -7.14185089e+01
 2.53000000e+02 1.80000000e+01 -7.16299461e+01
 2.54000000e+02 1.80000000e+01 -7.18392100e+01
 2.55000000e+02 1.80000000e+01 -7.20462734e+01
 2.56000000e+02 1.80000000e+01 -7.22511089e+01
 2.57000000e+02 1.80000000e+01 -7.24536891e+01
 2.58000000e+02 1.80000000e+01 -7.26539869e+01
 2.59000000e+02 1.80000000e+01 -7.28519749e+01
 2.60000000e+02 1.80000000e+01 -7.30476257e+01
 2.61000000e+02 1.80000000e+01 -7.32409121e+01
 2.62000000e+02 1.80000000e+01 -7.34318068e+01
 2.63000000e+02 1.80000000e+01 -7.36202825e+01
 2.64000000e+02 1.80000000e+01 -7.38063118e+01
 2.65000000e+02 1.80000000e+01 -7.39898674e+01
 2.66000000e+02 1.80000000e+01 -7.41709221e+01
 2.67000000e+02 1.80000000e+01 -7.43494485e+01
 2.68000000e+02 1.80000000e+01 -7.45254193e+01
 2.69000000e+02 1.80000000e+01 -7.46988073e+01
 2.70000000e+02 1.80000000e+01 -7.48695850e+01
 2.71000000e+02 1.80000000e+01 -7.50377253e+01
 2.72000000e+02 1.80000000e+01 -7.52032007e+01
 2.73000000e+02 1.80000000e+01 -7.53659840e+01
 2.74000000e+02 1.80000000e+01 -7.55260479e+01
 2.75000000e+02 1.80000000e+01 -7.56833651e+01
 2.76000000e+02 1.80000000e+01 -7.58379082e+01
 2.77000000e+02 1.80000000e+01 -7.59896500e+01
 2.78000000e+02 1.80000000e+01 -7.61385631e+01
 2.79000000e+02 1.80000000e+01 -7.62846202e+01
 2.80000000e+02 1.80000000e+01 -7.64277941e+01
 2.81000000e+02 1.80000000e+01 -7.65680574e+01
 2.82000000e+02 1.80000000e+01 -7.67053828e+01
 2.83000000e+02 1.80000000e+01 -7.68397430e+01
 2.84000000e+02 1.80000000e+01 -7.69711107e+01
 2.85000000e+02 1.80000000e+01 -7.70994586e+01
 2.86000000e+02 1.80000000e+01 -7.72247593e+01
 2.87000000e+02 1.80000000e+01 -7.73469857e+01
 2.88000000e+02 1.80000000e+01 -7.74661103e+01
 2.89000000e+02 1.80000000e+01 -7.75821058e+01
 2.90000000e+02 1.80000000e+01 -7.76949450e+01
 2.91000000e+02 1.80000000e+01 -7.78046006e+01
 2.92000000e+02 1.80000000e+01 -7.79110452e+01
 2.93000000e+02 1.80000000e+01 -7.79789745e+01
 2.94000000e+02 1.80000000e+01 -7.80789516e+01
 2.95000000e+02 1.80000000e+01 -7.81757268e+01
 2.96000000e+02 1.80000000e+01 -7.82693300e+01
 2.97000000e+02 1.80000000e+01 -7.83597915e+01
 2.98000000e+02 1.80000000e+01 -7.84471413e+01
 2.99000000e+02 1.80000000e+01 -7.85314096e+01
 3.00000000e+02 1.80000000e+01 -7.86126264e+01
 3.01000000e+02 1.80000000e+01 -7.86908218e+01
 3.02000000e+02 1.80000000e+01 -7.87660261e+01
 3.03000000e+02 1.80000000e+01 -7.88382692e+01
 3.04000000e+02 1.80000000e+01 -7.89075813e+01
 3.05000000e+02 1.80000000e+01 -7.89739924e+01
 3.06000000e+02 1.80000000e+01 -7.90375328e+01
 3.07000000e+02 1.80000000e+01 -7.90982325e+01
 3.08000000e+02 1.80000000e+01 -7.91561215e+01
 3.09000000e+02 1.80000000e+01 -7.92112301e+01
 3.10000000e+02 1.80000000e+01 -7.92635883e+01
 3.11000000e+02 1.80000000e+01 -7.93132262e+01
 3.12000000e+02 1.80000000e+01 -7.93601740e+01
 3.13000000e+02 1.80000000e+01 -7.94044617e+01
 3.14000000e+02 1.80000000e+01 -7.94461194e+01
 3.15000000e+02 1.80000000e+01 -7.94851773e+01
 3.16000000e+02 1.80000000e+01 -7.95216654e+01
 3.17000000e+02 1.80000000e+01 -7.95556140e+01
 3.18000000e+02 1.80000000e+01 -7.95870530e+01
 3.19000000e+02 1.80000000e+01 -7.96160125e+01
 3.20000000e+02 1.80000000e+01 -7.96425228e+01
 3.21000000e+02 1.80000000e+01 -7.96666139e+01
 3.22000000e+02 1.80000000e+01 -7.96883158e+01
 3.23000000e+02 1.80000000e+01 -7.97076588e+01
 3.24000000e+02 1.80000000e+01 -7.97246729e+01
 3.25000000e+02 1.80000000e+01 -7.97393882e+01
 3.26000000e+02 1.80000000e+01 -7.97518348e+01
 3.27000000e+02 1.80000000e+01 -7.97620429e+01
 3.28000000e+02 1.80000000e+01 -7.97700425e+01
 3.29000000e+02 1.80000000e+01 -7.97758638e+01
 3.30000000e+02 1.80000000e+01 -7.97795368e+01
 3.31000000e+02 1.80000000e+01 -7.97810917e+01
 3.32000000e+02 1.80000000e+01 -7.97805586e+01
 3.33000000e+02 1.80000000e+01 -7.97779675e+01
 3.34000000e+02 1.80000000e+01 -7.97733486e+01
 3.35000000e+02 1.80000000e+01 -7.97667320e+01
 3.36000000e+02 1.80000000e+01 -7.97581478e+01
 3.37000000e+02 1.80000000e+01 -7.97476261e+01
 3.38000000e+02 1.80000000e+01 -7.97351971e+01
 3.39000000e+02 1.80000000e+01 -7.97208907e+01
 3.40000000e+02 1.80000000e+01 -7.97047372e+01
 3.41000000e+02 1.80000000e+01 -7.96867666e+01
 3.42000000e+02 1.80000000e+01 -7.96670090e+01
 3.43000000e+02 1.80000000e+01 -7.96454946e+01
 3.44000000e+02 1.80000000e+01 -7.96222534e+01
 3.45000000e+02 1.80000000e+01 -7.95973156e+01
 3.46000000e+02 1.80000000e+01 -7.95707113e+01
 3.47000000e+02 1.80000000e+01 -7.95424705e+01
 3.48000000e+02 1.80000000e+01 -7.95126234e+01
 3.49000000e+02 1.80000000e+01 -7.94812001e+01
 3.50000000e+02 1.80000000e+01 -7.94482307e+01
 3.51000000e+02 1.80000000e+01 -7.94794078e+01
 3.52000000e+02 1.80000000e+01 -7.94434246e+01
 3.53000000e+02 1.80000000e+01 -7.94059566e+01
 3.54000000e+02 1.80000000e+01 -7.93670145e+01
 3.55000000e+02 1.80000000e+01 -7.93266091e+01
 3.56000000e+02 1.80000000e+01 -7.92847510e+01
 3.57000000e+02 1.80000000e+01 -7.92414510e+01
 3.58000000e+02 1.80000000e+01 -7.91967198e+01
 3.59000000e+02 1.80000000e+01 -7.91505682e+01
 3.60000000e+02 1.80000000e+01 -7.91030070e+01
 3.61000000e+02 1.80000000e+01 -7.90540467e+01
 3.62000000e+02 1.80000000e+01 -7.90036983e+01
 3.63000000e+02 1.80000000e+01 -7.89519724e+01
 3.64000000e+02 1.80000000e+01 -7.88988797e+01
 3.65000000e+02 1.80000000e+01 -7.88444311e+01
 3.66000000e+02 1.80000000e+01 -7.87886371e+01
 3.67000000e+02 1.80000000e+01 -7.87315086e+01
 3.68000000e+02 1.80000000e+01 -7.86730564e+01
 3.69000000e+02 1.80000000e+01 -7.86132910e+01
 3.70000000e+02 1.80000000e+01 -7.85522234e+01
 3.71000000e+02 1.80000000e+01 -7.84898641e+01
 3.72000000e+02 1.80000000e+01 -7.84262240e+01
 3.73000000e+02 1.80000000e+01 -7.83613138e+01
 3.74000000e+02 1.80000000e+01 -7.82951442e+01
 3.75000000e+02 1.80000000e+01 -7.82277259e+01
 3.76000000e+02 1.80000000e+01 -7.81590698e+01
 3.77000000e+02 1.80000000e+01 -7.80891864e+01
 3.78000000e+02 1.80000000e+01 -7.80180867e+01
 3.79000000e+02 1.80000000e+01 -7.79457812e+01
 3.80000000e+02 1.80000000e+01 -7.78722807e+01
 3.81000000e+02 1.80000000e+01 -7.77975961e+01
 3.82000000e+02 1.80000000e+01 -7.77217379e+01
 3.83000000e+02 1.80000000e+01 -7.76447170e+01
 3.84000000e+02 1.80000000e+01 -7.75665441e+01
 3.85000000e+02 1.80000000e+01 -7.74872299e+01
 3.86000000e+02 1.80000000e+01 -7.74067851e+01
 3.87000000e+02 1.80000000e+01 -7.73252205e+01
 3.88000000e+02 1.80000000e+01 -7.72425469e+01
 3.89000000e+02 1.80000000e+01 -7.71587749e+01
 3.90000000e+02 1.80000000e+01 -7.70739153e+01
 3.91000000e+02 1.80000000e+01 -7.69879788e+01
 3.92000000e+02 1.80000000e+01 -7.69009763e+01
 3.93000000e+02 1.80000000e+01 -7.68129183e+01
 3.94000000e+02 1.80000000e+01 -7.67238156e+01
 3.95000000e+02 1.80000000e+01 -7.66336791e+01
 3.96000000e+02 1.80000000e+01 -7.65425193e+01
 3.97000000e+02 1.80000000e+01 -7.64503471e+01
 3.98000000e+02 1.80000000e+01 -7.63571732e+01
 3.99000000e+02 1.80000000e+01 -7.62630083e+01
 4.00000000e+02 1.80000000e+01 -7.61678632e+01
 4.01000000e+02 1.80000000e+01 -7.60717486e+01
 4.02000000e+02 1.80000000e+01 -7.59746752e+01
 4.03000000e+02 1.80000000e+01 -7.58766538e+01
 4.04000000e+02 1.80000000e+01 -7.57776950e+01
 4.05000000e+02 1.80000000e+01 -7.56778097e+01
 4.06000000e+02 1.80000000e+01 -7.55770086e+01
 4.07000000e+02 1.80000000e+01 -7.54753024e+01
 4.08000000e+02 1.80000000e+01 -7.53727019e+01
 4.09000000e+02 1.80000000e+01 -7.52926767e+01
 4.10000000e+02 1.80000000e+01 -7.51882904e+01
 4.11000000e+02 1.80000000e+01 -7.50829498e+01
 4.12000000e+02 1.80000000e+01 -7.49766007e+01
 4.13000000e+02 1.80000000e+01 -7.48691886e+01
 4.14000000e+02 1.80000000e+01 -7.47606592e+01
 4.15000000e+02 1.80000000e+01 -7.46509584e+01
 4.16000000e+02 1.80000000e+01 -7.45400317e+01
 4.17000000e+02 1.80000000e+01 -7.44278249e+01
 4.18000000e+02 1.80000000e+01 -7.43142836e+01
 4.19000000e+02 1.80000000e+01 -7.41993536e+01
 4.20000000e+02 1.80000000e+01 -7.40829805e+01
 4.21000000e+02 1.80000000e+01 -7.39651100e+01
 4.22000000e+02 1.80000000e+01 -7.38456878e+01
 4.23000000e+02 1.80000000e+01 -7.37246596e+01
 4.24000000e+02 1.80000000e+01 -7.36019711e+01
 4.25000000e+02 1.80000000e+01 -7.34775679e+01
 4.26000000e+02 1.80000000e+01 -7.33513959e+01
 4.27000000e+02 1.80000000e+01 -7.32234006e+01
 4.28000000e+02 1.80000000e+01 -7.30935277e+01
 4.29000000e+02 1.80000000e+01 -7.29617230e+01
 4.30000000e+02 1.80000000e+01 -7.28279322e+01
 4.31000000e+02 1.80000000e+01 -7.26921008e+01
 4.32000000e+02 1.80000000e+01 -7.25541747e+01
 4.33000000e+02 1.80000000e+01 -7.24140995e+01
 4.34000000e+02 1.80000000e+01 -7.22718209e+01
 4.35000000e+02 1.80000000e+01 -7.21272845e+01
 4.36000000e+02 1.80000000e+01 -7.19804361e+01
 4.37000000e+02 1.80000000e+01 -7.18312214e+01
 4.38000000e+02 1.80000000e+01 -7.16795861e+01
 4.39000000e+02 1.80000000e+01 -7.15254758e+01
 4.40000000e+02 1.80000000e+01 -7.13688363e+01
 4.41000000e+02 1.80000000e+01 -7.12096132e+01
 4.42000000e+02 1.80000000e+01 -7.10477522e+01
 4.43000000e+02 1.80000000e+01 -7.08831990e+01
 4.44000000e+02 1.80000000e+01 -7.07158993e+01
 4.45000000e+02 1.80000000e+01 -7.05457988e+01
 4.46000000e+02 1.80000000e+01 -7.03728432e+01
 4.47000000e+02 1.80000000e+01 -7.01969782e+01
 4.48000000e+02 1.80000000e+01 -7.00181494e+01
 4.49000000e+02 1.80000000e+01 -6.98363026e+01
 4.50000000e+02 1.80000000e+01 -6.96513835e+01
 4.51000000e+02 1.80000000e+01 -6.94633377e+01
 4.52000000e+02 1.80000000e+01 -6.92721109e+01
 4.53000000e+02 1.80000000e+01 -6.90776488e+01
 4.54000000e+02 1.80000000e+01 -6.88798971e+01
 4.55000000e+02 1.80000000e+01 -6.86788016e+01
 4.56000000e+02 1.80000000e+01 -6.84743078e+01
 4.57000000e+02 1.80000000e+01 -6.82663615e+01
 4.58000000e+02 1.80000000e+01 -6.80549084e+01
 4.59000000e+02 1.80000000e+01 -6.78398942e+01
 4.60000000e+02 1.80000000e+01 -6.76212645e+01
 4.61000000e+02 1.80000000e+01 -6.73989650e+01
 4.62000000e+02 1.80000000e+01 -6.71729415e+01
 4.63000000e+02 1.80000000e+01 -6.69431396e+01
 4.64000000e+02 1.80000000e+01 -6.67095051e+01
 4.65000000e+02 1.80000000e+01 -6.64719835e+01
 4.66000000e+02 1.80000000e+01 -6.62305206e+01
 4.67000000e+02 1.80000000e+01 -6.59111081e+01
 4.68000000e+02 1.80000000e+01 -6.56615558e+01
 4.69000000e+02 1.80000000e+01 -6.54077618e+01
 4.70000000e+02 1.80000000e+01 -6.51495689e+01
 4.71000000e+02 1.80000000e+01 -6.48868196e+01
 4.72000000e+02 1.80000000e+01 -6.46193566e+01
 4.73000000e+02 1.80000000e+01 -6.43470226e+01
 4.74000000e+02 1.80000000e+01 -6.40696601e+01
 4.75000000e+02 1.80000000e+01 -6.37871119e+01
 4.76000000e+02 1.80000000e+01 -6.34992206e+01
 4.77000000e+02 1.80000000e+01 -6.32058288e+01
 4.78000000e+02 1.80000000e+01 -6.29067791e+01
 4.79000000e+02 1.80000000e+01 -6.26019143e+01
 4.80000000e+02 1.80000000e+01 -6.22910769e+01
 4.81000000e+02 1.80000000e+01 -6.19741096e+01
 4.82000000e+02 1.80000000e+01 -6.16508550e+01
 4.83000000e+02 1.80000000e+01 -6.13211558e+01
 4.84000000e+02 1.80000000e+01 -6.09848546e+01
 4.85000000e+02 1.80000000e+01 -6.06417941e+01
 4.86000000e+02 1.80000000e+01 -6.02918169e+01
 4.87000000e+02 1.80000000e+01 -5.99347657e+01
 4.88000000e+02 1.80000000e+01 -5.95704830e+01
 4.89000000e+02 1.80000000e+01 -5.91988116e+01
 4.90000000e+02 1.80000000e+01 -5.88195941e+01
 4.91000000e+02 1.80000000e+01 -5.84326731e+01
 4.92000000e+02 1.80000000e+01 -5.80378913e+01
 4.93000000e+02 1.80000000e+01 -5.76350912e+01
 4.94000000e+02 1.80000000e+01 -5.72241157e+01
 4.95000000e+02 1.80000000e+01 -5.68048072e+01
 4.96000000e+02 1.80000000e+01 -5.63770085e+01
 4.97000000e+02 1.80000000e+01 -5.59405621e+01
 4.98000000e+02 1.80000000e+01 -5.54953108e+01
 4.99000000e+02 1.80000000e+01 -5.50410971e+01
 5.00000000e+02 1.80000000e+01 -5.45777638e+01
 5.01000000e+02 1.80000000e+01 -5.41051534e+01
 5.02000000e+02 1.80000000e+01 -5.36231086e+01
 5.03000000e+02 1.80000000e+01 -5.31314721e+01
 5.04000000e+02 1.80000000e+01 -5.26300864e+01
 5.05000000e+02 1.80000000e+01 -5.21187943e+01
 5.06000000e+02 1.80000000e+01 -5.15974383e+01
 5.07000000e+02 1.80000000e+01 -5.10658612e+01
 5.08000000e+02 1.80000000e+01 -5.05239055e+01
 5.09000000e+02 1.80000000e+01 -4.99714140e+01
 5.10000000e+02 1.80000000e+01 -4.94082291e+01
 5.11000000e+02 1.80000000e+01 -4.88341937e+01
 5.12000000e+02 1.80000000e+01 -4.82491503e+01
 5.13000000e+02 1.80000000e+01 -4.76529415e+01
 5.14000000e+02 1.80000000e+01 -4.70454101e+01
 5.15000000e+02 1.80000000e+01 -4.64263986e+01
 5.16000000e+02 1.80000000e+01 -4.57957498e+01
 5.17000000e+02 1.80000000e+01 -4.51533062e+01
 5.18000000e+02 1.80000000e+01 -4.44989105e+01
 5.19000000e+02 1.80000000e+01 -4.38324053e+01
 5.20000000e+02 1.80000000e+01 -4.31536333e+01
 5.21000000e+02 1.80000000e+01 -4.24624371e+01
 5.22000000e+02 1.80000000e+01 -4.17586594e+01
 5.23000000e+02 1.80000000e+01 -4.10421428e+01
 5.24000000e+02 1.80000000e+01 -4.03127299e+01
 5.25000000e+02 1.80000000e+01 -3.97242443e+01
 5.26000000e+02 1.80000000e+01 -3.89688421e+01
 5.27000000e+02 1.80000000e+01 -3.82011652e+01
 5.28000000e+02 1.80000000e+01 -3.74219315e+01
 5.29000000e+02 1.80000000e+01 -3.66318585e+01
 5.30000000e+02 1.80000000e+01 -3.58316638e+01
 5.31000000e+02 1.80000000e+01 -3.50220652e+01
 5.32000000e+02 1.80000000e+01 -3.42037803e+01
 5.33000000e+02 1.80000000e+01 -3.33775267e+01
 5.34000000e+02 1.80000000e+01 -3.25440220e+01
 5.35000000e+02 1.80000000e+01 -3.17039840e+01
 5.36000000e+02 1.80000000e+01 -3.08581302e+01
 5.37000000e+02 1.80000000e+01 -3.00071783e+01
 5.38000000e+02 1.80000000e+01 -2.91518461e+01
 5.39000000e+02 1.80000000e+01 -2.82928510e+01
 5.40000000e+02 1.80000000e+01 -2.74309107e+01
 5.41000000e+02 1.80000000e+01 -2.65667430e+01
 5.42000000e+02 1.80000000e+01 -2.57010654e+01
 5.43000000e+02 1.80000000e+01 -2.48345957e+01
 5.44000000e+02 1.80000000e+01 -2.39680513e+01
 5.45000000e+02 1.80000000e+01 -2.31021501e+01
 5.46000000e+02 1.80000000e+01 -2.22376096e+01
 5.47000000e+02 1.80000000e+01 -2.13751475e+01
 5.48000000e+02 1.80000000e+01 -2.05154814e+01
 5.49000000e+02 1.80000000e+01 -1.96593290e+01
 5.50000000e+02 1.80000000e+01 -1.88074080e+01
 5.51000000e+02 1.80000000e+01 -1.79604359e+01
 5.52000000e+02 1.80000000e+01 -1.71191305e+01
 5.53000000e+02 1.80000000e+01 -1.62842093e+01
 5.54000000e+02 1.80000000e+01 -1.54563901e+01
 5.55000000e+02 1.80000000e+01 -1.46363904e+01
 5.56000000e+02 1.80000000e+01 -1.38249280e+01
 5.57000000e+02 1.80000000e+01 -1.30227204e+01
 5.58000000e+02 1.80000000e+01 -1.22304854e+01
 5.59000000e+02 1.80000000e+01 -1.14489405e+01
 5.60000000e+02 1.80000000e+01 -1.06788034e+01
 5.61000000e+02 1.80000000e+01 -9.92079175e+00
 5.62000000e+02 1.80000000e+01 -9.17562323e+00
 5.63000000e+02 1.80000000e+01 -8.44401546e+00
 5.64000000e+02 1.80000000e+01 -7.72668610e+00
 5.65000000e+02 1.80000000e+01 -7.02435278e+00
 5.66000000e+02 1.80000000e+01 -6.33773316e+00
 5.67000000e+02 1.80000000e+01 -5.66754489e+00
 5.68000000e+02 1.80000000e+01 -5.01450561e+00
 5.69000000e+02 1.80000000e+01 -4.37933297e+00
 5.70000000e+02 1.80000000e+01 -3.76274462e+00
 5.71000000e+02 1.80000000e+01 -3.16545821e+00
 5.72000000e+02 1.80000000e+01 -2.58819138e+00
 5.73000000e+02 1.80000000e+01 -2.03166178e+00
 5.74000000e+02 1.80000000e+01 -1.49658706e+00
 5.75000000e+02 1.80000000e+01 -9.83684872e-01
 5.76000000e+02 1.80000000e+01 -4.93672855e-01
 5.77000000e+02 1.80000000e+01 -2.72686620e-02
 5.78000000e+02 1.80000000e+01 4.14810061e-01
 5.79000000e+02 1.80000000e+01 8.31845666e-01
 5.80000000e+02 1.80000000e+01 1.22312050e+00
 5.81000000e+02 1.80000000e+01 1.58791693e+00
 5.82000000e+02 1.80000000e+01 1.92551729e+00
 5.83000000e+02 1.80000000e+01 1.86611754e+00
 5.84000000e+02 1.80000000e+01 2.14757204e+00
 5.85000000e+02 1.80000000e+01 2.40144120e+00
 5.86000000e+02 1.80000000e+01 2.62851908e+00
 5.87000000e+02 1.80000000e+01 2.82959974e+00
 5.88000000e+02 1.80000000e+01 3.00547725e+00
 5.89000000e+02 1.80000000e+01 3.15694567e+00
 5.90000000e+02 1.80000000e+01 3.28479906e+00
 5.91000000e+02 1.80000000e+01 3.38983149e+00
 5.92000000e+02 1.80000000e+01 3.47283701e+00
 5.93000000e+02 1.80000000e+01 3.53460969e+00
 5.94000000e+02 1.80000000e+01 3.57594360e+00
 5.95000000e+02 1.80000000e+01 3.59763280e+00
 5.96000000e+02 1.80000000e+01 3.60047134e+00
 5.97000000e+02 1.80000000e+01 3.58525330e+00
 5.98000000e+02 1.80000000e+01 3.55277273e+00
 5.99000000e+02 1.80000000e+01 3.50382369e+00
 6.00000000e+02 1.80000000e+01 3.43920026e+00
 6.01000000e+02 1.80000000e+01 3.35969650e+00
 6.02000000e+02 1.80000000e+01 3.26610646e+00
 6.03000000e+02 1.80000000e+01 3.15922421e+00
 6.04000000e+02 1.80000000e+01 3.03984381e+00
 6.05000000e+02 1.80000000e+01 2.90875932e+00
 6.06000000e+02 1.80000000e+01 2.76676482e+00
 6.07000000e+02 1.80000000e+01 2.61465435e+00
 6.08000000e+02 1.80000000e+01 2.45322199e+00
 6.09000000e+02 1.80000000e+01 2.28326179e+00
 6.10000000e+02 1.80000000e+01 2.10556783e+00
 6.11000000e+02 1.80000000e+01 1.92093415e+00
 6.12000000e+02 1.80000000e+01 1.73015483e+00
 6.13000000e+02 1.80000000e+01 1.53402393e+00
 6.14000000e+02 1.80000000e+01 1.33333551e+00
 6.15000000e+02 1.80000000e+01 1.12888364e+00
 6.16000000e+02 1.80000000e+01 9.21462367e-01
 6.17000000e+02 1.80000000e+01 7.11865766e-01
 6.18000000e+02 1.80000000e+01 5.00887898e-01
 6.19000000e+02 1.80000000e+01 2.89322825e-01
 6.20000000e+02 1.80000000e+01 7.79646092e-02
 6.21000000e+02 1.80000000e+01 -1.32392685e-01
 6.22000000e+02 1.80000000e+01 -3.40954996e-01
 6.23000000e+02 1.80000000e+01 -5.46928261e-01
 6.24000000e+02 1.80000000e+01 -7.49518415e-01
 6.25000000e+02 1.80000000e+01 -9.47931398e-01
 6.26000000e+02 1.80000000e+01 -1.14137315e+00
 6.27000000e+02 1.80000000e+01 -1.32904960e+00
 6.28000000e+02 1.80000000e+01 -1.51016668e+00
 6.29000000e+02 1.80000000e+01 -1.68393035e+00
 6.30000000e+02 1.80000000e+01 -1.84954653e+00
 6.31000000e+02 1.80000000e+01 -2.00622116e+00
 6.32000000e+02 1.80000000e+01 -2.15316017e+00
 6.33000000e+02 1.80000000e+01 -2.28956952e+00
 6.34000000e+02 1.80000000e+01 -2.41465512e+00
 6.35000000e+02 1.80000000e+01 -2.52762292e+00
 6.36000000e+02 1.80000000e+01 -2.62767886e+00
 6.37000000e+02 1.80000000e+01 -2.71402887e+00
 6.38000000e+02 1.80000000e+01 -2.78587890e+00
 6.39000000e+02 1.80000000e+01 -2.84243487e+00
 6.40000000e+02 1.80000000e+01 -2.88290272e+00
 6.41000000e+02 1.80000000e+01 -2.74385959e+00
 6.42000000e+02 1.80000000e+01 -2.75014078e+00
 6.43000000e+02 1.80000000e+01 -2.73979134e+00
 6.44000000e+02 1.80000000e+01 -2.71371534e+00
 6.45000000e+02 1.80000000e+01 -2.67281687e+00
 6.46000000e+02 1.80000000e+01 -2.61800002e+00
 6.47000000e+02 1.80000000e+01 -2.55016887e+00
 6.48000000e+02 1.80000000e+01 -2.47022752e+00
 6.49000000e+02 1.80000000e+01 -2.37908004e+00
 6.50000000e+02 1.80000000e+01 -2.27763053e+00
 6.51000000e+02 1.80000000e+01 -2.16678307e+00
 6.52000000e+02 1.80000000e+01 -2.04744175e+00
 6.53000000e+02 1.80000000e+01 -1.92051065e+00
 6.54000000e+02 1.80000000e+01 -1.78689387e+00
 6.55000000e+02 1.80000000e+01 -1.64749548e+00
 6.56000000e+02 1.80000000e+01 -1.50321957e+00
 6.57000000e+02 1.80000000e+01 -1.35497024e+00
 6.58000000e+02 1.80000000e+01 -1.20365156e+00
 6.59000000e+02 1.80000000e+01 -1.05016763e+00
 6.60000000e+02 1.80000000e+01 -8.95422531e-01
 6.61000000e+02 1.80000000e+01 -7.40320347e-01
 6.62000000e+02 1.80000000e+01 -5.85765167e-01
 6.63000000e+02 1.80000000e+01 -4.32661077e-01
 6.64000000e+02 1.80000000e+01 -2.81912165e-01
 6.65000000e+02 1.80000000e+01 -1.34422516e-01
 6.66000000e+02 1.80000000e+01 8.90378320e-03
 6.67000000e+02 1.80000000e+01 1.47162645e-01
 6.68000000e+02 1.80000000e+01 2.79449984e-01
 6.69000000e+02 1.80000000e+01 4.04861712e-01
 6.70000000e+02 1.80000000e+01 5.22493744e-01
 6.71000000e+02 1.80000000e+01 6.31441992e-01
 6.72000000e+02 1.80000000e+01 7.30802371e-01
 6.73000000e+02 1.80000000e+01 8.19670793e-01
 6.74000000e+02 1.80000000e+01 8.97143173e-01
 6.75000000e+02 1.80000000e+01 9.62315422e-01
 6.76000000e+02 1.80000000e+01 1.01428346e+00
 6.77000000e+02 1.80000000e+01 1.05214319e+00
 6.78000000e+02 1.80000000e+01 1.07499053e+00
 6.79000000e+02 1.80000000e+01 1.08192139e+00
 6.80000000e+02 1.80000000e+01 1.07203170e+00
 6.81000000e+02 1.80000000e+01 1.04441735e+00
 6.82000000e+02 1.80000000e+01 9.98174266e-01
 6.83000000e+02 1.80000000e+01 9.32398362e-01
 6.84000000e+02 1.80000000e+01 8.46185548e-01
 6.85000000e+02 1.80000000e+01 7.38631739e-01
 6.86000000e+02 1.80000000e+01 6.08832847e-01
 6.87000000e+02 1.80000000e+01 4.55884787e-01
 6.88000000e+02 1.80000000e+01 2.78883471e-01
 6.89000000e+02 1.80000000e+01 7.69248136e-02
 6.90000000e+02 1.80000000e+01 -1.50895273e-01
 6.91000000e+02 1.80000000e+01 -4.05480874e-01
 6.92000000e+02 1.80000000e+01 -6.87736077e-01
 6.93000000e+02 1.80000000e+01 -9.98564968e-01
 6.94000000e+02 1.80000000e+01 -1.33887163e+00
 6.95000000e+02 1.80000000e+01 -1.70956016e+00
 6.96000000e+02 1.80000000e+01 -2.11153464e+00
 6.97000000e+02 1.80000000e+01 -2.54569915e+00
 6.98000000e+02 1.80000000e+01 -3.01295778e+00
 6.99000000e+02 1.80000000e+01 -3.51421462e+00
