 2.00000000e+00 5.00000000e+00 5.24614902e+00
 3.00000000e+00 5.00000000e+00 5.51991033e+00
 4.00000000e+00 5.00000000e+00 5.77212482e+00
 5.00000000e+00 5.00000000e+00 6.00338091e+00
 6.00000000e+00 5.00000000e+00 6.21426702e+00
 7.00000000e+00 5.00000000e+00 6.40537157e+00
 8.00000000e+00 5.00000000e+00 6.57728298e+00
 9.00000000e+00 5.00000000e+00 6.73058966e+00
 1.00000000e+01 5.00000000e+00 6.86588003e+00
 1.10000000e+01 5.00000000e+00 6.98374251e+00
 1.20000000e+01 5.00000000e+00 7.08476552e+00
 1.30000000e+01 5.00000000e+00 7.16953748e+00
 1.40000000e+01 5.00000000e+00 7.23864680e+00
 1.50000000e+01 5.00000000e+00 7.29268190e+00
 1.60000000e+01 5.00000000e+00 7.33223121e+00
 1.70000000e+01 5.00000000e+00 7.35788313e+00
 1.80000000e+01 5.00000000e+00 7.37022609e+00
 1.90000000e+01 5.00000000e+00 7.36984851e+00
 2.00000000e+01 5.00000000e+00 7.35733880e+00
 2.10000000e+01 5.00000000e+00 7.33328538e+00
 2.20000000e+01 5.00000000e+00 7.29827667e+00
 2.30000000e+01 5.00000000e+00 7.25290109e+00
 2.40000000e+01 5.00000000e+00 7.19774706e+00
 2.50000000e+01 5.00000000e+00 7.13340299e+00
 2.60000000e+01 5.00000000e+00 7.06045730e+00
 2.70000000e+01 5.00000000e+00 6.97949842e+00
 2.80000000e+01 5.00000000e+00 6.89111475e+00
 2.90000000e+01 5.00000000e+00 6.79589472e+00
 3.00000000e+01 5.00000000e+00 6.69442674e+00
 3.10000000e+01 5.00000000e+00 6.58729924e+00
 3.20000000e+01 5.00000000e+00 6.47510063e+00
 3.30000000e+01 5.00000000e+00 6.35841933e+00
 3.40000000e+01 5.00000000e+00 6.23784376e+00
 3.50000000e+01 5.00000000e+00 6.11396233e+00
 3.60000000e+01 5.00000000e+00 5.98736347e+00
 3.70000000e+01 5.00000000e+00 5.85863559e+00
 3.80000000e+01 5.00000000e+00 5.72836711e+00
 3.90000000e+01 5.00000000e+00 5.59714645e+00
 4.00000000e+01 5.00000000e+00 5.46556203e+00
 4.10000000e+01 5.00000000e+00 5.33420226e+00
 4.20000000e+01 5.00000000e+00 5.20365556e+00
 4.30000000e+01 5.00000000e+00 5.07451036e+00
 4.40000000e+01 5.00000000e+00 4.94735506e+00
 4.50000000e+01 5.00000000e+00 4.82277810e+00
 4.60000000e+01 5.00000000e+00 4.70136787e+00
 4.70000000e+01 5.00000000e+00 4.58371282e+00
 4.80000000e+01 5.00000000e+00 4.47040134e+00
 4.90000000e+01 5.00000000e+00 4.36202187e+00
 5.00000000e+01 5.00000000e+00 4.25916281e+00
 5.10000000e+01 5.00000000e+00 4.16241259e+00
 5.20000000e+01 5.00000000e+00 4.07235963e+00
 5.30000000e+01 5.00000000e+00 3.98959233e+00
 5.40000000e+01 5.00000000e+00 3.91469913e+00
 5.50000000e+01 5.00000000e+00 3.84826844e+00
 5.60000000e+01 5.00000000e+00 3.79088868e+00
 5.70000000e+01 5.00000000e+00 3.74314826e+00
 5.80000000e+01 5.00000000e+00 3.70563560e+00
 5.90000000e+01 5.00000000e+00 3.67893913e+00
 6.00000000e+01 5.00000000e+00 3.66364726e+00
 6.10000000e+01 5.00000000e+00 3.40260321e+00
 6.20000000e+01 5.00000000e+00 3.41075963e+00
 6.30000000e+01 5.00000000e+00 3.43004032e+00
 6.40000000e+01 5.00000000e+00 3.45996645e+00
 6.50000000e+01 5.00000000e+00 3.50005916e+00
 6.60000000e+01 5.00000000e+00 3.54983963e+00
 6.70000000e+01 5.00000000e+00 3.60882899e+00
 6.80000000e+01 5.00000000e+00 3.67654842e+00
 6.90000000e+01 5.00000000e+00 3.75251907e+00
 7.00000000e+01 5.00000000e+00 3.83626210e+00
 7.10000000e+01 5.00000000e+00 3.92729867e+00
 7.20000000e+01 5.00000000e+00 4.02514992e+00
 7.30000000e+01 5.00000000e+00 4.12933704e+00
 7.40000000e+01 5.00000000e+00 4.23938116e+00
 7.50000000e+01 5.00000000e+00 4.35480345e+00
 7.60000000e+01 5.00000000e+00 4.47512507e+00
 7.70000000e+01 5.00000000e+00 4.59986717e+00
 7.80000000e+01 5.00000000e+00 4.72855091e+00
 7.90000000e+01 5.00000000e+00 4.86069745e+00
 8.00000000e+01 5.00000000e+00 4.99582795e+00
 8.10000000e+01 5.00000000e+00 5.13346357e+00
 8.20000000e+01 5.00000000e+00 5.27312546e+00
 8.30000000e+01 5.00000000e+00 5.41433478e+00
 8.40000000e+01 5.00000000e+00 5.55661270e+00
 8.50000000e+01 5.00000000e+00 5.69948036e+00
 8.60000000e+01 5.00000000e+00 5.84245892e+00
 8.70000000e+01 5.00000000e+00 5.98506955e+00
 8.80000000e+01 5.00000000e+00 6.12683340e+00
 8.90000000e+01 5.00000000e+00 6.26727163e+00
 9.00000000e+01 5.00000000e+00 6.40590540e+00
 9.10000000e+01 5.00000000e+00 6.54225586e+00
 9.20000000e+01 5.00000000e+00 6.67584418e+00
 9.30000000e+01 5.00000000e+00 6.80619150e+00
 9.40000000e+01 5.00000000e+00 6.93281900e+00
 9.50000000e+01 5.00000000e+00 7.05524782e+00
 9.60000000e+01 5.00000000e+00 7.17299913e+00
 9.70000000e+01 5.00000000e+00 7.28559408e+00
 9.80000000e+01 5.00000000e+00 7.39255383e+00
 9.90000000e+01 5.00000000e+00 7.49339954e+00
 1.00000000e+02 5.00000000e+00 7.58765237e+00
 1.01000000e+02 5.00000000e+00 7.67483347e+00
 1.02000000e+02 5.00000000e+00 7.75446400e+00
 1.03000000e+02 5.00000000e+00 7.82606513e+00
 1.04000000e+02 5.00000000e+00 7.88915800e+00
 1.05000000e+02 5.00000000e+00 7.94326378e+00
 1.06000000e+02 5.00000000e+00 7.98790362e+00
 1.07000000e+02 5.00000000e+00 8.02259869e+00
 1.08000000e+02 5.00000000e+00 8.04687014e+00
 1.09000000e+02 5.00000000e+00 8.06023912e+00
 1.10000000e+02 5.00000000e+00 8.06222680e+00
 1.11000000e+02 5.00000000e+00 8.05235433e+00
 1.12000000e+02 5.00000000e+00 8.03014288e+00
 1.13000000e+02 5.00000000e+00 7.99511360e+00
 1.14000000e+02 5.00000000e+00 7.94678764e+00
 1.15000000e+02 5.00000000e+00 7.88468617e+00
 1.16000000e+02 5.00000000e+00 7.80833034e+00
 1.17000000e+02 5.00000000e+00 7.71724132e+00
 1.18000000e+02 5.00000000e+00 7.61094025e+00
 1.19000000e+02 5.00000000e+00 8.39030017e+00
 1.20000000e+02 5.00000000e+00 8.25281265e+00
 1.21000000e+02 5.00000000e+00 8.09996142e+00
 1.22000000e+02 5.00000000e+00 7.93196846e+00
 1.23000000e+02 5.00000000e+00 7.74905578e+00
 1.24000000e+02 5.00000000e+00 7.55144534e+00
 1.25000000e+02 5.00000000e+00 7.33935915e+00
 1.26000000e+02 5.00000000e+00 7.11301919e+00
 1.27000000e+02 5.00000000e+00 6.87264746e+00
 1.28000000e+02 5.00000000e+00 6.61846593e+00
 1.29000000e+02 5.00000000e+00 6.35069660e+00
 1.30000000e+02 5.00000000e+00 6.06956146e+00
 1.31000000e+02 5.00000000e+00 5.77528249e+00
 1.32000000e+02 5.00000000e+00 5.46808169e+00
 1.33000000e+02 5.00000000e+00 5.14818105e+00
 1.34000000e+02 5.00000000e+00 4.81580254e+00
 1.35000000e+02 5.00000000e+00 4.47116817e+00
 1.36000000e+02 5.00000000e+00 4.11449992e+00
 1.37000000e+02 5.00000000e+00 3.74601977e+00
 1.38000000e+02 5.00000000e+00 3.36594973e+00
 1.39000000e+02 5.00000000e+00 2.97451177e+00
 1.40000000e+02 5.00000000e+00 2.57192788e+00
 1.41000000e+02 5.00000000e+00 2.15842006e+00
 1.42000000e+02 5.00000000e+00 1.73421029e+00
 1.43000000e+02 5.00000000e+00 1.29952057e+00
 1.44000000e+02 5.00000000e+00 8.54572870e-01
 1.45000000e+02 5.00000000e+00 3.99589192e-01
 1.46000000e+02 5.00000000e+00 -6.52084776e-02
 1.47000000e+02 5.00000000e+00 -5.39598151e-01
 1.48000000e+02 5.00000000e+00 -1.02335784e+00
 1.49000000e+02 5.00000000e+00 -1.51626555e+00
 1.50000000e+02 5.00000000e+00 -2.01809930e+00
 1.51000000e+02 5.00000000e+00 -2.52863710e+00
 1.52000000e+02 5.00000000e+00 -3.04765696e+00
 1.53000000e+02 5.00000000e+00 -3.57493689e+00
 1.54000000e+02 5.00000000e+00 -4.11025490e+00
 1.55000000e+02 5.00000000e+00 -4.65338900e+00
 1.56000000e+02 5.00000000e+00 -5.20411721e+00
 1.57000000e+02 5.00000000e+00 -5.76221754e+00
 1.58000000e+02 5.00000000e+00 -6.32746799e+00
 1.59000000e+02 5.00000000e+00 -6.89964658e+00
 1.60000000e+02 5.00000000e+00 -7.47853132e+00
 1.61000000e+02 5.00000000e+00 -8.06390022e+00
 1.62000000e+02 5.00000000e+00 -8.65553129e+00
 1.63000000e+02 5.00000000e+00 -9.25320254e+00
 1.64000000e+02 5.00000000e+00 -9.85669199e+00
 1.65000000e+02 5.00000000e+00 -1.04657776e+01
 1.66000000e+02 5.00000000e+00 -1.10802375e+01
 1.67000000e+02 5.00000000e+00 -1.16998496e+01
 1.68000000e+02 5.00000000e+00 -1.23243919e+01
 1.69000000e+02 5.00000000e+00 -1.29536425e+01
 1.70000000e+02 5.00000000e+00 -1.35873794e+01
 1.71000000e+02 5.00000000e+00 -1.42253805e+01
 1.72000000e+02 5.00000000e+00 -1.48674239e+01
 1.73000000e+02 5.00000000e+00 -1.55132876e+01
 1.74000000e+02 5.00000000e+00 -1.61627496e+01
 1.75000000e+02 5.00000000e+00 -1.68155879e+01
 1.76000000e+02 5.00000000e+00 -1.74715806e+01
 1.77000000e+02 5.00000000e+00 -1.92428298e+01
 1.78000000e+02 5.00000000e+00 -1.99044426e+01
 1.79000000e+02 5.00000000e+00 -2.05684880e+01
 1.80000000e+02 5.00000000e+00 -2.12347119e+01
 1.81000000e+02 5.00000000e+00 -2.19028605e+01
 1.82000000e+02 5.00000000e+00 -2.25726798e+01
 1.83000000e+02 5.00000000e+00 -2.32439161e+01
 1.84000000e+02 5.00000000e+00 -2.39163152e+01
 1.85000000e+02 5.00000000e+00 -2.45896234e+01
 1.86000000e+02 5.00000000e+00 -2.52635868e+01
 1.87000000e+02 5.00000000e+00 -2.59379514e+01
 1.88000000e+02 5.00000000e+00 -2.66124632e+01
 1.89000000e+02 5.00000000e+00 -2.72868685e+01
 1.90000000e+02 5.00000000e+00 -2.79609133e+01
 1.91000000e+02 5.00000000e+00 -2.86343437e+01
 1.92000000e+02 5.00000000e+00 -2.93069057e+01
 1.93000000e+02 5.00000000e+00 -2.99783455e+01
 1.94000000e+02 5.00000000e+00 -3.06484091e+01
 1.95000000e+02 5.00000000e+00 -3.13168427e+01
 1.96000000e+02 5.00000000e+00 -3.19833924e+01
 1.97000000e+02 5.00000000e+00 -3.26478041e+01
 1.98000000e+02 5.00000000e+00 -3.33098241e+01
 1.99000000e+02 5.00000000e+00 -3.39691984e+01
 2.00000000e+02 5.00000000e+00 -3.46256731e+01
 2.01000000e+02 5.00000000e+00 -3.52789942e+01
 2.02000000e+02 5.00000000e+00 -3.59289080e+01
 2.03000000e+02 5.00000000e+00 -3.65751604e+01
 2.04000000e+02 5.00000000e+00 -3.72174975e+01
 2.05000000e+02 5.00000000e+00 -3.78556656e+01
 2.06000000e+02 5.00000000e+00 -3.84894105e+01
 2.07000000e+02 5.00000000e+00 -3.91184785e+01
 2.08000000e+02 5.00000000e+00 -3.97426156e+01
 2.09000000e+02 5.00000000e+00 -4.03615679e+01
 2.10000000e+02 5.00000000e+00 -4.09750815e+01
 2.11000000e+02 5.00000000e+00 -4.15829025e+01
 2.12000000e+02 5.00000000e+00 -4.21847770e+01
 2.13000000e+02 5.00000000e+00 -4.27804510e+01
 2.14000000e+02 5.00000000e+00 -4.33696707e+01
 2.15000000e+02 5.00000000e+00 -4.39521822e+01
 2.16000000e+02 5.00000000e+00 -4.45277315e+01
 2.17000000e+02 5.00000000e+00 -4.50960647e+01
 2.18000000e+02 5.00000000e+00 -4.56569280e+01
 2.19000000e+02 5.00000000e+00 -4.62100674e+01
 2.20000000e+02 5.00000000e+00 -4.67552289e+01
 2.21000000e+02 5.00000000e+00 -4.72921588e+01
 2.22000000e+02 5.00000000e+00 -4.78206031e+01
 2.23000000e+02 5.00000000e+00 -4.83403078e+01
 2.24000000e+02 5.00000000e+00 -4.88510191e+01
 2.25000000e+02 5.00000000e+00 -4.93524830e+01
 2.26000000e+02 5.00000000e+00 -4.98444457e+01
 2.27000000e+02 5.00000000e+00 -5.03266532e+01
 2.28000000e+02 5.00000000e+00 -5.07988517e+01
 2.29000000e+02 5.00000000e+00 -5.12607872e+01
 2.30000000e+02 5.00000000e+00 -5.17122057e+01
 2.31000000e+02 5.00000000e+00 -5.21528535e+01
 2.32000000e+02 5.00000000e+00 -5.25824765e+01
 2.33000000e+02 5.00000000e+00 -5.30008210e+01
 2.34000000e+02 5.00000000e+00 -5.34076329e+01
 2.35000000e+02 5.00000000e+00 -5.33985969e+01
 2.36000000e+02 5.00000000e+00 -5.37819273e+01
 2.37000000e+02 5.00000000e+00 -5.41537496e+01
 2.38000000e+02 5.00000000e+00 -5.45142816e+01
 2.39000000e+02 5.00000000e+00 -5.48637410e+01
 2.40000000e+02 5.00000000e+00 -5.52023456e+01
 2.41000000e+02 5.00000000e+00 -5.55303132e+01
 2.42000000e+02 5.00000000e+00 -5.58478616e+01
 2.43000000e+02 5.00000000e+00 -5.61552085e+01
 2.44000000e+02 5.00000000e+00 -5.64525717e+01
 2.45000000e+02 5.00000000e+00 -5.67401690e+01
 2.46000000e+02 5.00000000e+00 -5.70182182e+01
 2.47000000e+02 5.00000000e+00 -5.72869371e+01
 2.48000000e+02 5.00000000e+00 -5.75465434e+01
 2.49000000e+02 5.00000000e+00 -5.77972549e+01
 2.50000000e+02 5.00000000e+00 -5.80392893e+01
 2.51000000e+02 5.00000000e+00 -5.82728646e+01
 2.52000000e+02 5.00000000e+00 -5.84981983e+01
 2.53000000e+02 5.00000000e+00 -5.87155084e+01
 2.54000000e+02 5.00000000e+00 -5.89250126e+01
 2.55000000e+02 5.00000000e+00 -5.91269286e+01
 2.56000000e+02 5.00000000e+00 -5.93214743e+01
 2.57000000e+02 5.00000000e+00 -5.95088674e+01
 2.58000000e+02 5.00000000e+00 -5.96893256e+01
 2.59000000e+02 5.00000000e+00 -5.98630669e+01
 2.60000000e+02 5.00000000e+00 -6.00303089e+01
 2.61000000e+02 5.00000000e+00 -6.01912694e+01
 2.62000000e+02 5.00000000e+00 -6.03461663e+01
 2.63000000e+02 5.00000000e+00 -6.04952172e+01
 2.64000000e+02 5.00000000e+00 -6.06386400e+01
 2.65000000e+02 5.00000000e+00 -6.07766524e+01
 2.66000000e+02 5.00000000e+00 -6.09094722e+01
 2.67000000e+02 5.00000000e+00 -6.10373172e+01
 2.68000000e+02 5.00000000e+00 -6.11604051e+01
 2.69000000e+02 5.00000000e+00 -6.12789539e+01
 2.70000000e+02 5.00000000e+00 -6.13931811e+01
 2.71000000e+02 5.00000000e+00 -6.15033046e+01
 2.72000000e+02 5.00000000e+00 -6.16095422e+01
 2.73000000e+02 5.00000000e+00 -6.17121116e+01
 2.74000000e+02 5.00000000e+00 -6.18112307e+01
 2.75000000e+02 5.00000000e+00 -6.19071171e+01
 2.76000000e+02 5.00000000e+00 -6.19999888e+01
 2.77000000e+02 5.00000000e+00 -6.20900634e+01
 2.78000000e+02 5.00000000e+00 -6.21775587e+01
 2.79000000e+02 5.00000000e+00 -6.22626925e+01
 2.80000000e+02 5.00000000e+00 -6.23456827e+01
 2.81000000e+02 5.00000000e+00 -6.24267468e+01
 2.82000000e+02 5.00000000e+00 -6.25061029e+01
 2.83000000e+02 5.00000000e+00 -6.25839685e+01
 2.84000000e+02 5.00000000e+00 -6.26605615e+01
 2.85000000e+02 5.00000000e+00 -6.27360997e+01
 2.86000000e+02 5.00000000e+00 -6.28108009e+01
 2.87000000e+02 5.00000000e+00 -6.28848827e+01
 2.88000000e+02 5.00000000e+00 -6.29585631e+01
 2.89000000e+02 5.00000000e+00 -6.30320597e+01
 2.90000000e+02 5.00000000e+00 -6.31055904e+01
 2.91000000e+02 5.00000000e+00 -6.31793730e+01
 2.92000000e+02 5.00000000e+00 -6.32536251e+01
 2.93000000e+02 5.00000000e+00 -6.34318612e+01
 2.94000000e+02 5.00000000e+00 -6.35075121e+01
 2.95000000e+02 5.00000000e+00 -6.35838075e+01
 2.96000000e+02 5.00000000e+00 -6.36606627e+01
 2.97000000e+02 5.00000000e+00 -6.37379934e+01
 2.98000000e+02 5.00000000e+00 -6.38157151e+01
 2.99000000e+02 5.00000000e+00 -6.38937434e+01
 3.00000000e+02 5.00000000e+00 -6.39719937e+01
 3.01000000e+02 5.00000000e+00 -6.40503817e+01
 3.02000000e+02 5.00000000e+00 -6.41288228e+01
 3.03000000e+02 5.00000000e+00 -6.42072326e+01
 3.04000000e+02 5.00000000e+00 -6.42855267e+01
 3.05000000e+02 5.00000000e+00 -6.43636205e+01
 3.06000000e+02 5.00000000e+00 -6.44414297e+01
 3.07000000e+02 5.00000000e+00 -6.45188697e+01
 3.08000000e+02 5.00000000e+00 -6.45958561e+01
 3.09000000e+02 5.00000000e+00 -6.46723044e+01
 3.10000000e+02 5.00000000e+00 -6.47481302e+01
 3.11000000e+02 5.00000000e+00 -6.48232490e+01
 3.12000000e+02 5.00000000e+00 -6.48975764e+01
 3.13000000e+02 5.00000000e+00 -6.49710278e+01
 3.14000000e+02 5.00000000e+00 -6.50435189e+01
 3.15000000e+02 5.00000000e+00 -6.51149651e+01
 3.16000000e+02 5.00000000e+00 -6.51852820e+01
 3.17000000e+02 5.00000000e+00 -6.52543851e+01
 3.18000000e+02 5.00000000e+00 -6.53221900e+01
 3.19000000e+02 5.00000000e+00 -6.53886123e+01
 3.20000000e+02 5.00000000e+00 -6.54535673e+01
 3.21000000e+02 5.00000000e+00 -6.55169708e+01
 3.22000000e+02 5.00000000e+00 -6.55787382e+01
 3.23000000e+02 5.00000000e+00 -6.56387851e+01
 3.24000000e+02 5.00000000e+00 -6.56970269e+01
 3.25000000e+02 5.00000000e+00 -6.57533793e+01
 3.26000000e+02 5.00000000e+00 -6.58077578e+01
 3.27000000e+02 5.00000000e+00 -6.58600779e+01
 3.28000000e+02 5.00000000e+00 -6.59102552e+01
 3.29000000e+02 5.00000000e+00 -6.59582052e+01
 3.30000000e+02 5.00000000e+00 -6.60038434e+01
 3.31000000e+02 5.00000000e+00 -6.60470853e+01
 3.32000000e+02 5.00000000e+00 -6.60878466e+01
 3.33000000e+02 5.00000000e+00 -6.61260428e+01
 3.34000000e+02 5.00000000e+00 -6.61615893e+01
 3.35000000e+02 5.00000000e+00 -6.61944017e+01
 3.36000000e+02 5.00000000e+00 -6.62243956e+01
 3.37000000e+02 5.00000000e+00 -6.62514865e+01
 3.38000000e+02 5.00000000e+00 -6.62755900e+01
 3.39000000e+02 5.00000000e+00 -6.62966215e+01
 3.40000000e+02 5.00000000e+00 -6.63144967e+01
 3.41000000e+02 5.00000000e+00 -6.63291310e+01
 3.42000000e+02 5.00000000e+00 -6.63404400e+01
 3.43000000e+02 5.00000000e+00 -6.63483392e+01
 3.44000000e+02 5.00000000e+00 -6.63527442e+01
 3.45000000e+02 5.00000000e+00 -6.63535705e+01
 3.46000000e+02 5.00000000e+00 -6.63507337e+01
 3.47000000e+02 5.00000000e+00 -6.63441492e+01
 3.48000000e+02 5.00000000e+00 -6.63337327e+01
 3.49000000e+02 5.00000000e+00 -6.63193996e+01
 3.50000000e+02 5.00000000e+00 -6.63010656e+01
 3.51000000e+02 5.00000000e+00 -6.63018285e+01
 3.52000000e+02 5.00000000e+00 -6.62753393e+01
 3.53000000e+02 5.00000000e+00 -6.62448654e+01
 3.54000000e+02 5.00000000e+00 -6.62105019e+01
 3.55000000e+02 5.00000000e+00 -6.61723440e+01
 3.56000000e+02 5.00000000e+00 -6.61304871e+01
 3.57000000e+02 5.00000000e+00 -6.60850264e+01
 3.58000000e+02 5.00000000e+00 -6.60360571e+01
 3.59000000e+02 5.00000000e+00 -6.59836744e+01
 3.60000000e+02 5.00000000e+00 -6.59279737e+01
 3.61000000e+02 5.00000000e+00 -6.58690501e+01
 3.62000000e+02 5.00000000e+00 -6.58069989e+01
 3.63000000e+02 5.00000000e+00 -6.57419154e+01
 3.64000000e+02 5.00000000e+00 -6.56738949e+01
 3.65000000e+02 5.00000000e+00 -6.56030324e+01
 3.66000000e+02 5.00000000e+00 -6.55294234e+01
 3.67000000e+02 5.00000000e+00 -6.54531630e+01
 3.68000000e+02 5.00000000e+00 -6.53743466e+01
 3.69000000e+02 5.00000000e+00 -6.52930693e+01
 3.70000000e+02 5.00000000e+00 -6.52094263e+01
 3.71000000e+02 5.00000000e+00 -6.51235131e+01
 3.72000000e+02 5.00000000e+00 -6.50354247e+01
 3.73000000e+02 5.00000000e+00 -6.49452565e+01
 3.74000000e+02 5.00000000e+00 -6.48531036e+01
 3.75000000e+02 5.00000000e+00 -6.47590614e+01
 3.76000000e+02 5.00000000e+00 -6.46632251e+01
 3.77000000e+02 5.00000000e+00 -6.45656899e+01
 3.78000000e+02 5.00000000e+00 -6.44665511e+01
 3.79000000e+02 5.00000000e+00 -6.43659040e+01
 3.80000000e+02 5.00000000e+00 -6.42638437e+01
 3.81000000e+02 5.00000000e+00 -6.41604655e+01
 3.82000000e+02 5.00000000e+00 -6.40558647e+01
 3.83000000e+02 5.00000000e+00 -6.39501366e+01
 3.84000000e+02 5.00000000e+00 -6.38433763e+01
 3.85000000e+02 5.00000000e+00 -6.37356791e+01
 3.86000000e+02 5.00000000e+00 -6.36271403e+01
 3.87000000e+02 5.00000000e+00 -6.35178551e+01
 3.88000000e+02 5.00000000e+00 -6.34079188e+01
 3.89000000e+02 5.00000000e+00 -6.32974266e+01
 3.90000000e+02 5.00000000e+00 -6.31864738e+01
 3.91000000e+02 5.00000000e+00 -6.30751555e+01
 3.92000000e+02 5.00000000e+00 -6.29635671e+01
 3.93000000e+02 5.00000000e+00 -6.28518039e+01
 3.94000000e+02 5.00000000e+00 -6.27399609e+01
 3.95000000e+02 5.00000000e+00 -6.26281336e+01
 3.96000000e+02 5.00000000e+00 -6.25164172e+01
 3.97000000e+02 5.00000000e+00 -6.24049068e+01
 3.98000000e+02 5.00000000e+00 -6.22936978e+01
 3.99000000e+02 5.00000000e+00 -6.21828853e+01
 4.00000000e+02 5.00000000e+00 -6.20725647e+01
 4.01000000e+02 5.00000000e+00 -6.19628312e+01
 4.02000000e+02 5.00000000e+00 -6.18537801e+01
 4.03000000e+02 5.00000000e+00 -6.17455065e+01
 4.04000000e+02 5.00000000e+00 -6.16381057e+01
 4.05000000e+02 5.00000000e+00 -6.15316731e+01
 4.06000000e+02 5.00000000e+00 -6.14263037e+01
 4.07000000e+02 5.00000000e+00 -6.13220930e+01
 4.08000000e+02 5.00000000e+00 -6.12191360e+01
 4.09000000e+02 5.00000000e+00 -6.08785290e+01
 4.10000000e+02 5.00000000e+00 -6.07781767e+01
 4.11000000e+02 5.00000000e+00 -6.06787986e+01
 4.12000000e+02 5.00000000e+00 -6.05800912e+01
 4.13000000e+02 5.00000000e+00 -6.04817506e+01
 4.14000000e+02 5.00000000e+00 -6.03834732e+01
 4.15000000e+02 5.00000000e+00 -6.02849551e+01
 4.16000000e+02 5.00000000e+00 -6.01858928e+01
 4.17000000e+02 5.00000000e+00 -6.00859823e+01
 4.18000000e+02 5.00000000e+00 -5.99849200e+01
 4.19000000e+02 5.00000000e+00 -5.98824021e+01
 4.20000000e+02 5.00000000e+00 -5.97781250e+01
 4.21000000e+02 5.00000000e+00 -5.96717848e+01
 4.22000000e+02 5.00000000e+00 -5.95630779e+01
 4.23000000e+02 5.00000000e+00 -5.94517004e+01
 4.24000000e+02 5.00000000e+00 -5.93373487e+01
 4.25000000e+02 5.00000000e+00 -5.92197190e+01
 4.26000000e+02 5.00000000e+00 -5.90985076e+01
 4.27000000e+02 5.00000000e+00 -5.89734108e+01
 4.28000000e+02 5.00000000e+00 -5.88441247e+01
 4.29000000e+02 5.00000000e+00 -5.87103457e+01
 4.30000000e+02 5.00000000e+00 -5.85717701e+01
 4.31000000e+02 5.00000000e+00 -5.84280940e+01
 4.32000000e+02 5.00000000e+00 -5.82790138e+01
 4.33000000e+02 5.00000000e+00 -5.81242257e+01
 4.34000000e+02 5.00000000e+00 -5.79634260e+01
 4.35000000e+02 5.00000000e+00 -5.77963109e+01
 4.36000000e+02 5.00000000e+00 -5.76225767e+01
 4.37000000e+02 5.00000000e+00 -5.74419198e+01
 4.38000000e+02 5.00000000e+00 -5.72540362e+01
 4.39000000e+02 5.00000000e+00 -5.70586223e+01
 4.40000000e+02 5.00000000e+00 -5.68553744e+01
 4.41000000e+02 5.00000000e+00 -5.66439887e+01
 4.42000000e+02 5.00000000e+00 -5.64241615e+01
 4.43000000e+02 5.00000000e+00 -5.61955890e+01
 4.44000000e+02 5.00000000e+00 -5.59579676e+01
 4.45000000e+02 5.00000000e+00 -5.57109934e+01
 4.46000000e+02 5.00000000e+00 -5.54543627e+01
 4.47000000e+02 5.00000000e+00 -5.51877718e+01
 4.48000000e+02 5.00000000e+00 -5.49109170e+01
 4.49000000e+02 5.00000000e+00 -5.46234945e+01
 4.50000000e+02 5.00000000e+00 -5.43252006e+01
 4.51000000e+02 5.00000000e+00 -5.40157316e+01
 4.52000000e+02 5.00000000e+00 -5.36947836e+01
 4.53000000e+02 5.00000000e+00 -5.33620530e+01
 4.54000000e+02 5.00000000e+00 -5.30172360e+01
 4.55000000e+02 5.00000000e+00 -5.26600290e+01
 4.56000000e+02 5.00000000e+00 -5.22901281e+01
 4.57000000e+02 5.00000000e+00 -5.19072296e+01
 4.58000000e+02 5.00000000e+00 -5.15110298e+01
 4.59000000e+02 5.00000000e+00 -5.11012249e+01
 4.60000000e+02 5.00000000e+00 -5.06775113e+01
 4.61000000e+02 5.00000000e+00 -5.02395851e+01
 4.62000000e+02 5.00000000e+00 -4.97871426e+01
 4.63000000e+02 5.00000000e+00 -4.93198802e+01
 4.64000000e+02 5.00000000e+00 -4.88374940e+01
 4.65000000e+02 5.00000000e+00 -4.83396803e+01
 4.66000000e+02 5.00000000e+00 -4.78261354e+01
 4.67000000e+02 5.00000000e+00 -4.80052281e+01
 4.68000000e+02 5.00000000e+00 -4.74596541e+01
 4.69000000e+02 5.00000000e+00 -4.68986099e+01
 4.70000000e+02 5.00000000e+00 -4.63226708e+01
 4.71000000e+02 5.00000000e+00 -4.57324122e+01
 4.72000000e+02 5.00000000e+00 -4.51284095e+01
 4.73000000e+02 5.00000000e+00 -4.45112380e+01
 4.74000000e+02 5.00000000e+00 -4.38814732e+01
 4.75000000e+02 5.00000000e+00 -4.32396904e+01
 4.76000000e+02 5.00000000e+00 -4.25864650e+01
 4.77000000e+02 5.00000000e+00 -4.19223724e+01
 4.78000000e+02 5.00000000e+00 -4.12479880e+01
 4.79000000e+02 5.00000000e+00 -4.05638871e+01
 4.80000000e+02 5.00000000e+00 -3.98706451e+01
 4.81000000e+02 5.00000000e+00 -3.91688375e+01
 4.82000000e+02 5.00000000e+00 -3.84590396e+01
 4.83000000e+02 5.00000000e+00 -3.77418267e+01
 4.84000000e+02 5.00000000e+00 -3.70177744e+01
 4.85000000e+02 5.00000000e+00 -3.62874578e+01
 4.86000000e+02 5.00000000e+00 -3.55514525e+01
 4.87000000e+02 5.00000000e+00 -3.48103338e+01
 4.88000000e+02 5.00000000e+00 -3.40646771e+01
 4.89000000e+02 5.00000000e+00 -3.33150578e+01
 4.90000000e+02 5.00000000e+00 -3.25620512e+01
 4.91000000e+02 5.00000000e+00 -3.18062328e+01
 4.92000000e+02 5.00000000e+00 -3.10481779e+01
 4.93000000e+02 5.00000000e+00 -3.02884619e+01
 4.94000000e+02 5.00000000e+00 -2.95276602e+01
 4.95000000e+02 5.00000000e+00 -2.87663482e+01
 4.96000000e+02 5.00000000e+00 -2.80051012e+01
 4.97000000e+02 5.00000000e+00 -2.72444947e+01
 4.98000000e+02 5.00000000e+00 -2.64851040e+01
 4.99000000e+02 5.00000000e+00 -2.57275044e+01
 5.00000000e+02 5.00000000e+00 -2.49722715e+01
 5.01000000e+02 5.00000000e+00 -2.42199805e+01
 5.02000000e+02 5.00000000e+00 -2.34712069e+01
 5.03000000e+02 5.00000000e+00 -2.27265260e+01
 5.04000000e+02 5.00000000e+00 -2.19865132e+01
 5.05000000e+02 5.00000000e+00 -2.12517439e+01
 5.06000000e+02 5.00000000e+00 -2.05227935e+01
 5.07000000e+02 5.00000000e+00 -1.98002374e+01
 5.08000000e+02 5.00000000e+00 -1.90846509e+01
 5.09000000e+02 5.00000000e+00 -1.83766094e+01
 5.10000000e+02 5.00000000e+00 -1.76766883e+01
 5.11000000e+02 5.00000000e+00 -1.69854630e+01
 5.12000000e+02 5.00000000e+00 -1.63035089e+01
 5.13000000e+02 5.00000000e+00 -1.56314014e+01
 5.14000000e+02 5.00000000e+00 -1.49697157e+01
 5.15000000e+02 5.00000000e+00 -1.43190274e+01
 5.16000000e+02 5.00000000e+00 -1.36799118e+01
 5.17000000e+02 5.00000000e+00 -1.30529443e+01
 5.18000000e+02 5.00000000e+00 -1.24387002e+01
 5.19000000e+02 5.00000000e+00 -1.18377550e+01
 5.20000000e+02 5.00000000e+00 -1.12506841e+01
 5.21000000e+02 5.00000000e+00 -1.06780627e+01
 5.22000000e+02 5.00000000e+00 -1.01204663e+01
 5.23000000e+02 5.00000000e+00 -9.57847034e+00
 5.24000000e+02 5.00000000e+00 -9.05265011e+00
 5.25000000e+02 5.00000000e+00 -7.53087283e+00
 5.26000000e+02 5.00000000e+00 -7.03887225e+00
 5.27000000e+02 5.00000000e+00 -6.56370792e+00
 5.28000000e+02 5.00000000e+00 -6.10510269e+00
 5.29000000e+02 5.00000000e+00 -5.66277941e+00
 5.30000000e+02 5.00000000e+00 -5.23646093e+00
 5.31000000e+02 5.00000000e+00 -4.82587011e+00
 5.32000000e+02 5.00000000e+00 -4.43072979e+00
 5.33000000e+02 5.00000000e+00 -4.05076284e+00
 5.34000000e+02 5.00000000e+00 -3.68569209e+00
 5.35000000e+02 5.00000000e+00 -3.33524041e+00
 5.36000000e+02 5.00000000e+00 -2.99913065e+00
 5.37000000e+02 5.00000000e+00 -2.67708565e+00
 5.38000000e+02 5.00000000e+00 -2.36882828e+00
 5.39000000e+02 5.00000000e+00 -2.07408138e+00
 5.40000000e+02 5.00000000e+00 -1.79256780e+00
 5.41000000e+02 5.00000000e+00 -1.52401040e+00
 5.42000000e+02 5.00000000e+00 -1.26813203e+00
 5.43000000e+02 5.00000000e+00 -1.02465555e+00
 5.44000000e+02 5.00000000e+00 -7.93303794e-01
 5.45000000e+02 5.00000000e+00 -5.73799629e-01
 5.46000000e+02 5.00000000e+00 -3.65865903e-01
 5.47000000e+02 5.00000000e+00 -1.69225468e-01
 5.48000000e+02 5.00000000e+00 1.63988237e-02
 5.49000000e+02 5.00000000e+00 1.91284119e-01
 5.50000000e+02 5.00000000e+00 3.55707567e-01
 5.51000000e+02 5.00000000e+00 5.09946315e-01
 5.52000000e+02 5.00000000e+00 6.54277509e-01
 5.53000000e+02 5.00000000e+00 7.88978299e-01
 5.54000000e+02 5.00000000e+00 9.14325832e-01
 5.55000000e+02 5.00000000e+00 1.03059726e+00
 5.56000000e+02 5.00000000e+00 1.13806972e+00
 5.57000000e+02 5.00000000e+00 1.23702037e+00
 5.58000000e+02 5.00000000e+00 1.32772635e+00
 5.59000000e+02 5.00000000e+00 1.41046481e+00
 5.60000000e+02 5.00000000e+00 1.48551290e+00
 5.61000000e+02 5.00000000e+00 1.55314777e+00
 5.62000000e+02 5.00000000e+00 1.61364657e+00
 5.63000000e+02 5.00000000e+00 1.66728643e+00
 5.64000000e+02 5.00000000e+00 1.71434452e+00
 5.65000000e+02 5.00000000e+00 1.75509798e+00
 5.66000000e+02 5.00000000e+00 1.78982395e+00
 5.67000000e+02 5.00000000e+00 1.81879958e+00
 5.68000000e+02 5.00000000e+00 1.84230203e+00
 5.69000000e+02 5.00000000e+00 1.86060843e+00
 5.70000000e+02 5.00000000e+00 1.87399594e+00
 5.71000000e+02 5.00000000e+00 1.88274171e+00
 5.72000000e+02 5.00000000e+00 1.88712287e+00
 5.73000000e+02 5.00000000e+00 1.88741659e+00
 5.74000000e+02 5.00000000e+00 1.88390000e+00
 5.75000000e+02 5.00000000e+00 1.87685026e+00
 5.76000000e+02 5.00000000e+00 1.86654452e+00
 5.77000000e+02 5.00000000e+00 1.85325991e+00
 5.78000000e+02 5.00000000e+00 1.83727359e+00
 5.79000000e+02 5.00000000e+00 1.81886271e+00
 5.80000000e+02 5.00000000e+00 1.79830441e+00
 5.81000000e+02 5.00000000e+00 1.77587585e+00
 5.82000000e+02 5.00000000e+00 1.75185416e+00
 5.83000000e+02 5.00000000e+00 1.55091963e+00
 5.84000000e+02 5.00000000e+00 1.52449013e+00
 5.85000000e+02 5.00000000e+00 1.49703398e+00
 5.86000000e+02 5.00000000e+00 1.46860123e+00
 5.87000000e+02 5.00000000e+00 1.43924189e+00
 5.88000000e+02 5.00000000e+00 1.40900601e+00
 5.89000000e+02 5.00000000e+00 1.37794362e+00
 5.90000000e+02 5.00000000e+00 1.34610474e+00
 5.91000000e+02 5.00000000e+00 1.31353942e+00
 5.92000000e+02 5.00000000e+00 1.28029768e+00
 5.93000000e+02 5.00000000e+00 1.24642956e+00
 5.94000000e+02 5.00000000e+00 1.21198510e+00
 5.95000000e+02 5.00000000e+00 1.17701431e+00
 5.96000000e+02 5.00000000e+00 1.14156725e+00
 5.97000000e+02 5.00000000e+00 1.10569393e+00
 5.98000000e+02 5.00000000e+00 1.06944439e+00
 5.99000000e+02 5.00000000e+00 1.03286867e+00
 6.00000000e+02 5.00000000e+00 9.96016795e-01
 6.01000000e+02 5.00000000e+00 9.58938801e-01
 6.02000000e+02 5.00000000e+00 9.21684721e-01
 6.03000000e+02 5.00000000e+00 8.84304586e-01
 6.04000000e+02 5.00000000e+00 8.46848431e-01
 6.05000000e+02 5.00000000e+00 8.09366287e-01
 6.06000000e+02 5.00000000e+00 7.71908188e-01
 6.07000000e+02 5.00000000e+00 7.34524165e-01
 6.08000000e+02 5.00000000e+00 6.97264253e-01
 6.09000000e+02 5.00000000e+00 6.60178484e-01
 6.10000000e+02 5.00000000e+00 6.23316890e-01
 6.11000000e+02 5.00000000e+00 5.86729505e-01
 6.12000000e+02 5.00000000e+00 5.50466361e-01
 6.13000000e+02 5.00000000e+00 5.14577491e-01
 6.14000000e+02 5.00000000e+00 4.79112928e-01
 6.15000000e+02 5.00000000e+00 4.44122705e-01
 6.16000000e+02 5.00000000e+00 4.09656853e-01
 6.17000000e+02 5.00000000e+00 3.75765408e-01
 6.18000000e+02 5.00000000e+00 3.42498400e-01
 6.19000000e+02 5.00000000e+00 3.09905863e-01
 6.20000000e+02 5.00000000e+00 2.78037830e-01
 6.21000000e+02 5.00000000e+00 2.46944333e-01
 6.22000000e+02 5.00000000e+00 2.16675405e-01
 6.23000000e+02 5.00000000e+00 1.87281080e-01
 6.24000000e+02 5.00000000e+00 1.58811389e-01
 6.25000000e+02 5.00000000e+00 1.31316366e-01
 6.26000000e+02 5.00000000e+00 1.04846043e-01
 6.27000000e+02 5.00000000e+00 7.94504539e-02
 6.28000000e+02 5.00000000e+00 5.51796306e-02
 6.29000000e+02 5.00000000e+00 3.20836061e-02
 6.30000000e+02 5.00000000e+00 1.02124133e-02
 6.31000000e+02 5.00000000e+00 -1.03839151e-02
 6.32000000e+02 5.00000000e+00 -2.96553462e-02
 6.33000000e+02 5.00000000e+00 -4.75518473e-02
 6.34000000e+02 5.00000000e+00 -6.40233855e-02
 6.35000000e+02 5.00000000e+00 -7.90199281e-02
 6.36000000e+02 5.00000000e+00 -9.24914422e-02
 6.37000000e+02 5.00000000e+00 -1.04387895e-01
 6.38000000e+02 5.00000000e+00 -1.14659254e-01
 6.39000000e+02 5.00000000e+00 -1.23255486e-01
 6.40000000e+02 5.00000000e+00 -1.30126558e-01
 6.41000000e+02 5.00000000e+00 -3.00428634e-02
 6.42000000e+02 5.00000000e+00 -3.33438147e-02
 6.43000000e+02 5.00000000e+00 -3.49169287e-02
 6.44000000e+02 5.00000000e+00 -3.48482535e-02
 6.45000000e+02 5.00000000e+00 -3.32238367e-02
 6.46000000e+02 5.00000000e+00 -3.01297262e-02
 6.47000000e+02 5.00000000e+00 -2.56519698e-02
 6.48000000e+02 5.00000000e+00 -1.98766153e-02
 6.49000000e+02 5.00000000e+00 -1.28897107e-02
 6.50000000e+02 5.00000000e+00 -4.77730354e-03
 6.51000000e+02 5.00000000e+00 4.37455818e-03
 6.52000000e+02 5.00000000e+00 1.44798267e-02
 6.53000000e+02 5.00000000e+00 2.54524542e-02
 6.54000000e+02 5.00000000e+00 3.72063928e-02
 6.55000000e+02 5.00000000e+00 4.96555947e-02
 6.56000000e+02 5.00000000e+00 6.27140122e-02
 6.57000000e+02 5.00000000e+00 7.62955973e-02
 6.58000000e+02 5.00000000e+00 9.03143023e-02
 6.59000000e+02 5.00000000e+00 1.04684079e-01
 6.60000000e+02 5.00000000e+00 1.19318881e-01
 6.61000000e+02 5.00000000e+00 1.34132658e-01
 6.62000000e+02 5.00000000e+00 1.49039365e-01
 6.63000000e+02 5.00000000e+00 1.63952952e-01
 6.64000000e+02 5.00000000e+00 1.78787372e-01
 6.65000000e+02 5.00000000e+00 1.93456577e-01
 6.66000000e+02 5.00000000e+00 2.07874519e-01
 6.67000000e+02 5.00000000e+00 2.21955151e-01
 6.68000000e+02 5.00000000e+00 2.35612425e-01
 6.69000000e+02 5.00000000e+00 2.48760292e-01
 6.70000000e+02 5.00000000e+00 2.61312706e-01
 6.71000000e+02 5.00000000e+00 2.73183618e-01
 6.72000000e+02 5.00000000e+00 2.84286980e-01
 6.73000000e+02 5.00000000e+00 2.94536744e-01
 6.74000000e+02 5.00000000e+00 3.03846864e-01
 6.75000000e+02 5.00000000e+00 3.12131290e-01
 6.76000000e+02 5.00000000e+00 3.19303976e-01
 6.77000000e+02 5.00000000e+00 3.25278873e-01
 6.78000000e+02 5.00000000e+00 3.29969933e-01
 6.79000000e+02 5.00000000e+00 3.33291109e-01
 6.80000000e+02 5.00000000e+00 3.35156353e-01
 6.81000000e+02 5.00000000e+00 3.35479616e-01
 6.82000000e+02 5.00000000e+00 3.34174852e-01
 6.83000000e+02 5.00000000e+00 3.31156013e-01
 6.84000000e+02 5.00000000e+00 3.26337050e-01
 6.85000000e+02 5.00000000e+00 3.19631915e-01
 6.86000000e+02 5.00000000e+00 3.10954562e-01
 6.87000000e+02 5.00000000e+00 3.00218942e-01
 6.88000000e+02 5.00000000e+00 2.87339007e-01
 6.89000000e+02 5.00000000e+00 2.72228709e-01
 6.90000000e+02 5.00000000e+00 2.54802001e-01
 6.91000000e+02 5.00000000e+00 2.34972835e-01
 6.92000000e+02 5.00000000e+00 2.12655163e-01
 6.93000000e+02 5.00000000e+00 1.87762937e-01
 6.94000000e+02 5.00000000e+00 1.60210109e-01
 6.95000000e+02 5.00000000e+00 1.29910632e-01
 6.96000000e+02 5.00000000e+00 9.67784582e-02
 6.97000000e+02 5.00000000e+00 6.07275388e-02
 6.98000000e+02 5.00000000e+00 2.16718265e-02
 6.99000000e+02 5.00000000e+00 -2.04747265e-02
