 1.00000000e+00 1.00000000e+00 5.29133572e+01
 2.00000000e+00 1.00000000e+00 5.22586630e+01
 3.00000000e+00 1.00000000e+00 5.16437997e+01
 4.00000000e+00 1.00000000e+00 5.10678000e+01
 5.00000000e+00 1.00000000e+00 5.05296966e+01
 6.00000000e+00 1.00000000e+00 5.00285223e+01
 7.00000000e+00 1.00000000e+00 4.95633097e+01
 8.00000000e+00 1.00000000e+00 4.91330916e+01
 9.00000000e+00 1.00000000e+00 4.87369008e+01
 1.00000000e+01 1.00000000e+00 4.83737698e+01
 1.10000000e+01 1.00000000e+00 4.80427315e+01
 1.20000000e+01 1.00000000e+00 4.77428186e+01
 1.30000000e+01 1.00000000e+00 4.74730637e+01
 1.40000000e+01 1.00000000e+00 4.72324996e+01
 1.50000000e+01 1.00000000e+00 4.70201590e+01
 1.60000000e+01 1.00000000e+00 4.68350747e+01
 1.70000000e+01 1.00000000e+00 4.66762793e+01
 1.80000000e+01 1.00000000e+00 4.65428056e+01
 1.90000000e+01 1.00000000e+00 4.64336863e+01
 2.00000000e+01 1.00000000e+00 4.63479541e+01
 2.10000000e+01 1.00000000e+00 4.62846417e+01
 2.20000000e+01 1.00000000e+00 4.62427818e+01
 2.30000000e+01 1.00000000e+00 4.62214073e+01
 2.40000000e+01 1.00000000e+00 4.62195507e+01
 2.50000000e+01 1.00000000e+00 4.62362447e+01
 2.60000000e+01 1.00000000e+00 4.62705223e+01
 2.70000000e+01 1.00000000e+00 4.63214159e+01
 2.80000000e+01 1.00000000e+00 4.63879584e+01
 2.90000000e+01 1.00000000e+00 4.64691825e+01
 3.00000000e+01 1.00000000e+00 4.65641208e+01
 3.10000000e+01 1.00000000e+00 4.66718062e+01
 3.20000000e+01 1.00000000e+00 4.67912713e+01
 3.30000000e+01 1.00000000e+00 4.69215489e+01
 3.40000000e+01 1.00000000e+00 4.70616716e+01
 3.50000000e+01 1.00000000e+00 4.72106722e+01
 3.60000000e+01 1.00000000e+00 4.73675833e+01
 3.70000000e+01 1.00000000e+00 4.75314379e+01
 3.80000000e+01 1.00000000e+00 4.77012684e+01
 3.90000000e+01 1.00000000e+00 4.78761077e+01
 4.00000000e+01 1.00000000e+00 4.80549885e+01
 4.10000000e+01 1.00000000e+00 4.82369435e+01
 4.20000000e+01 1.00000000e+00 4.84210054e+01
 4.30000000e+01 1.00000000e+00 4.86062069e+01
 4.40000000e+01 1.00000000e+00 4.87915807e+01
 4.50000000e+01 1.00000000e+00 4.89761597e+01
 4.60000000e+01 1.00000000e+00 4.91589764e+01
 4.70000000e+01 1.00000000e+00 4.93390636e+01
 4.80000000e+01 1.00000000e+00 4.95154541e+01
 4.90000000e+01 1.00000000e+00 4.96871804e+01
 5.00000000e+01 1.00000000e+00 4.98532755e+01
 5.10000000e+01 1.00000000e+00 5.01639861e+01
 5.20000000e+01 1.00000000e+00 5.03161538e+01
 5.30000000e+01 1.00000000e+00 5.04610398e+01
 5.40000000e+01 1.00000000e+00 5.05988448e+01
 5.50000000e+01 1.00000000e+00 5.07297696e+01
 5.60000000e+01 1.00000000e+00 5.08540148e+01
 5.70000000e+01 1.00000000e+00 5.09717813e+01
 5.80000000e+01 1.00000000e+00 5.10832698e+01
 5.90000000e+01 1.00000000e+00 5.11886810e+01
 6.00000000e+01 1.00000000e+00 5.12882157e+01
 6.10000000e+01 1.00000000e+00 5.13820745e+01
 6.20000000e+01 1.00000000e+00 5.14704584e+01
 6.30000000e+01 1.00000000e+00 5.15535679e+01
 6.40000000e+01 1.00000000e+00 5.16316039e+01
 6.50000000e+01 1.00000000e+00 5.17047671e+01
 6.60000000e+01 1.00000000e+00 5.17732582e+01
 6.70000000e+01 1.00000000e+00 5.18372779e+01
 6.80000000e+01 1.00000000e+00 5.18970271e+01
 6.90000000e+01 1.00000000e+00 5.19527064e+01
 7.00000000e+01 1.00000000e+00 5.20045167e+01
 7.10000000e+01 1.00000000e+00 5.20526585e+01
 7.20000000e+01 1.00000000e+00 5.20973328e+01
 7.30000000e+01 1.00000000e+00 5.21387402e+01
 7.40000000e+01 1.00000000e+00 5.21770815e+01
 7.50000000e+01 1.00000000e+00 5.22125573e+01
 7.60000000e+01 1.00000000e+00 5.22453686e+01
 7.70000000e+01 1.00000000e+00 5.22757159e+01
 7.80000000e+01 1.00000000e+00 5.23038001e+01
 7.90000000e+01 1.00000000e+00 5.23298218e+01
 8.00000000e+01 1.00000000e+00 5.23539819e+01
 8.10000000e+01 1.00000000e+00 5.23764811e+01
 8.20000000e+01 1.00000000e+00 5.23975201e+01
 8.30000000e+01 1.00000000e+00 5.24172996e+01
 8.40000000e+01 1.00000000e+00 5.24360205e+01
 8.50000000e+01 1.00000000e+00 5.24538834e+01
 8.60000000e+01 1.00000000e+00 5.24710890e+01
 8.70000000e+01 1.00000000e+00 5.24878382e+01
 8.80000000e+01 1.00000000e+00 5.25043317e+01
 8.90000000e+01 1.00000000e+00 5.25207702e+01
 9.00000000e+01 1.00000000e+00 5.25373544e+01
 9.10000000e+01 1.00000000e+00 5.25542852e+01
 9.20000000e+01 1.00000000e+00 5.25717632e+01
 9.30000000e+01 1.00000000e+00 5.25899892e+01
 9.40000000e+01 1.00000000e+00 5.26091639e+01
 9.50000000e+01 1.00000000e+00 5.26294881e+01
 9.60000000e+01 1.00000000e+00 5.26511625e+01
 9.70000000e+01 1.00000000e+00 5.26743879e+01
 9.80000000e+01 1.00000000e+00 5.26993649e+01
 9.90000000e+01 1.00000000e+00 5.27262945e+01
 1.00000000e+02 1.00000000e+00 5.27553772e+01
 1.01000000e+02 1.00000000e+00 5.28405039e+01
 1.02000000e+02 1.00000000e+00 5.28744308e+01
 1.03000000e+02 1.00000000e+00 5.29108241e+01
 1.04000000e+02 1.00000000e+00 5.29496317e+01
 1.05000000e+02 1.00000000e+00 5.29908015e+01
 1.06000000e+02 1.00000000e+00 5.30342813e+01
 1.07000000e+02 1.00000000e+00 5.30800189e+01
 1.08000000e+02 1.00000000e+00 5.31279623e+01
 1.09000000e+02 1.00000000e+00 5.31780594e+01
 1.10000000e+02 1.00000000e+00 5.32302579e+01
 1.11000000e+02 1.00000000e+00 5.32845057e+01
 1.12000000e+02 1.00000000e+00 5.33407508e+01
 1.13000000e+02 1.00000000e+00 5.33989409e+01
 1.14000000e+02 1.00000000e+00 5.34590240e+01
 1.15000000e+02 1.00000000e+00 5.35209478e+01
 1.16000000e+02 1.00000000e+00 5.35846604e+01
 1.17000000e+02 1.00000000e+00 5.36501095e+01
 1.18000000e+02 1.00000000e+00 5.37172430e+01
 1.19000000e+02 1.00000000e+00 5.37860088e+01
 1.20000000e+02 1.00000000e+00 5.38563547e+01
 1.21000000e+02 1.00000000e+00 5.39282287e+01
 1.22000000e+02 1.00000000e+00 5.40015785e+01
 1.23000000e+02 1.00000000e+00 5.40763520e+01
 1.24000000e+02 1.00000000e+00 5.41524972e+01
 1.25000000e+02 1.00000000e+00 5.42299618e+01
 1.26000000e+02 1.00000000e+00 5.43086938e+01
 1.27000000e+02 1.00000000e+00 5.43886409e+01
 1.28000000e+02 1.00000000e+00 5.44697511e+01
 1.29000000e+02 1.00000000e+00 5.45519723e+01
 1.30000000e+02 1.00000000e+00 5.46352523e+01
 1.31000000e+02 1.00000000e+00 5.47195389e+01
 1.32000000e+02 1.00000000e+00 5.48047801e+01
 1.33000000e+02 1.00000000e+00 5.48909237e+01
 1.34000000e+02 1.00000000e+00 5.49779175e+01
 1.35000000e+02 1.00000000e+00 5.50657095e+01
 1.36000000e+02 1.00000000e+00 5.51542475e+01
 1.37000000e+02 1.00000000e+00 5.52434793e+01
 1.38000000e+02 1.00000000e+00 5.53333529e+01
 1.39000000e+02 1.00000000e+00 5.54238161e+01
 1.40000000e+02 1.00000000e+00 5.55148167e+01
 1.41000000e+02 1.00000000e+00 5.56063027e+01
 1.42000000e+02 1.00000000e+00 5.56982218e+01
 1.43000000e+02 1.00000000e+00 5.57905221e+01
 1.44000000e+02 1.00000000e+00 5.58831512e+01
 1.45000000e+02 1.00000000e+00 5.59760572e+01
 1.46000000e+02 1.00000000e+00 5.60691878e+01
 1.47000000e+02 1.00000000e+00 5.61624909e+01
 1.48000000e+02 1.00000000e+00 5.62559144e+01
 1.49000000e+02 1.00000000e+00 5.63494062e+01
 1.50000000e+02 1.00000000e+00 5.64429141e+01
 1.51000000e+02 1.00000000e+00 5.66032525e+01
 1.52000000e+02 1.00000000e+00 5.66965826e+01
 1.53000000e+02 1.00000000e+00 5.67895569e+01
 1.54000000e+02 1.00000000e+00 5.68819460e+01
 1.55000000e+02 1.00000000e+00 5.69735203e+01
 1.56000000e+02 1.00000000e+00 5.70640504e+01
 1.57000000e+02 1.00000000e+00 5.71533065e+01
 1.58000000e+02 1.00000000e+00 5.72410592e+01
 1.59000000e+02 1.00000000e+00 5.73270790e+01
 1.60000000e+02 1.00000000e+00 5.74111364e+01
 1.61000000e+02 1.00000000e+00 5.74930016e+01
 1.62000000e+02 1.00000000e+00 5.75724454e+01
 1.63000000e+02 1.00000000e+00 5.76492380e+01
 1.64000000e+02 1.00000000e+00 5.77231499e+01
 1.65000000e+02 1.00000000e+00 5.77939517e+01
 1.66000000e+02 1.00000000e+00 5.78614137e+01
 1.67000000e+02 1.00000000e+00 5.79253065e+01
 1.68000000e+02 1.00000000e+00 5.79854004e+01
 1.69000000e+02 1.00000000e+00 5.80414660e+01
 1.70000000e+02 1.00000000e+00 5.80932737e+01
 1.71000000e+02 1.00000000e+00 5.81405940e+01
 1.72000000e+02 1.00000000e+00 5.81831973e+01
 1.73000000e+02 1.00000000e+00 5.82208540e+01
 1.74000000e+02 1.00000000e+00 5.82533347e+01
 1.75000000e+02 1.00000000e+00 5.82804098e+01
 1.76000000e+02 1.00000000e+00 5.83018498e+01
 1.77000000e+02 1.00000000e+00 5.83174251e+01
 1.78000000e+02 1.00000000e+00 5.83269061e+01
 1.79000000e+02 1.00000000e+00 5.83300634e+01
 1.80000000e+02 1.00000000e+00 5.83266674e+01
 1.81000000e+02 1.00000000e+00 5.83164885e+01
 1.82000000e+02 1.00000000e+00 5.82992973e+01
 1.83000000e+02 1.00000000e+00 5.82748641e+01
 1.84000000e+02 1.00000000e+00 5.82429594e+01
 1.85000000e+02 1.00000000e+00 5.82033537e+01
 1.86000000e+02 1.00000000e+00 5.81558175e+01
 1.87000000e+02 1.00000000e+00 5.81001212e+01
 1.88000000e+02 1.00000000e+00 5.80360353e+01
 1.89000000e+02 1.00000000e+00 5.79633301e+01
 1.90000000e+02 1.00000000e+00 5.78817763e+01
 1.91000000e+02 1.00000000e+00 5.77911442e+01
 1.92000000e+02 1.00000000e+00 5.76912043e+01
 1.93000000e+02 1.00000000e+00 5.75817271e+01
 1.94000000e+02 1.00000000e+00 5.74624829e+01
 1.95000000e+02 1.00000000e+00 5.73332424e+01
 1.96000000e+02 1.00000000e+00 5.71937759e+01
 1.97000000e+02 1.00000000e+00 5.70438539e+01
 1.98000000e+02 1.00000000e+00 5.68832468e+01
 1.99000000e+02 1.00000000e+00 5.67117252e+01
 2.00000000e+02 1.00000000e+00 5.65290594e+01
 2.01000000e+02 1.00000000e+00 5.64934497e+01
 2.02000000e+02 1.00000000e+00 5.62880711e+01
 2.03000000e+02 1.00000000e+00 5.60718470e+01
 2.04000000e+02 1.00000000e+00 5.58453155e+01
 2.05000000e+02 1.00000000e+00 5.56090150e+01
 2.06000000e+02 1.00000000e+00 5.53634837e+01
 2.07000000e+02 1.00000000e+00 5.51092599e+01
 2.08000000e+02 1.00000000e+00 5.48468819e+01
 2.09000000e+02 1.00000000e+00 5.45768879e+01
 2.10000000e+02 1.00000000e+00 5.42998161e+01
 2.11000000e+02 1.00000000e+00 5.40162049e+01
 2.12000000e+02 1.00000000e+00 5.37265925e+01
 2.13000000e+02 1.00000000e+00 5.34315172e+01
 2.14000000e+02 1.00000000e+00 5.31315172e+01
 2.15000000e+02 1.00000000e+00 5.28271308e+01
 2.16000000e+02 1.00000000e+00 5.25188962e+01
 2.17000000e+02 1.00000000e+00 5.22073518e+01
 2.18000000e+02 1.00000000e+00 5.18930358e+01
 2.19000000e+02 1.00000000e+00 5.15764864e+01
 2.20000000e+02 1.00000000e+00 5.12582420e+01
 2.21000000e+02 1.00000000e+00 5.09388407e+01
 2.22000000e+02 1.00000000e+00 5.06188209e+01
 2.23000000e+02 1.00000000e+00 5.02987209e+01
 2.24000000e+02 1.00000000e+00 4.99790787e+01
 2.25000000e+02 1.00000000e+00 4.96604329e+01
 2.26000000e+02 1.00000000e+00 4.93433215e+01
 2.27000000e+02 1.00000000e+00 4.90282829e+01
 2.28000000e+02 1.00000000e+00 4.87158554e+01
 2.29000000e+02 1.00000000e+00 4.84065771e+01
 2.30000000e+02 1.00000000e+00 4.81009864e+01
 2.31000000e+02 1.00000000e+00 4.77996215e+01
 2.32000000e+02 1.00000000e+00 4.75030208e+01
 2.33000000e+02 1.00000000e+00 4.72117223e+01
 2.34000000e+02 1.00000000e+00 4.69262645e+01
 2.35000000e+02 1.00000000e+00 4.66471856e+01
 2.36000000e+02 1.00000000e+00 4.63750239e+01
 2.37000000e+02 1.00000000e+00 4.61103175e+01
 2.38000000e+02 1.00000000e+00 4.58536048e+01
 2.39000000e+02 1.00000000e+00 4.56054241e+01
 2.40000000e+02 1.00000000e+00 4.53663136e+01
 2.41000000e+02 1.00000000e+00 4.51368115e+01
 2.42000000e+02 1.00000000e+00 4.49174562e+01
 2.43000000e+02 1.00000000e+00 4.47087859e+01
 2.44000000e+02 1.00000000e+00 4.45113388e+01
 2.45000000e+02 1.00000000e+00 4.43256533e+01
 2.46000000e+02 1.00000000e+00 4.41522676e+01
 2.47000000e+02 1.00000000e+00 4.39917199e+01
 2.48000000e+02 1.00000000e+00 4.38445485e+01
 2.49000000e+02 1.00000000e+00 4.37112918e+01
 2.50000000e+02 1.00000000e+00 4.35924878e+01
 2.51000000e+02 1.00000000e+00 4.43186584e+01
 2.52000000e+02 1.00000000e+00 4.42300131e+01
 2.53000000e+02 1.00000000e+00 4.41561615e+01
 2.54000000e+02 1.00000000e+00 4.40967032e+01
 2.55000000e+02 1.00000000e+00 4.40512376e+01
 2.56000000e+02 1.00000000e+00 4.40193642e+01
 2.57000000e+02 1.00000000e+00 4.40006828e+01
 2.58000000e+02 1.00000000e+00 4.39947927e+01
 2.59000000e+02 1.00000000e+00 4.40012935e+01
 2.60000000e+02 1.00000000e+00 4.40197849e+01
 2.61000000e+02 1.00000000e+00 4.40498662e+01
 2.62000000e+02 1.00000000e+00 4.40911372e+01
 2.63000000e+02 1.00000000e+00 4.41431972e+01
 2.64000000e+02 1.00000000e+00 4.42056459e+01
 2.65000000e+02 1.00000000e+00 4.42780828e+01
 2.66000000e+02 1.00000000e+00 4.43601075e+01
 2.67000000e+02 1.00000000e+00 4.44513195e+01
 2.68000000e+02 1.00000000e+00 4.45513183e+01
 2.69000000e+02 1.00000000e+00 4.46597035e+01
 2.70000000e+02 1.00000000e+00 4.47760747e+01
 2.71000000e+02 1.00000000e+00 4.49000313e+01
 2.72000000e+02 1.00000000e+00 4.50311729e+01
 2.73000000e+02 1.00000000e+00 4.51690991e+01
 2.74000000e+02 1.00000000e+00 4.53134095e+01
 2.75000000e+02 1.00000000e+00 4.54637035e+01
 2.76000000e+02 1.00000000e+00 4.56195807e+01
 2.77000000e+02 1.00000000e+00 4.57806406e+01
 2.78000000e+02 1.00000000e+00 4.59464828e+01
 2.79000000e+02 1.00000000e+00 4.61167069e+01
 2.80000000e+02 1.00000000e+00 4.62909124e+01
 2.81000000e+02 1.00000000e+00 4.64686988e+01
 2.82000000e+02 1.00000000e+00 4.66496657e+01
 2.83000000e+02 1.00000000e+00 4.68334126e+01
 2.84000000e+02 1.00000000e+00 4.70195390e+01
 2.85000000e+02 1.00000000e+00 4.72076446e+01
 2.86000000e+02 1.00000000e+00 4.73973288e+01
 2.87000000e+02 1.00000000e+00 4.75881913e+01
 2.88000000e+02 1.00000000e+00 4.77798315e+01
 2.89000000e+02 1.00000000e+00 4.79718489e+01
 2.90000000e+02 1.00000000e+00 4.81638432e+01
 2.91000000e+02 1.00000000e+00 4.83554139e+01
 2.92000000e+02 1.00000000e+00 4.85461606e+01
 2.93000000e+02 1.00000000e+00 4.87356827e+01
 2.94000000e+02 1.00000000e+00 4.89235798e+01
 2.95000000e+02 1.00000000e+00 4.91094515e+01
 2.96000000e+02 1.00000000e+00 4.92928973e+01
 2.97000000e+02 1.00000000e+00 4.94735167e+01
 2.98000000e+02 1.00000000e+00 4.96509094e+01
 2.99000000e+02 1.00000000e+00 4.98246748e+01
 3.00000000e+02 1.00000000e+00 4.99944124e+01
 3.01000000e+02 1.00000000e+00 4.80079444e+01
 3.02000000e+02 1.00000000e+00 4.81687410e+01
 3.03000000e+02 1.00000000e+00 4.83252445e+01
 3.04000000e+02 1.00000000e+00 4.84777099e+01
 3.05000000e+02 1.00000000e+00 4.86263918e+01
 3.06000000e+02 1.00000000e+00 4.87715452e+01
 3.07000000e+02 1.00000000e+00 4.89134248e+01
 3.08000000e+02 1.00000000e+00 4.90522853e+01
 3.09000000e+02 1.00000000e+00 4.91883817e+01
 3.10000000e+02 1.00000000e+00 4.93219687e+01
 3.11000000e+02 1.00000000e+00 4.94533010e+01
 3.12000000e+02 1.00000000e+00 4.95826336e+01
 3.13000000e+02 1.00000000e+00 4.97102212e+01
 3.14000000e+02 1.00000000e+00 4.98363185e+01
 3.15000000e+02 1.00000000e+00 4.99611805e+01
 3.16000000e+02 1.00000000e+00 5.00850618e+01
 3.17000000e+02 1.00000000e+00 5.02082174e+01
 3.18000000e+02 1.00000000e+00 5.03309019e+01
 3.19000000e+02 1.00000000e+00 5.04533703e+01
 3.20000000e+02 1.00000000e+00 5.05758772e+01
 3.21000000e+02 1.00000000e+00 5.06986775e+01
 3.22000000e+02 1.00000000e+00 5.08220260e+01
 3.23000000e+02 1.00000000e+00 5.09461775e+01
 3.24000000e+02 1.00000000e+00 5.10713868e+01
 3.25000000e+02 1.00000000e+00 5.11979087e+01
 3.26000000e+02 1.00000000e+00 5.13259980e+01
 3.27000000e+02 1.00000000e+00 5.14559095e+01
 3.28000000e+02 1.00000000e+00 5.15878979e+01
 3.29000000e+02 1.00000000e+00 5.17222181e+01
 3.30000000e+02 1.00000000e+00 5.18591250e+01
 3.31000000e+02 1.00000000e+00 5.19988732e+01
 3.32000000e+02 1.00000000e+00 5.21417176e+01
 3.33000000e+02 1.00000000e+00 5.22879129e+01
 3.34000000e+02 1.00000000e+00 5.24377141e+01
 3.35000000e+02 1.00000000e+00 5.25913758e+01
 3.36000000e+02 1.00000000e+00 5.27491530e+01
 3.37000000e+02 1.00000000e+00 5.29113003e+01
 3.38000000e+02 1.00000000e+00 5.30780726e+01
 3.39000000e+02 1.00000000e+00 5.32497246e+01
 3.40000000e+02 1.00000000e+00 5.34265113e+01
 3.41000000e+02 1.00000000e+00 5.36086873e+01
 3.42000000e+02 1.00000000e+00 5.37965075e+01
 3.43000000e+02 1.00000000e+00 5.39902267e+01
 3.44000000e+02 1.00000000e+00 5.41900997e+01
 3.45000000e+02 1.00000000e+00 5.43963812e+01
 3.46000000e+02 1.00000000e+00 5.46093261e+01
 3.47000000e+02 1.00000000e+00 5.48291892e+01
 3.48000000e+02 1.00000000e+00 5.50562252e+01
 3.49000000e+02 1.00000000e+00 5.52906891e+01
 3.50000000e+02 1.00000000e+00 5.55328355e+01
 3.51000000e+02 1.00000000e+00 5.65742721e+01
 3.52000000e+02 1.00000000e+00 5.68322034e+01
 3.53000000e+02 1.00000000e+00 5.70976482e+01
 3.54000000e+02 1.00000000e+00 5.73702390e+01
 3.55000000e+02 1.00000000e+00 5.76496083e+01
 3.56000000e+02 1.00000000e+00 5.79353885e+01
 3.57000000e+02 1.00000000e+00 5.82272122e+01
 3.58000000e+02 1.00000000e+00 5.85247118e+01
 3.59000000e+02 1.00000000e+00 5.88275198e+01
 3.60000000e+02 1.00000000e+00 5.91352687e+01
 3.61000000e+02 1.00000000e+00 5.94475910e+01
 3.62000000e+02 1.00000000e+00 5.97641192e+01
 3.63000000e+02 1.00000000e+00 6.00844857e+01
 3.64000000e+02 1.00000000e+00 6.04083230e+01
 3.65000000e+02 1.00000000e+00 6.07352637e+01
 3.66000000e+02 1.00000000e+00 6.10649402e+01
 3.67000000e+02 1.00000000e+00 6.13969850e+01
 3.68000000e+02 1.00000000e+00 6.17310305e+01
 3.69000000e+02 1.00000000e+00 6.20667093e+01
 3.70000000e+02 1.00000000e+00 6.24036539e+01
 3.71000000e+02 1.00000000e+00 6.27414967e+01
 3.72000000e+02 1.00000000e+00 6.30798702e+01
 3.73000000e+02 1.00000000e+00 6.34184070e+01
 3.74000000e+02 1.00000000e+00 6.37567394e+01
 3.75000000e+02 1.00000000e+00 6.40945000e+01
 3.76000000e+02 1.00000000e+00 6.44313213e+01
 3.77000000e+02 1.00000000e+00 6.47668357e+01
 3.78000000e+02 1.00000000e+00 6.51006758e+01
 3.79000000e+02 1.00000000e+00 6.54324740e+01
 3.80000000e+02 1.00000000e+00 6.57618628e+01
 3.81000000e+02 1.00000000e+00 6.60884746e+01
 3.82000000e+02 1.00000000e+00 6.64119421e+01
 3.83000000e+02 1.00000000e+00 6.67318976e+01
 3.84000000e+02 1.00000000e+00 6.70479737e+01
 3.85000000e+02 1.00000000e+00 6.73598028e+01
 3.86000000e+02 1.00000000e+00 6.76670174e+01
 3.87000000e+02 1.00000000e+00 6.79692500e+01
 3.88000000e+02 1.00000000e+00 6.82661331e+01
 3.89000000e+02 1.00000000e+00 6.85572992e+01
 3.90000000e+02 1.00000000e+00 6.88423807e+01
 3.91000000e+02 1.00000000e+00 6.91210102e+01
 3.92000000e+02 1.00000000e+00 6.93928202e+01
 3.93000000e+02 1.00000000e+00 6.96574430e+01
 3.94000000e+02 1.00000000e+00 6.99145112e+01
 3.95000000e+02 1.00000000e+00 7.01636574e+01
 3.96000000e+02 1.00000000e+00 7.04045139e+01
 3.97000000e+02 1.00000000e+00 7.06367132e+01
 3.98000000e+02 1.00000000e+00 7.08598879e+01
 3.99000000e+02 1.00000000e+00 7.10736705e+01
 4.00000000e+02 1.00000000e+00 7.12776933e+01
 4.01000000e+02 1.00000000e+00 7.10702110e+01
 4.02000000e+02 1.00000000e+00 7.12539901e+01
 4.03000000e+02 1.00000000e+00 7.14278456e+01
 4.04000000e+02 1.00000000e+00 7.15920073e+01
 4.05000000e+02 1.00000000e+00 7.17467051e+01
 4.06000000e+02 1.00000000e+00 7.18921688e+01
 4.07000000e+02 1.00000000e+00 7.20286282e+01
 4.08000000e+02 1.00000000e+00 7.21563130e+01
 4.09000000e+02 1.00000000e+00 7.22754532e+01
 4.10000000e+02 1.00000000e+00 7.23862784e+01
 4.11000000e+02 1.00000000e+00 7.24890187e+01
 4.12000000e+02 1.00000000e+00 7.25839036e+01
 4.13000000e+02 1.00000000e+00 7.26711631e+01
 4.14000000e+02 1.00000000e+00 7.27510270e+01
 4.15000000e+02 1.00000000e+00 7.28237251e+01
 4.16000000e+02 1.00000000e+00 7.28894872e+01
 4.17000000e+02 1.00000000e+00 7.29485431e+01
 4.18000000e+02 1.00000000e+00 7.30011227e+01
 4.19000000e+02 1.00000000e+00 7.30474557e+01
 4.20000000e+02 1.00000000e+00 7.30877719e+01
 4.21000000e+02 1.00000000e+00 7.31223012e+01
 4.22000000e+02 1.00000000e+00 7.31512734e+01
 4.23000000e+02 1.00000000e+00 7.31749183e+01
 4.24000000e+02 1.00000000e+00 7.31934657e+01
 4.25000000e+02 1.00000000e+00 7.32071454e+01
 4.26000000e+02 1.00000000e+00 7.32161872e+01
 4.27000000e+02 1.00000000e+00 7.32208210e+01
 4.28000000e+02 1.00000000e+00 7.32212766e+01
 4.29000000e+02 1.00000000e+00 7.32177837e+01
 4.30000000e+02 1.00000000e+00 7.32105722e+01
 4.31000000e+02 1.00000000e+00 7.31998720e+01
 4.32000000e+02 1.00000000e+00 7.31859127e+01
 4.33000000e+02 1.00000000e+00 7.31689243e+01
 4.34000000e+02 1.00000000e+00 7.31491365e+01
 4.35000000e+02 1.00000000e+00 7.31267791e+01
 4.36000000e+02 1.00000000e+00 7.31020821e+01
 4.37000000e+02 1.00000000e+00 7.30752751e+01
 4.38000000e+02 1.00000000e+00 7.30465880e+01
 4.39000000e+02 1.00000000e+00 7.30162506e+01
 4.40000000e+02 1.00000000e+00 7.29844928e+01
 4.41000000e+02 1.00000000e+00 7.29515442e+01
 4.42000000e+02 1.00000000e+00 7.29176348e+01
 4.43000000e+02 1.00000000e+00 7.28829944e+01
 4.44000000e+02 1.00000000e+00 7.28478528e+01
 4.45000000e+02 1.00000000e+00 7.28124397e+01
 4.46000000e+02 1.00000000e+00 7.27769851e+01
 4.47000000e+02 1.00000000e+00 7.27417186e+01
 4.48000000e+02 1.00000000e+00 7.27068702e+01
 4.49000000e+02 1.00000000e+00 7.26726696e+01
 4.50000000e+02 1.00000000e+00 7.26393467e+01
 4.51000000e+02 1.00000000e+00 7.24369053e+01
 4.52000000e+02 1.00000000e+00 7.24060072e+01
 4.53000000e+02 1.00000000e+00 7.23766289e+01
 4.54000000e+02 1.00000000e+00 7.23489713e+01
 4.55000000e+02 1.00000000e+00 7.23232354e+01
 4.56000000e+02 1.00000000e+00 7.22996222e+01
 4.57000000e+02 1.00000000e+00 7.22783328e+01
 4.58000000e+02 1.00000000e+00 7.22595680e+01
 4.59000000e+02 1.00000000e+00 7.22435289e+01
 4.60000000e+02 1.00000000e+00 7.22304164e+01
 4.61000000e+02 1.00000000e+00 7.22204316e+01
 4.62000000e+02 1.00000000e+00 7.22137755e+01
 4.63000000e+02 1.00000000e+00 7.22106490e+01
 4.64000000e+02 1.00000000e+00 7.22112531e+01
 4.65000000e+02 1.00000000e+00 7.22157888e+01
 4.66000000e+02 1.00000000e+00 7.22244572e+01
 4.67000000e+02 1.00000000e+00 7.22374591e+01
 4.68000000e+02 1.00000000e+00 7.22549956e+01
 4.69000000e+02 1.00000000e+00 7.22772677e+01
 4.70000000e+02 1.00000000e+00 7.23044764e+01
 4.71000000e+02 1.00000000e+00 7.23368226e+01
 4.72000000e+02 1.00000000e+00 7.23745073e+01
 4.73000000e+02 1.00000000e+00 7.24177316e+01
 4.74000000e+02 1.00000000e+00 7.24666964e+01
 4.75000000e+02 1.00000000e+00 7.25216026e+01
 4.76000000e+02 1.00000000e+00 7.25826514e+01
 4.77000000e+02 1.00000000e+00 7.26500437e+01
 4.78000000e+02 1.00000000e+00 7.27239805e+01
 4.79000000e+02 1.00000000e+00 7.28046627e+01
 4.80000000e+02 1.00000000e+00 7.28922914e+01
 4.81000000e+02 1.00000000e+00 7.29870675e+01
 4.82000000e+02 1.00000000e+00 7.30891921e+01
 4.83000000e+02 1.00000000e+00 7.31988661e+01
 4.84000000e+02 1.00000000e+00 7.33162905e+01
 4.85000000e+02 1.00000000e+00 7.34416663e+01
 4.86000000e+02 1.00000000e+00 7.35751945e+01
 4.87000000e+02 1.00000000e+00 7.37170761e+01
 4.88000000e+02 1.00000000e+00 7.38675120e+01
 4.89000000e+02 1.00000000e+00 7.40267034e+01
 4.90000000e+02 1.00000000e+00 7.41948510e+01
 4.91000000e+02 1.00000000e+00 7.43721560e+01
 4.92000000e+02 1.00000000e+00 7.45588194e+01
 4.93000000e+02 1.00000000e+00 7.47550420e+01
 4.94000000e+02 1.00000000e+00 7.49610250e+01
 4.95000000e+02 1.00000000e+00 7.51769693e+01
 4.96000000e+02 1.00000000e+00 7.54030758e+01
 4.97000000e+02 1.00000000e+00 7.56395457e+01
 4.98000000e+02 1.00000000e+00 7.58865798e+01
 4.99000000e+02 1.00000000e+00 7.61443791e+01
 5.00000000e+02 1.00000000e+00 7.64131447e+01
 5.01000000e+02 1.00000000e+00 7.66706269e+01
 5.02000000e+02 1.00000000e+00 7.69613880e+01
 5.03000000e+02 1.00000000e+00 7.72625289e+01
 5.04000000e+02 1.00000000e+00 7.75735567e+01
 5.05000000e+02 1.00000000e+00 7.78939787e+01
 5.06000000e+02 1.00000000e+00 7.82233020e+01
 5.07000000e+02 1.00000000e+00 7.85610337e+01
 5.08000000e+02 1.00000000e+00 7.89066810e+01
 5.09000000e+02 1.00000000e+00 7.92597512e+01
 5.10000000e+02 1.00000000e+00 7.96197513e+01
 5.11000000e+02 1.00000000e+00 7.99861884e+01
 5.12000000e+02 1.00000000e+00 8.03585699e+01
 5.13000000e+02 1.00000000e+00 8.07364028e+01
 5.14000000e+02 1.00000000e+00 8.11191943e+01
 5.15000000e+02 1.00000000e+00 8.15064516e+01
 5.16000000e+02 1.00000000e+00 8.18976818e+01
 5.17000000e+02 1.00000000e+00 8.22923921e+01
 5.18000000e+02 1.00000000e+00 8.26900897e+01
 5.19000000e+02 1.00000000e+00 8.30902816e+01
 5.20000000e+02 1.00000000e+00 8.34924752e+01
 5.21000000e+02 1.00000000e+00 8.38961775e+01
 5.22000000e+02 1.00000000e+00 8.43008958e+01
 5.23000000e+02 1.00000000e+00 8.47061371e+01
 5.24000000e+02 1.00000000e+00 8.51114086e+01
 5.25000000e+02 1.00000000e+00 8.55162176e+01
 5.26000000e+02 1.00000000e+00 8.59200711e+01
 5.27000000e+02 1.00000000e+00 8.63224764e+01
 5.28000000e+02 1.00000000e+00 8.67229406e+01
 5.29000000e+02 1.00000000e+00 8.71209708e+01
 5.30000000e+02 1.00000000e+00 8.75160743e+01
 5.31000000e+02 1.00000000e+00 8.79077582e+01
 5.32000000e+02 1.00000000e+00 8.82955296e+01
 5.33000000e+02 1.00000000e+00 8.86788957e+01
 5.34000000e+02 1.00000000e+00 8.90573637e+01
 5.35000000e+02 1.00000000e+00 8.94304408e+01
 5.36000000e+02 1.00000000e+00 8.97976340e+01
 5.37000000e+02 1.00000000e+00 9.01584507e+01
 5.38000000e+02 1.00000000e+00 9.05123979e+01
 5.39000000e+02 1.00000000e+00 9.08589828e+01
 5.40000000e+02 1.00000000e+00 9.11977125e+01
 5.41000000e+02 1.00000000e+00 9.15280943e+01
 5.42000000e+02 1.00000000e+00 9.18496353e+01
 5.43000000e+02 1.00000000e+00 9.21618426e+01
 5.44000000e+02 1.00000000e+00 9.24642235e+01
 5.45000000e+02 1.00000000e+00 9.27562851e+01
 5.46000000e+02 1.00000000e+00 9.30375345e+01
 5.47000000e+02 1.00000000e+00 9.33074789e+01
 5.48000000e+02 1.00000000e+00 9.35656255e+01
 5.49000000e+02 1.00000000e+00 9.38114814e+01
 5.50000000e+02 1.00000000e+00 9.40445539e+01
 5.51000000e+02 1.00000000e+00 9.45221354e+01
 5.52000000e+02 1.00000000e+00 9.47288636e+01
 5.53000000e+02 1.00000000e+00 9.49227555e+01
 5.54000000e+02 1.00000000e+00 9.51041170e+01
 5.55000000e+02 1.00000000e+00 9.52732535e+01
 5.56000000e+02 1.00000000e+00 9.54304707e+01
 5.57000000e+02 1.00000000e+00 9.55760744e+01
 5.58000000e+02 1.00000000e+00 9.57103700e+01
 5.59000000e+02 1.00000000e+00 9.58336632e+01
 5.60000000e+02 1.00000000e+00 9.59462597e+01
 5.61000000e+02 1.00000000e+00 9.60484650e+01
 5.62000000e+02 1.00000000e+00 9.61405849e+01
 5.63000000e+02 1.00000000e+00 9.62229249e+01
 5.64000000e+02 1.00000000e+00 9.62957907e+01
 5.65000000e+02 1.00000000e+00 9.63594878e+01
 5.66000000e+02 1.00000000e+00 9.64143221e+01
 5.67000000e+02 1.00000000e+00 9.64605990e+01
 5.68000000e+02 1.00000000e+00 9.64986242e+01
 5.69000000e+02 1.00000000e+00 9.65287033e+01
 5.70000000e+02 1.00000000e+00 9.65511420e+01
 5.71000000e+02 1.00000000e+00 9.65662458e+01
 5.72000000e+02 1.00000000e+00 9.65743205e+01
 5.73000000e+02 1.00000000e+00 9.65756717e+01
 5.74000000e+02 1.00000000e+00 9.65706049e+01
 5.75000000e+02 1.00000000e+00 9.65594259e+01
 5.76000000e+02 1.00000000e+00 9.65424402e+01
 5.77000000e+02 1.00000000e+00 9.65199534e+01
 5.78000000e+02 1.00000000e+00 9.64922713e+01
 5.79000000e+02 1.00000000e+00 9.64596995e+01
 5.80000000e+02 1.00000000e+00 9.64225435e+01
 5.81000000e+02 1.00000000e+00 9.63811090e+01
 5.82000000e+02 1.00000000e+00 9.63357016e+01
 5.83000000e+02 1.00000000e+00 9.62866270e+01
 5.84000000e+02 1.00000000e+00 9.62341908e+01
 5.85000000e+02 1.00000000e+00 9.61786986e+01
 5.86000000e+02 1.00000000e+00 9.61204561e+01
 5.87000000e+02 1.00000000e+00 9.60597689e+01
 5.88000000e+02 1.00000000e+00 9.59969426e+01
 5.89000000e+02 1.00000000e+00 9.59322828e+01
 5.90000000e+02 1.00000000e+00 9.58660952e+01
 5.91000000e+02 1.00000000e+00 9.57986855e+01
 5.92000000e+02 1.00000000e+00 9.57303591e+01
 5.93000000e+02 1.00000000e+00 9.56614219e+01
 5.94000000e+02 1.00000000e+00 9.55921794e+01
 5.95000000e+02 1.00000000e+00 9.55229372e+01
 5.96000000e+02 1.00000000e+00 9.54540009e+01
 5.97000000e+02 1.00000000e+00 9.53856763e+01
 5.98000000e+02 1.00000000e+00 9.53182689e+01
 5.99000000e+02 1.00000000e+00 9.52520844e+01
 6.00000000e+02 1.00000000e+00 9.51874283e+01
 6.01000000e+02 1.00000000e+00 9.39893450e+01
 6.02000000e+02 1.00000000e+00 9.39286048e+01
 6.03000000e+02 1.00000000e+00 9.38701947e+01
 6.04000000e+02 1.00000000e+00 9.38143583e+01
 6.05000000e+02 1.00000000e+00 9.37613391e+01
 6.06000000e+02 1.00000000e+00 9.37113807e+01
 6.07000000e+02 1.00000000e+00 9.36647267e+01
 6.08000000e+02 1.00000000e+00 9.36216206e+01
 6.09000000e+02 1.00000000e+00 9.35823059e+01
 6.10000000e+02 1.00000000e+00 9.35470264e+01
 6.11000000e+02 1.00000000e+00 9.35160254e+01
 6.12000000e+02 1.00000000e+00 9.34895466e+01
 6.13000000e+02 1.00000000e+00 9.34678335e+01
 6.14000000e+02 1.00000000e+00 9.34511297e+01
 6.15000000e+02 1.00000000e+00 9.34396788e+01
 6.16000000e+02 1.00000000e+00 9.34337243e+01
 6.17000000e+02 1.00000000e+00 9.34335098e+01
 6.18000000e+02 1.00000000e+00 9.34392788e+01
 6.19000000e+02 1.00000000e+00 9.34512749e+01
 6.20000000e+02 1.00000000e+00 9.34697416e+01
 6.21000000e+02 1.00000000e+00 9.34949226e+01
 6.22000000e+02 1.00000000e+00 9.35270614e+01
 6.23000000e+02 1.00000000e+00 9.35664015e+01
 6.24000000e+02 1.00000000e+00 9.36131865e+01
 6.25000000e+02 1.00000000e+00 9.36676600e+01
 6.26000000e+02 1.00000000e+00 9.37300655e+01
 6.27000000e+02 1.00000000e+00 9.38006466e+01
 6.28000000e+02 1.00000000e+00 9.38796469e+01
 6.29000000e+02 1.00000000e+00 9.39673099e+01
 6.30000000e+02 1.00000000e+00 9.40638791e+01
 6.31000000e+02 1.00000000e+00 9.41695982e+01
 6.32000000e+02 1.00000000e+00 9.42847107e+01
 6.33000000e+02 1.00000000e+00 9.44094602e+01
 6.34000000e+02 1.00000000e+00 9.45440901e+01
 6.35000000e+02 1.00000000e+00 9.46888442e+01
 6.36000000e+02 1.00000000e+00 9.48439659e+01
 6.37000000e+02 1.00000000e+00 9.50096988e+01
 6.38000000e+02 1.00000000e+00 9.51862865e+01
 6.39000000e+02 1.00000000e+00 9.53739725e+01
 6.40000000e+02 1.00000000e+00 9.55730004e+01
 6.41000000e+02 1.00000000e+00 9.57836138e+01
 6.42000000e+02 1.00000000e+00 9.60060561e+01
 6.43000000e+02 1.00000000e+00 9.62405711e+01
 6.44000000e+02 1.00000000e+00 9.64874021e+01
 6.45000000e+02 1.00000000e+00 9.67467929e+01
 6.46000000e+02 1.00000000e+00 9.70189870e+01
 6.47000000e+02 1.00000000e+00 9.73042278e+01
 6.48000000e+02 1.00000000e+00 9.76027591e+01
 6.49000000e+02 1.00000000e+00 9.79148243e+01
 6.50000000e+02 1.00000000e+00 9.82406670e+01
 6.51000000e+02 1.00000000e+00 9.90542021e+01
 6.52000000e+02 1.00000000e+00 9.94065490e+01
 6.53000000e+02 1.00000000e+00 9.97701898e+01
 6.54000000e+02 1.00000000e+00 1.00143702e+02
 6.55000000e+02 1.00000000e+00 1.00525661e+02
 6.56000000e+02 1.00000000e+00 1.00914646e+02
 6.57000000e+02 1.00000000e+00 1.01309232e+02
 6.58000000e+02 1.00000000e+00 1.01707997e+02
 6.59000000e+02 1.00000000e+00 1.02109518e+02
 6.60000000e+02 1.00000000e+00 1.02512372e+02
 6.61000000e+02 1.00000000e+00 1.02915135e+02
 6.62000000e+02 1.00000000e+00 1.03316384e+02
 6.63000000e+02 1.00000000e+00 1.03714697e+02
 6.64000000e+02 1.00000000e+00 1.04108651e+02
 6.65000000e+02 1.00000000e+00 1.04496821e+02
 6.66000000e+02 1.00000000e+00 1.04877786e+02
 6.67000000e+02 1.00000000e+00 1.05250123e+02
 6.68000000e+02 1.00000000e+00 1.05612407e+02
 6.69000000e+02 1.00000000e+00 1.05963217e+02
 6.70000000e+02 1.00000000e+00 1.06301129e+02
 6.71000000e+02 1.00000000e+00 1.06624719e+02
 6.72000000e+02 1.00000000e+00 1.06932566e+02
 6.73000000e+02 1.00000000e+00 1.07223246e+02
 6.74000000e+02 1.00000000e+00 1.07495335e+02
 6.75000000e+02 1.00000000e+00 1.07747412e+02
 6.76000000e+02 1.00000000e+00 1.07978052e+02
 6.77000000e+02 1.00000000e+00 1.08185833e+02
 6.78000000e+02 1.00000000e+00 1.08369332e+02
 6.79000000e+02 1.00000000e+00 1.08527125e+02
 6.80000000e+02 1.00000000e+00 1.08657790e+02
 6.81000000e+02 1.00000000e+00 1.08759903e+02
 6.82000000e+02 1.00000000e+00 1.08832041e+02
 6.83000000e+02 1.00000000e+00 1.08872783e+02
 6.84000000e+02 1.00000000e+00 1.08880703e+02
 6.85000000e+02 1.00000000e+00 1.08854380e+02
 6.86000000e+02 1.00000000e+00 1.08792390e+02
 6.87000000e+02 1.00000000e+00 1.08693310e+02
 6.88000000e+02 1.00000000e+00 1.08555717e+02
 6.89000000e+02 1.00000000e+00 1.08378188e+02
 6.90000000e+02 1.00000000e+00 1.08159301e+02
 6.91000000e+02 1.00000000e+00 1.07897631e+02
 6.92000000e+02 1.00000000e+00 1.07591756e+02
 6.93000000e+02 1.00000000e+00 1.07240254e+02
 6.94000000e+02 1.00000000e+00 1.06841699e+02
 6.95000000e+02 1.00000000e+00 1.06394671e+02
 6.96000000e+02 1.00000000e+00 1.05897745e+02
 6.97000000e+02 1.00000000e+00 1.05349499e+02
 6.98000000e+02 1.00000000e+00 1.04748510e+02
 6.99000000e+02 1.00000000e+00 1.04093354e+02
 7.00000000e+02 1.00000000e+00 1.03382609e+02
