 2.00000000e+02 4.00000000e+00 3.92247270e+01
 2.01000000e+02 4.00000000e+00 3.90650586e+01
 2.02000000e+02 4.00000000e+00 3.89057915e+01
 2.03000000e+02 4.00000000e+00 3.87469194e+01
 2.04000000e+02 4.00000000e+00 3.85884363e+01
 2.05000000e+02 4.00000000e+00 3.84303359e+01
 2.06000000e+02 4.00000000e+00 3.82726121e+01
 2.07000000e+02 4.00000000e+00 3.81152587e+01
 2.08000000e+02 4.00000000e+00 3.79582695e+01
 2.09000000e+02 4.00000000e+00 3.78016384e+01
 2.10000000e+02 4.00000000e+00 3.76453592e+01
 2.11000000e+02 4.00000000e+00 3.74894256e+01
 2.12000000e+02 4.00000000e+00 3.73338316e+01
 2.13000000e+02 4.00000000e+00 3.71785709e+01
 2.14000000e+02 4.00000000e+00 3.70236374e+01
 2.15000000e+02 4.00000000e+00 3.68690248e+01
 2.16000000e+02 4.00000000e+00 3.67147271e+01
 2.17000000e+02 4.00000000e+00 3.65607381e+01
 2.18000000e+02 4.00000000e+00 3.64070515e+01
 2.19000000e+02 4.00000000e+00 3.62536612e+01
 2.20000000e+02 4.00000000e+00 3.61005611e+01
 2.21000000e+02 4.00000000e+00 3.59477449e+01
 2.22000000e+02 4.00000000e+00 3.57952064e+01
 2.23000000e+02 4.00000000e+00 3.56429396e+01
 2.24000000e+02 4.00000000e+00 3.54909381e+01
 2.25000000e+02 4.00000000e+00 3.53391959e+01
 2.26000000e+02 4.00000000e+00 3.51877068e+01
 2.27000000e+02 4.00000000e+00 3.50364646e+01
 2.28000000e+02 4.00000000e+00 3.48854631e+01
 2.29000000e+02 4.00000000e+00 3.47346961e+01
 2.30000000e+02 4.00000000e+00 3.45841575e+01
 2.31000000e+02 4.00000000e+00 3.44338411e+01
 2.32000000e+02 4.00000000e+00 3.42837407e+01
 2.33000000e+02 4.00000000e+00 3.41338502e+01
 2.34000000e+02 4.00000000e+00 3.39841633e+01
 2.35000000e+02 4.00000000e+00 3.38346740e+01
 2.36000000e+02 4.00000000e+00 3.36853759e+01
 2.37000000e+02 4.00000000e+00 3.35362630e+01
 2.38000000e+02 4.00000000e+00 3.33873290e+01
 2.39000000e+02 4.00000000e+00 3.32385678e+01
 2.40000000e+02 4.00000000e+00 3.30899733e+01
 2.41000000e+02 4.00000000e+00 3.29875989e+01
 2.42000000e+02 4.00000000e+00 3.28393451e+01
 2.43000000e+02 4.00000000e+00 3.26912962e+01
 2.44000000e+02 4.00000000e+00 3.25434790e+01
 2.45000000e+02 4.00000000e+00 3.23959206e+01
 2.46000000e+02 4.00000000e+00 3.22486479e+01
 2.47000000e+02 4.00000000e+00 3.21016879e+01
 2.48000000e+02 4.00000000e+00 3.19550674e+01
 2.49000000e+02 4.00000000e+00 3.18088134e+01
 2.50000000e+02 4.00000000e+00 3.16629528e+01
 2.51000000e+02 4.00000000e+00 3.15175126e+01
 2.52000000e+02 4.00000000e+00 3.13725198e+01
 2.53000000e+02 4.00000000e+00 3.12280012e+01
 2.54000000e+02 4.00000000e+00 3.10839839e+01
 2.55000000e+02 4.00000000e+00 3.09404947e+01
 2.56000000e+02 4.00000000e+00 3.07975606e+01
 2.57000000e+02 4.00000000e+00 3.06552086e+01
 2.58000000e+02 4.00000000e+00 3.05134655e+01
 2.59000000e+02 4.00000000e+00 3.03723583e+01
 2.60000000e+02 4.00000000e+00 3.02319140e+01
 2.61000000e+02 4.00000000e+00 3.00921595e+01
 2.62000000e+02 4.00000000e+00 2.99531217e+01
 2.63000000e+02 4.00000000e+00 2.98148277e+01
 2.64000000e+02 4.00000000e+00 2.96773042e+01
 2.65000000e+02 4.00000000e+00 2.95405783e+01
 2.66000000e+02 4.00000000e+00 2.94046769e+01
 2.67000000e+02 4.00000000e+00 2.92696270e+01
 2.68000000e+02 4.00000000e+00 2.91354555e+01
 2.69000000e+02 4.00000000e+00 2.90021892e+01
 2.70000000e+02 4.00000000e+00 2.88698553e+01
 2.71000000e+02 4.00000000e+00 2.87384806e+01
 2.72000000e+02 4.00000000e+00 2.86080920e+01
 2.73000000e+02 4.00000000e+00 2.84787165e+01
 2.74000000e+02 4.00000000e+00 2.83503810e+01
 2.75000000e+02 4.00000000e+00 2.82231126e+01
 2.76000000e+02 4.00000000e+00 2.80969380e+01
 2.77000000e+02 4.00000000e+00 2.79718843e+01
 2.78000000e+02 4.00000000e+00 2.78479784e+01
 2.79000000e+02 4.00000000e+00 2.77252473e+01
 2.80000000e+02 4.00000000e+00 2.76037178e+01
 2.81000000e+02 4.00000000e+00 2.74888811e+01
 2.82000000e+02 4.00000000e+00 2.73698310e+01
 2.83000000e+02 4.00000000e+00 2.72520477e+01
 2.84000000e+02 4.00000000e+00 2.71355474e+01
 2.85000000e+02 4.00000000e+00 2.70203459e+01
 2.86000000e+02 4.00000000e+00 2.69064594e+01
 2.87000000e+02 4.00000000e+00 2.67939037e+01
 2.88000000e+02 4.00000000e+00 2.66826948e+01
 2.89000000e+02 4.00000000e+00 2.65728489e+01
 2.90000000e+02 4.00000000e+00 2.64643818e+01
 2.91000000e+02 4.00000000e+00 2.63573096e+01
 2.92000000e+02 4.00000000e+00 2.62516483e+01
 2.93000000e+02 4.00000000e+00 2.61474139e+01
 2.94000000e+02 4.00000000e+00 2.60446223e+01
 2.95000000e+02 4.00000000e+00 2.59432896e+01
 2.96000000e+02 4.00000000e+00 2.58434318e+01
 2.97000000e+02 4.00000000e+00 2.57450649e+01
 2.98000000e+02 4.00000000e+00 2.56482049e+01
 2.99000000e+02 4.00000000e+00 2.55528678e+01
 3.00000000e+02 4.00000000e+00 2.54590695e+01
 3.01000000e+02 4.00000000e+00 2.53668261e+01
 3.02000000e+02 4.00000000e+00 2.52761536e+01
 3.03000000e+02 4.00000000e+00 2.51870680e+01
 3.04000000e+02 4.00000000e+00 2.50995853e+01
 3.05000000e+02 4.00000000e+00 2.50137214e+01
 3.06000000e+02 4.00000000e+00 2.49294925e+01
 3.07000000e+02 4.00000000e+00 2.48469144e+01
 3.08000000e+02 4.00000000e+00 2.47660032e+01
 3.09000000e+02 4.00000000e+00 2.46867749e+01
 3.10000000e+02 4.00000000e+00 2.46092455e+01
 3.11000000e+02 4.00000000e+00 2.45334309e+01
 3.12000000e+02 4.00000000e+00 2.44593473e+01
 3.13000000e+02 4.00000000e+00 2.43870105e+01
 3.14000000e+02 4.00000000e+00 2.43164367e+01
 3.15000000e+02 4.00000000e+00 2.42476417e+01
 3.16000000e+02 4.00000000e+00 2.41806416e+01
 3.17000000e+02 4.00000000e+00 2.41154524e+01
 3.18000000e+02 4.00000000e+00 2.40520901e+01
 3.19000000e+02 4.00000000e+00 2.39905706e+01
 3.20000000e+02 4.00000000e+00 2.39309101e+01
 3.21000000e+02 4.00000000e+00 2.38511910e+01
 3.22000000e+02 4.00000000e+00 2.37952769e+01
 3.23000000e+02 4.00000000e+00 2.37411814e+01
 3.24000000e+02 4.00000000e+00 2.36888432e+01
 3.25000000e+02 4.00000000e+00 2.36382010e+01
 3.26000000e+02 4.00000000e+00 2.35891936e+01
 3.27000000e+02 4.00000000e+00 2.35417596e+01
 3.28000000e+02 4.00000000e+00 2.34958379e+01
 3.29000000e+02 4.00000000e+00 2.34513671e+01
 3.30000000e+02 4.00000000e+00 2.34082859e+01
 3.31000000e+02 4.00000000e+00 2.33665331e+01
 3.32000000e+02 4.00000000e+00 2.33260475e+01
 3.33000000e+02 4.00000000e+00 2.32867676e+01
 3.34000000e+02 4.00000000e+00 2.32486324e+01
 3.35000000e+02 4.00000000e+00 2.32115804e+01
 3.36000000e+02 4.00000000e+00 2.31755504e+01
 3.37000000e+02 4.00000000e+00 2.31404812e+01
 3.38000000e+02 4.00000000e+00 2.31063115e+01
 3.39000000e+02 4.00000000e+00 2.30729799e+01
 3.40000000e+02 4.00000000e+00 2.30404252e+01
 3.41000000e+02 4.00000000e+00 2.30085862e+01
 3.42000000e+02 4.00000000e+00 2.29774016e+01
 3.43000000e+02 4.00000000e+00 2.29468100e+01
 3.44000000e+02 4.00000000e+00 2.29167503e+01
 3.45000000e+02 4.00000000e+00 2.28871611e+01
 3.46000000e+02 4.00000000e+00 2.28579812e+01
 3.47000000e+02 4.00000000e+00 2.28291492e+01
 3.48000000e+02 4.00000000e+00 2.28006040e+01
 3.49000000e+02 4.00000000e+00 2.27722843e+01
 3.50000000e+02 4.00000000e+00 2.27441287e+01
 3.51000000e+02 4.00000000e+00 2.27160760e+01
 3.52000000e+02 4.00000000e+00 2.26880649e+01
 3.53000000e+02 4.00000000e+00 2.26600342e+01
 3.54000000e+02 4.00000000e+00 2.26319226e+01
 3.55000000e+02 4.00000000e+00 2.26036688e+01
 3.56000000e+02 4.00000000e+00 2.25752115e+01
 3.57000000e+02 4.00000000e+00 2.25464894e+01
 3.58000000e+02 4.00000000e+00 2.25174413e+01
 3.59000000e+02 4.00000000e+00 2.24880060e+01
 3.60000000e+02 4.00000000e+00 2.24581220e+01
 3.61000000e+02 4.00000000e+00 2.24277283e+01
 3.62000000e+02 4.00000000e+00 2.23987259e+01
 3.63000000e+02 4.00000000e+00 2.23672643e+01
 3.64000000e+02 4.00000000e+00 2.23353711e+01
 3.65000000e+02 4.00000000e+00 2.23031263e+01
 3.66000000e+02 4.00000000e+00 2.22706096e+01
 3.67000000e+02 4.00000000e+00 2.22379010e+01
 3.68000000e+02 4.00000000e+00 2.22050803e+01
 3.69000000e+02 4.00000000e+00 2.21722274e+01
 3.70000000e+02 4.00000000e+00 2.21394221e+01
 3.71000000e+02 4.00000000e+00 2.21067443e+01
 3.72000000e+02 4.00000000e+00 2.20742738e+01
 3.73000000e+02 4.00000000e+00 2.20420906e+01
 3.74000000e+02 4.00000000e+00 2.20102745e+01
 3.75000000e+02 4.00000000e+00 2.19789053e+01
 3.76000000e+02 4.00000000e+00 2.19480630e+01
 3.77000000e+02 4.00000000e+00 2.19178273e+01
 3.78000000e+02 4.00000000e+00 2.18882782e+01
 3.79000000e+02 4.00000000e+00 2.18594955e+01
 3.80000000e+02 4.00000000e+00 2.18315591e+01
 3.81000000e+02 4.00000000e+00 2.18045488e+01
 3.82000000e+02 4.00000000e+00 2.17785446e+01
 3.83000000e+02 4.00000000e+00 2.17536262e+01
 3.84000000e+02 4.00000000e+00 2.17298735e+01
 3.85000000e+02 4.00000000e+00 2.17073665e+01
 3.86000000e+02 4.00000000e+00 2.16861849e+01
 3.87000000e+02 4.00000000e+00 2.16664087e+01
 3.88000000e+02 4.00000000e+00 2.16481176e+01
 3.89000000e+02 4.00000000e+00 2.16313916e+01
 3.90000000e+02 4.00000000e+00 2.16163105e+01
 3.91000000e+02 4.00000000e+00 2.16029542e+01
 3.92000000e+02 4.00000000e+00 2.15914026e+01
 3.93000000e+02 4.00000000e+00 2.15817355e+01
 3.94000000e+02 4.00000000e+00 2.15740327e+01
 3.95000000e+02 4.00000000e+00 2.15683743e+01
 3.96000000e+02 4.00000000e+00 2.15648399e+01
 3.97000000e+02 4.00000000e+00 2.15635095e+01
 3.98000000e+02 4.00000000e+00 2.15644629e+01
 3.99000000e+02 4.00000000e+00 2.15677800e+01
 4.00000000e+02 4.00000000e+00 2.15735407e+01
 4.01000000e+02 4.00000000e+00 2.15818249e+01
 4.02000000e+02 4.00000000e+00 2.15833165e+01
 4.03000000e+02 4.00000000e+00 2.15967695e+01
 4.04000000e+02 4.00000000e+00 2.16126869e+01
 4.05000000e+02 4.00000000e+00 2.16309584e+01
 4.06000000e+02 4.00000000e+00 2.16514739e+01
 4.07000000e+02 4.00000000e+00 2.16741232e+01
 4.08000000e+02 4.00000000e+00 2.16987959e+01
 4.09000000e+02 4.00000000e+00 2.17253821e+01
 4.10000000e+02 4.00000000e+00 2.17537714e+01
 4.11000000e+02 4.00000000e+00 2.17838537e+01
 4.12000000e+02 4.00000000e+00 2.18155187e+01
 4.13000000e+02 4.00000000e+00 2.18486562e+01
 4.14000000e+02 4.00000000e+00 2.18831562e+01
 4.15000000e+02 4.00000000e+00 2.19189082e+01
 4.16000000e+02 4.00000000e+00 2.19558023e+01
 4.17000000e+02 4.00000000e+00 2.19937281e+01
 4.18000000e+02 4.00000000e+00 2.20325754e+01
 4.19000000e+02 4.00000000e+00 2.20722341e+01
 4.20000000e+02 4.00000000e+00 2.21125940e+01
 4.21000000e+02 4.00000000e+00 2.21535448e+01
 4.22000000e+02 4.00000000e+00 2.21949764e+01
 4.23000000e+02 4.00000000e+00 2.22367786e+01
 4.24000000e+02 4.00000000e+00 2.22788411e+01
 4.25000000e+02 4.00000000e+00 2.23210538e+01
 4.26000000e+02 4.00000000e+00 2.23633064e+01
 4.27000000e+02 4.00000000e+00 2.24054888e+01
 4.28000000e+02 4.00000000e+00 2.24474907e+01
 4.29000000e+02 4.00000000e+00 2.24892020e+01
 4.30000000e+02 4.00000000e+00 2.25305125e+01
 4.31000000e+02 4.00000000e+00 2.25713119e+01
 4.32000000e+02 4.00000000e+00 2.26114901e+01
 4.33000000e+02 4.00000000e+00 2.26509369e+01
 4.34000000e+02 4.00000000e+00 2.26895420e+01
 4.35000000e+02 4.00000000e+00 2.27271953e+01
 4.36000000e+02 4.00000000e+00 2.27637865e+01
 4.37000000e+02 4.00000000e+00 2.27992055e+01
 4.38000000e+02 4.00000000e+00 2.28333421e+01
 4.39000000e+02 4.00000000e+00 2.28660860e+01
 4.40000000e+02 4.00000000e+00 2.28973271e+01
 4.41000000e+02 4.00000000e+00 2.29269552e+01
 4.42000000e+02 4.00000000e+00 2.30187995e+01
 4.43000000e+02 4.00000000e+00 2.30449708e+01
 4.44000000e+02 4.00000000e+00 2.30695626e+01
 4.45000000e+02 4.00000000e+00 2.30927478e+01
 4.46000000e+02 4.00000000e+00 2.31146993e+01
 4.47000000e+02 4.00000000e+00 2.31355903e+01
 4.48000000e+02 4.00000000e+00 2.31555936e+01
 4.49000000e+02 4.00000000e+00 2.31748823e+01
 4.50000000e+02 4.00000000e+00 2.31936292e+01
 4.51000000e+02 4.00000000e+00 2.32120074e+01
 4.52000000e+02 4.00000000e+00 2.32301898e+01
 4.53000000e+02 4.00000000e+00 2.32483495e+01
 4.54000000e+02 4.00000000e+00 2.32666594e+01
 4.55000000e+02 4.00000000e+00 2.32852924e+01
 4.56000000e+02 4.00000000e+00 2.33044216e+01
 4.57000000e+02 4.00000000e+00 2.33242199e+01
 4.58000000e+02 4.00000000e+00 2.33448603e+01
 4.59000000e+02 4.00000000e+00 2.33665158e+01
 4.60000000e+02 4.00000000e+00 2.33893593e+01
 4.61000000e+02 4.00000000e+00 2.34135638e+01
 4.62000000e+02 4.00000000e+00 2.34393023e+01
 4.63000000e+02 4.00000000e+00 2.34667478e+01
 4.64000000e+02 4.00000000e+00 2.34960732e+01
 4.65000000e+02 4.00000000e+00 2.35274516e+01
 4.66000000e+02 4.00000000e+00 2.35610559e+01
 4.67000000e+02 4.00000000e+00 2.35970590e+01
 4.68000000e+02 4.00000000e+00 2.36356339e+01
 4.69000000e+02 4.00000000e+00 2.36769537e+01
 4.70000000e+02 4.00000000e+00 2.37211913e+01
 4.71000000e+02 4.00000000e+00 2.37685196e+01
 4.72000000e+02 4.00000000e+00 2.38191117e+01
 4.73000000e+02 4.00000000e+00 2.38731405e+01
 4.74000000e+02 4.00000000e+00 2.39307790e+01
 4.75000000e+02 4.00000000e+00 2.39922002e+01
 4.76000000e+02 4.00000000e+00 2.40575770e+01
 4.77000000e+02 4.00000000e+00 2.41270824e+01
 4.78000000e+02 4.00000000e+00 2.42008895e+01
 4.79000000e+02 4.00000000e+00 2.42791711e+01
 4.80000000e+02 4.00000000e+00 2.43621002e+01
 4.81000000e+02 4.00000000e+00 2.44498498e+01
 4.82000000e+02 4.00000000e+00 2.45425930e+01
 4.83000000e+02 4.00000000e+00 2.45383944e+01
 4.84000000e+02 4.00000000e+00 2.46412259e+01
 4.85000000e+02 4.00000000e+00 2.47488546e+01
 4.86000000e+02 4.00000000e+00 2.48610959e+01
 4.87000000e+02 4.00000000e+00 2.49777651e+01
 4.88000000e+02 4.00000000e+00 2.50986777e+01
 4.89000000e+02 4.00000000e+00 2.52236490e+01
 4.90000000e+02 4.00000000e+00 2.53524943e+01
 4.91000000e+02 4.00000000e+00 2.54850291e+01
 4.92000000e+02 4.00000000e+00 2.56210687e+01
 4.93000000e+02 4.00000000e+00 2.57604284e+01
 4.94000000e+02 4.00000000e+00 2.59029237e+01
 4.95000000e+02 4.00000000e+00 2.60483700e+01
 4.96000000e+02 4.00000000e+00 2.61965825e+01
 4.97000000e+02 4.00000000e+00 2.63473767e+01
 4.98000000e+02 4.00000000e+00 2.65005680e+01
 4.99000000e+02 4.00000000e+00 2.66559716e+01
 5.00000000e+02 4.00000000e+00 2.68134031e+01
 5.01000000e+02 4.00000000e+00 2.69726777e+01
 5.02000000e+02 4.00000000e+00 2.71336108e+01
 5.03000000e+02 4.00000000e+00 2.72960178e+01
 5.04000000e+02 4.00000000e+00 2.74597141e+01
 5.05000000e+02 4.00000000e+00 2.76245150e+01
 5.06000000e+02 4.00000000e+00 2.77902359e+01
 5.07000000e+02 4.00000000e+00 2.79566923e+01
 5.08000000e+02 4.00000000e+00 2.81236993e+01
 5.09000000e+02 4.00000000e+00 2.82910725e+01
 5.10000000e+02 4.00000000e+00 2.84586272e+01
 5.11000000e+02 4.00000000e+00 2.86261788e+01
 5.12000000e+02 4.00000000e+00 2.87935426e+01
 5.13000000e+02 4.00000000e+00 2.89605340e+01
 5.14000000e+02 4.00000000e+00 2.91269684e+01
 5.15000000e+02 4.00000000e+00 2.92926612e+01
 5.16000000e+02 4.00000000e+00 2.94574277e+01
 5.17000000e+02 4.00000000e+00 2.96210833e+01
 5.18000000e+02 4.00000000e+00 2.97834433e+01
 5.19000000e+02 4.00000000e+00 2.99443232e+01
 5.20000000e+02 4.00000000e+00 3.01035384e+01
 5.21000000e+02 4.00000000e+00 3.02609041e+01
 5.22000000e+02 4.00000000e+00 3.04162357e+01
 5.23000000e+02 4.00000000e+00 3.06910038e+01
 5.24000000e+02 4.00000000e+00 3.08418182e+01
 5.25000000e+02 4.00000000e+00 3.09902768e+01
 5.26000000e+02 4.00000000e+00 3.11363302e+01
 5.27000000e+02 4.00000000e+00 3.12799291e+01
 5.28000000e+02 4.00000000e+00 3.14210242e+01
 5.29000000e+02 4.00000000e+00 3.15595664e+01
 5.30000000e+02 4.00000000e+00 3.16955063e+01
 5.31000000e+02 4.00000000e+00 3.18287946e+01
 5.32000000e+02 4.00000000e+00 3.19593820e+01
 5.33000000e+02 4.00000000e+00 3.20872193e+01
 5.34000000e+02 4.00000000e+00 3.22122573e+01
 5.35000000e+02 4.00000000e+00 3.23344465e+01
 5.36000000e+02 4.00000000e+00 3.24537378e+01
 5.37000000e+02 4.00000000e+00 3.25700818e+01
 5.38000000e+02 4.00000000e+00 3.26834293e+01
 5.39000000e+02 4.00000000e+00 3.27937310e+01
 5.40000000e+02 4.00000000e+00 3.29009376e+01
 5.41000000e+02 4.00000000e+00 3.30049999e+01
 5.42000000e+02 4.00000000e+00 3.31058685e+01
 5.43000000e+02 4.00000000e+00 3.32034942e+01
 5.44000000e+02 4.00000000e+00 3.32978278e+01
 5.45000000e+02 4.00000000e+00 3.33888198e+01
 5.46000000e+02 4.00000000e+00 3.34764212e+01
 5.47000000e+02 4.00000000e+00 3.35605824e+01
 5.48000000e+02 4.00000000e+00 3.36412544e+01
 5.49000000e+02 4.00000000e+00 3.37183878e+01
 5.50000000e+02 4.00000000e+00 3.37919334e+01
 5.51000000e+02 4.00000000e+00 3.38618418e+01
 5.52000000e+02 4.00000000e+00 3.39280637e+01
 5.53000000e+02 4.00000000e+00 3.39905500e+01
 5.54000000e+02 4.00000000e+00 3.40492513e+01
 5.55000000e+02 4.00000000e+00 3.41041184e+01
 5.56000000e+02 4.00000000e+00 3.41551019e+01
 5.57000000e+02 4.00000000e+00 3.42021526e+01
 5.58000000e+02 4.00000000e+00 3.42452212e+01
 5.59000000e+02 4.00000000e+00 3.42842585e+01
 5.60000000e+02 4.00000000e+00 3.43192151e+01
 5.61000000e+02 4.00000000e+00 3.43500418e+01
 5.62000000e+02 4.00000000e+00 3.43766892e+01
 5.63000000e+02 4.00000000e+00 3.43400209e+01
 5.64000000e+02 4.00000000e+00 3.43582507e+01
 5.65000000e+02 4.00000000e+00 3.43724187e+01
 5.66000000e+02 4.00000000e+00 3.43826609e+01
 5.67000000e+02 4.00000000e+00 3.43891137e+01
 5.68000000e+02 4.00000000e+00 3.43919133e+01
 5.69000000e+02 4.00000000e+00 3.43911961e+01
 5.70000000e+02 4.00000000e+00 3.43870983e+01
 5.71000000e+02 4.00000000e+00 3.43797561e+01
 5.72000000e+02 4.00000000e+00 3.43693059e+01
 5.73000000e+02 4.00000000e+00 3.43558839e+01
 5.74000000e+02 4.00000000e+00 3.43396264e+01
 5.75000000e+02 4.00000000e+00 3.43206697e+01
 5.76000000e+02 4.00000000e+00 3.42991500e+01
 5.77000000e+02 4.00000000e+00 3.42752036e+01
 5.78000000e+02 4.00000000e+00 3.42489667e+01
 5.79000000e+02 4.00000000e+00 3.42205757e+01
 5.80000000e+02 4.00000000e+00 3.41901669e+01
 5.81000000e+02 4.00000000e+00 3.41578764e+01
 5.82000000e+02 4.00000000e+00 3.41238406e+01
 5.83000000e+02 4.00000000e+00 3.40881958e+01
 5.84000000e+02 4.00000000e+00 3.40510782e+01
 5.85000000e+02 4.00000000e+00 3.40126240e+01
 5.86000000e+02 4.00000000e+00 3.39729696e+01
 5.87000000e+02 4.00000000e+00 3.39322513e+01
 5.88000000e+02 4.00000000e+00 3.38906052e+01
 5.89000000e+02 4.00000000e+00 3.38481677e+01
 5.90000000e+02 4.00000000e+00 3.38050751e+01
 5.91000000e+02 4.00000000e+00 3.37614636e+01
 5.92000000e+02 4.00000000e+00 3.37174695e+01
 5.93000000e+02 4.00000000e+00 3.36732291e+01
 5.94000000e+02 4.00000000e+00 3.36288786e+01
 5.95000000e+02 4.00000000e+00 3.35845543e+01
 5.96000000e+02 4.00000000e+00 3.35403925e+01
 5.97000000e+02 4.00000000e+00 3.34965294e+01
 5.98000000e+02 4.00000000e+00 3.34531014e+01
 5.99000000e+02 4.00000000e+00 3.34102447e+01
 6.00000000e+02 4.00000000e+00 3.33680956e+01
 6.01000000e+02 4.00000000e+00 3.33267903e+01
 6.02000000e+02 4.00000000e+00 3.32864651e+01
 6.03000000e+02 4.00000000e+00 3.32906226e+01
 6.04000000e+02 4.00000000e+00 3.32526249e+01
 6.05000000e+02 4.00000000e+00 3.32158222e+01
 6.06000000e+02 4.00000000e+00 3.31801812e+01
 6.07000000e+02 4.00000000e+00 3.31456686e+01
 6.08000000e+02 4.00000000e+00 3.31122509e+01
 6.09000000e+02 4.00000000e+00 3.30798947e+01
 6.10000000e+02 4.00000000e+00 3.30485667e+01
 6.11000000e+02 4.00000000e+00 3.30182336e+01
 6.12000000e+02 4.00000000e+00 3.29888619e+01
 6.13000000e+02 4.00000000e+00 3.29604184e+01
 6.14000000e+02 4.00000000e+00 3.29328695e+01
 6.15000000e+02 4.00000000e+00 3.29061819e+01
 6.16000000e+02 4.00000000e+00 3.28803224e+01
 6.17000000e+02 4.00000000e+00 3.28552574e+01
 6.18000000e+02 4.00000000e+00 3.28309536e+01
 6.19000000e+02 4.00000000e+00 3.28073777e+01
 6.20000000e+02 4.00000000e+00 3.27844963e+01
 6.21000000e+02 4.00000000e+00 3.27622759e+01
 6.22000000e+02 4.00000000e+00 3.27406833e+01
 6.23000000e+02 4.00000000e+00 3.27196851e+01
 6.24000000e+02 4.00000000e+00 3.26992479e+01
 6.25000000e+02 4.00000000e+00 3.26793382e+01
 6.26000000e+02 4.00000000e+00 3.26599228e+01
 6.27000000e+02 4.00000000e+00 3.26409683e+01
 6.28000000e+02 4.00000000e+00 3.26224413e+01
 6.29000000e+02 4.00000000e+00 3.26043084e+01
 6.30000000e+02 4.00000000e+00 3.25865363e+01
 6.31000000e+02 4.00000000e+00 3.25690915e+01
 6.32000000e+02 4.00000000e+00 3.25519408e+01
 6.33000000e+02 4.00000000e+00 3.25350507e+01
 6.34000000e+02 4.00000000e+00 3.25183879e+01
 6.35000000e+02 4.00000000e+00 3.25019189e+01
 6.36000000e+02 4.00000000e+00 3.24856105e+01
 6.37000000e+02 4.00000000e+00 3.24694293e+01
 6.38000000e+02 4.00000000e+00 3.24533418e+01
 6.39000000e+02 4.00000000e+00 3.24373147e+01
 6.40000000e+02 4.00000000e+00 3.24213147e+01
 6.41000000e+02 4.00000000e+00 3.24053083e+01
 6.42000000e+02 4.00000000e+00 3.23892622e+01
 6.43000000e+02 4.00000000e+00 3.23731430e+01
 6.44000000e+02 4.00000000e+00 3.23138537e+01
 6.45000000e+02 4.00000000e+00 3.22975206e+01
 6.46000000e+02 4.00000000e+00 3.22810764e+01
 6.47000000e+02 4.00000000e+00 3.22645210e+01
 6.48000000e+02 4.00000000e+00 3.22478545e+01
 6.49000000e+02 4.00000000e+00 3.22310770e+01
 6.50000000e+02 4.00000000e+00 3.22141884e+01
 6.51000000e+02 4.00000000e+00 3.21971888e+01
 6.52000000e+02 4.00000000e+00 3.21800783e+01
 6.53000000e+02 4.00000000e+00 3.21628568e+01
 6.54000000e+02 4.00000000e+00 3.21455244e+01
 6.55000000e+02 4.00000000e+00 3.21280811e+01
 6.56000000e+02 4.00000000e+00 3.21105270e+01
 6.57000000e+02 4.00000000e+00 3.20928621e+01
 6.58000000e+02 4.00000000e+00 3.20750864e+01
 6.59000000e+02 4.00000000e+00 3.20572000e+01
 6.60000000e+02 4.00000000e+00 3.20392028e+01
 6.61000000e+02 4.00000000e+00 3.20210950e+01
 6.62000000e+02 4.00000000e+00 3.20028765e+01
 6.63000000e+02 4.00000000e+00 3.19845475e+01
 6.64000000e+02 4.00000000e+00 3.19661078e+01
 6.65000000e+02 4.00000000e+00 3.19475576e+01
 6.66000000e+02 4.00000000e+00 3.19288968e+01
 6.67000000e+02 4.00000000e+00 3.19101256e+01
 6.68000000e+02 4.00000000e+00 3.18912439e+01
 6.69000000e+02 4.00000000e+00 3.18722518e+01
 6.70000000e+02 4.00000000e+00 3.18531493e+01
 6.71000000e+02 4.00000000e+00 3.18339364e+01
 6.72000000e+02 4.00000000e+00 3.18146132e+01
 6.73000000e+02 4.00000000e+00 3.17951797e+01
 6.74000000e+02 4.00000000e+00 3.17756360e+01
 6.75000000e+02 4.00000000e+00 3.17559820e+01
 6.76000000e+02 4.00000000e+00 3.17362178e+01
 6.77000000e+02 4.00000000e+00 3.17163435e+01
 6.78000000e+02 4.00000000e+00 3.16963590e+01
 6.79000000e+02 4.00000000e+00 3.16762644e+01
 6.80000000e+02 4.00000000e+00 3.16560598e+01
 6.81000000e+02 4.00000000e+00 3.16357451e+01
 6.82000000e+02 4.00000000e+00 3.16153204e+01
 6.83000000e+02 4.00000000e+00 3.15947858e+01
 6.84000000e+02 4.00000000e+00 3.16464760e+01
 6.85000000e+02 4.00000000e+00 3.16257308e+01
 6.86000000e+02 4.00000000e+00 3.16048999e+01
 6.87000000e+02 4.00000000e+00 3.15839987e+01
 6.88000000e+02 4.00000000e+00 3.15630424e+01
 6.89000000e+02 4.00000000e+00 3.15420467e+01
 6.90000000e+02 4.00000000e+00 3.15210268e+01
 6.91000000e+02 4.00000000e+00 3.14999981e+01
 6.92000000e+02 4.00000000e+00 3.14789761e+01
 6.93000000e+02 4.00000000e+00 3.14579762e+01
 6.94000000e+02 4.00000000e+00 3.14370136e+01
 6.95000000e+02 4.00000000e+00 3.14161039e+01
 6.96000000e+02 4.00000000e+00 3.13952624e+01
 6.97000000e+02 4.00000000e+00 3.13745046e+01
 6.98000000e+02 4.00000000e+00 3.13538457e+01
 6.99000000e+02 4.00000000e+00 3.13333013e+01
 7.00000000e+02 4.00000000e+00 3.13128867e+01
 7.01000000e+02 4.00000000e+00 3.12926173e+01
 7.02000000e+02 4.00000000e+00 3.12725085e+01
 7.03000000e+02 4.00000000e+00 3.12525757e+01
 7.04000000e+02 4.00000000e+00 3.12328343e+01
 7.05000000e+02 4.00000000e+00 3.12132996e+01
 7.06000000e+02 4.00000000e+00 3.11939872e+01
 7.07000000e+02 4.00000000e+00 3.11749124e+01
 7.08000000e+02 4.00000000e+00 3.11560905e+01
 7.09000000e+02 4.00000000e+00 3.11375370e+01
 7.10000000e+02 4.00000000e+00 3.11192673e+01
 7.11000000e+02 4.00000000e+00 3.11012967e+01
 7.12000000e+02 4.00000000e+00 3.10836407e+01
 7.13000000e+02 4.00000000e+00 3.10663147e+01
 7.14000000e+02 4.00000000e+00 3.10493340e+01
 7.15000000e+02 4.00000000e+00 3.10327140e+01
 7.16000000e+02 4.00000000e+00 3.10164703e+01
 7.17000000e+02 4.00000000e+00 3.10006180e+01
 7.18000000e+02 4.00000000e+00 3.09851727e+01
 7.19000000e+02 4.00000000e+00 3.09701498e+01
 7.20000000e+02 4.00000000e+00 3.09555645e+01
 7.21000000e+02 4.00000000e+00 3.09414324e+01
 7.22000000e+02 4.00000000e+00 3.09277688e+01
 7.23000000e+02 4.00000000e+00 3.09145892e+01
 7.24000000e+02 4.00000000e+00 3.08376360e+01
 7.25000000e+02 4.00000000e+00 3.08254759e+01
 7.26000000e+02 4.00000000e+00 3.08138640e+01
 7.27000000e+02 4.00000000e+00 3.08028298e+01
 7.28000000e+02 4.00000000e+00 3.07924029e+01
 7.29000000e+02 4.00000000e+00 3.07826127e+01
 7.30000000e+02 4.00000000e+00 3.07734887e+01
 7.31000000e+02 4.00000000e+00 3.07650604e+01
 7.32000000e+02 4.00000000e+00 3.07573574e+01
 7.33000000e+02 4.00000000e+00 3.07504090e+01
 7.34000000e+02 4.00000000e+00 3.07442448e+01
 7.35000000e+02 4.00000000e+00 3.07388944e+01
 7.36000000e+02 4.00000000e+00 3.07343871e+01
 7.37000000e+02 4.00000000e+00 3.07307525e+01
 7.38000000e+02 4.00000000e+00 3.07280201e+01
 7.39000000e+02 4.00000000e+00 3.07262194e+01
 7.40000000e+02 4.00000000e+00 3.07253799e+01
 7.41000000e+02 4.00000000e+00 3.07255310e+01
 7.42000000e+02 4.00000000e+00 3.07267023e+01
 7.43000000e+02 4.00000000e+00 3.07289233e+01
 7.44000000e+02 4.00000000e+00 3.07322234e+01
 7.45000000e+02 4.00000000e+00 3.07366321e+01
 7.46000000e+02 4.00000000e+00 3.07421791e+01
 7.47000000e+02 4.00000000e+00 3.07488936e+01
 7.48000000e+02 4.00000000e+00 3.07568054e+01
 7.49000000e+02 4.00000000e+00 3.07659437e+01
 7.50000000e+02 4.00000000e+00 3.07763382e+01
 7.51000000e+02 4.00000000e+00 3.07880183e+01
 7.52000000e+02 4.00000000e+00 3.08010135e+01
 7.53000000e+02 4.00000000e+00 3.08153534e+01
 7.54000000e+02 4.00000000e+00 3.08310674e+01
 7.55000000e+02 4.00000000e+00 3.08481849e+01
 7.56000000e+02 4.00000000e+00 3.08667356e+01
 7.57000000e+02 4.00000000e+00 3.08867489e+01
 7.58000000e+02 4.00000000e+00 3.09082543e+01
 7.59000000e+02 4.00000000e+00 3.09312813e+01
 7.60000000e+02 4.00000000e+00 3.09558594e+01
 7.61000000e+02 4.00000000e+00 3.09820181e+01
 7.62000000e+02 4.00000000e+00 3.10097868e+01
 7.63000000e+02 4.00000000e+00 3.10391951e+01
 7.64000000e+02 4.00000000e+00 3.10702725e+01
