 2.00000000e+00 1.00000000e+00 6.29427219e+00
 3.00000000e+00 1.00000000e+00 6.30367325e+00
 4.00000000e+00 1.00000000e+00 6.31157955e+00
 5.00000000e+00 1.00000000e+00 6.31802591e+00
 6.00000000e+00 1.00000000e+00 6.32304714e+00
 7.00000000e+00 1.00000000e+00 6.32667805e+00
 8.00000000e+00 1.00000000e+00 6.32895347e+00
 9.00000000e+00 1.00000000e+00 6.32990820e+00
 1.00000000e+01 1.00000000e+00 6.32957707e+00
 1.10000000e+01 1.00000000e+00 6.32799488e+00
 1.20000000e+01 1.00000000e+00 6.32519645e+00
 1.30000000e+01 1.00000000e+00 6.32121661e+00
 1.40000000e+01 1.00000000e+00 6.31609016e+00
 1.50000000e+01 1.00000000e+00 6.30985191e+00
 1.60000000e+01 1.00000000e+00 6.30253669e+00
 1.70000000e+01 1.00000000e+00 6.29417931e+00
 1.80000000e+01 1.00000000e+00 6.28481459e+00
 1.90000000e+01 1.00000000e+00 6.27447734e+00
 2.00000000e+01 1.00000000e+00 6.26320237e+00
 2.10000000e+01 1.00000000e+00 6.25102450e+00
 2.20000000e+01 1.00000000e+00 6.23797855e+00
 2.30000000e+01 1.00000000e+00 6.22409933e+00
 2.40000000e+01 1.00000000e+00 6.20942166e+00
 2.50000000e+01 1.00000000e+00 6.19398035e+00
 2.60000000e+01 1.00000000e+00 6.17781022e+00
 2.70000000e+01 1.00000000e+00 6.16094608e+00
 2.80000000e+01 1.00000000e+00 6.14342274e+00
 2.90000000e+01 1.00000000e+00 6.12527504e+00
 3.00000000e+01 1.00000000e+00 6.10653777e+00
 3.10000000e+01 1.00000000e+00 6.08724576e+00
 3.20000000e+01 1.00000000e+00 6.06743381e+00
 3.30000000e+01 1.00000000e+00 6.04713675e+00
 3.40000000e+01 1.00000000e+00 6.02638939e+00
 3.50000000e+01 1.00000000e+00 6.00522655e+00
 3.60000000e+01 1.00000000e+00 5.98368304e+00
 3.70000000e+01 1.00000000e+00 5.96179367e+00
 3.80000000e+01 1.00000000e+00 5.93959327e+00
 3.90000000e+01 1.00000000e+00 5.91711664e+00
 4.00000000e+01 1.00000000e+00 5.89439861e+00
 4.10000000e+01 1.00000000e+00 5.87147398e+00
 4.20000000e+01 1.00000000e+00 5.84837758e+00
 4.30000000e+01 1.00000000e+00 5.82514421e+00
 4.40000000e+01 1.00000000e+00 5.80180870e+00
 4.50000000e+01 1.00000000e+00 5.77840586e+00
 4.60000000e+01 1.00000000e+00 5.75497050e+00
 4.70000000e+01 1.00000000e+00 5.73153744e+00
 4.80000000e+01 1.00000000e+00 5.70814150e+00
 4.90000000e+01 1.00000000e+00 5.68481748e+00
 5.00000000e+01 1.00000000e+00 5.66160022e+00
 5.10000000e+01 1.00000000e+00 5.63852451e+00
 5.20000000e+01 1.00000000e+00 5.61562518e+00
 5.30000000e+01 1.00000000e+00 5.59293704e+00
 5.40000000e+01 1.00000000e+00 5.57049491e+00
 5.50000000e+01 1.00000000e+00 5.54833360e+00
 5.60000000e+01 1.00000000e+00 5.52648793e+00
 5.70000000e+01 1.00000000e+00 5.50499272e+00
 5.80000000e+01 1.00000000e+00 5.48388277e+00
 5.90000000e+01 1.00000000e+00 5.46319290e+00
 6.00000000e+01 1.00000000e+00 5.41479108e+00
 6.10000000e+01 1.00000000e+00 5.39503287e+00
 6.20000000e+01 1.00000000e+00 5.37573404e+00
 6.30000000e+01 1.00000000e+00 5.35686926e+00
 6.40000000e+01 1.00000000e+00 5.33841321e+00
 6.50000000e+01 1.00000000e+00 5.32034057e+00
 6.60000000e+01 1.00000000e+00 5.30262602e+00
 6.70000000e+01 1.00000000e+00 5.28524422e+00
 6.80000000e+01 1.00000000e+00 5.26816985e+00
 6.90000000e+01 1.00000000e+00 5.25137759e+00
 7.00000000e+01 1.00000000e+00 5.23484212e+00
 7.10000000e+01 1.00000000e+00 5.21853812e+00
 7.20000000e+01 1.00000000e+00 5.20244024e+00
 7.30000000e+01 1.00000000e+00 5.18652319e+00
 7.40000000e+01 1.00000000e+00 5.17076162e+00
 7.50000000e+01 1.00000000e+00 5.15513022e+00
 7.60000000e+01 1.00000000e+00 5.13960365e+00
 7.70000000e+01 1.00000000e+00 5.12415661e+00
 7.80000000e+01 1.00000000e+00 5.10876375e+00
 7.90000000e+01 1.00000000e+00 5.09339977e+00
 8.00000000e+01 1.00000000e+00 5.07803933e+00
 8.10000000e+01 1.00000000e+00 5.06265711e+00
 8.20000000e+01 1.00000000e+00 5.04722779e+00
 8.30000000e+01 1.00000000e+00 5.03172604e+00
 8.40000000e+01 1.00000000e+00 5.01612653e+00
 8.50000000e+01 1.00000000e+00 5.00040395e+00
 8.60000000e+01 1.00000000e+00 4.98453297e+00
 8.70000000e+01 1.00000000e+00 4.96848827e+00
 8.80000000e+01 1.00000000e+00 4.95224452e+00
 8.90000000e+01 1.00000000e+00 4.93577639e+00
 9.00000000e+01 1.00000000e+00 4.91905857e+00
 9.10000000e+01 1.00000000e+00 4.90206573e+00
 9.20000000e+01 1.00000000e+00 4.88477254e+00
 9.30000000e+01 1.00000000e+00 4.86715368e+00
 9.40000000e+01 1.00000000e+00 4.84918383e+00
 9.50000000e+01 1.00000000e+00 4.83083766e+00
 9.60000000e+01 1.00000000e+00 4.81208985e+00
 9.70000000e+01 1.00000000e+00 4.79291508e+00
 9.80000000e+01 1.00000000e+00 4.77328801e+00
 9.90000000e+01 1.00000000e+00 4.75318333e+00
 1.00000000e+02 1.00000000e+00 4.73257571e+00
 1.01000000e+02 1.00000000e+00 4.71143983e+00
 1.02000000e+02 1.00000000e+00 4.68975037e+00
 1.03000000e+02 1.00000000e+00 4.66748199e+00
 1.04000000e+02 1.00000000e+00 4.64460938e+00
 1.05000000e+02 1.00000000e+00 4.62110721e+00
 1.06000000e+02 1.00000000e+00 4.59695016e+00
 1.07000000e+02 1.00000000e+00 4.57211290e+00
 1.08000000e+02 1.00000000e+00 4.54657011e+00
 1.09000000e+02 1.00000000e+00 4.52029646e+00
 1.10000000e+02 1.00000000e+00 4.49326664e+00
 1.11000000e+02 1.00000000e+00 4.46545531e+00
 1.12000000e+02 1.00000000e+00 4.43683715e+00
 1.13000000e+02 1.00000000e+00 4.40738684e+00
 1.14000000e+02 1.00000000e+00 4.37707906e+00
 1.15000000e+02 1.00000000e+00 4.34588848e+00
 1.16000000e+02 1.00000000e+00 4.31378977e+00
 1.17000000e+02 1.00000000e+00 4.28075761e+00
 1.18000000e+02 1.00000000e+00 4.28902346e+00
 1.19000000e+02 1.00000000e+00 4.25407382e+00
 1.20000000e+02 1.00000000e+00 4.21822311e+00
 1.21000000e+02 1.00000000e+00 4.18153886e+00
 1.22000000e+02 1.00000000e+00 4.14408863e+00
 1.23000000e+02 1.00000000e+00 4.10593996e+00
 1.24000000e+02 1.00000000e+00 4.06716038e+00
 1.25000000e+02 1.00000000e+00 4.02781745e+00
 1.26000000e+02 1.00000000e+00 3.98797871e+00
 1.27000000e+02 1.00000000e+00 3.94771171e+00
 1.28000000e+02 1.00000000e+00 3.90708398e+00
 1.29000000e+02 1.00000000e+00 3.86616307e+00
 1.30000000e+02 1.00000000e+00 3.82501653e+00
 1.31000000e+02 1.00000000e+00 3.78371189e+00
 1.32000000e+02 1.00000000e+00 3.74231671e+00
 1.33000000e+02 1.00000000e+00 3.70089853e+00
 1.34000000e+02 1.00000000e+00 3.65952489e+00
 1.35000000e+02 1.00000000e+00 3.61826333e+00
 1.36000000e+02 1.00000000e+00 3.57718140e+00
 1.37000000e+02 1.00000000e+00 3.53634664e+00
 1.38000000e+02 1.00000000e+00 3.49582660e+00
 1.39000000e+02 1.00000000e+00 3.45568882e+00
 1.40000000e+02 1.00000000e+00 3.41600084e+00
 1.41000000e+02 1.00000000e+00 3.37683021e+00
 1.42000000e+02 1.00000000e+00 3.33824448e+00
 1.43000000e+02 1.00000000e+00 3.30031118e+00
 1.44000000e+02 1.00000000e+00 3.26309786e+00
 1.45000000e+02 1.00000000e+00 3.22667206e+00
 1.46000000e+02 1.00000000e+00 3.19110134e+00
 1.47000000e+02 1.00000000e+00 3.15645322e+00
 1.48000000e+02 1.00000000e+00 3.12279527e+00
 1.49000000e+02 1.00000000e+00 3.09019501e+00
 1.50000000e+02 1.00000000e+00 3.05871999e+00
 1.51000000e+02 1.00000000e+00 3.02843777e+00
 1.52000000e+02 1.00000000e+00 2.99941587e+00
 1.53000000e+02 1.00000000e+00 2.97172185e+00
 1.54000000e+02 1.00000000e+00 2.94542326e+00
 1.55000000e+02 1.00000000e+00 2.92058762e+00
 1.56000000e+02 1.00000000e+00 2.89728250e+00
 1.57000000e+02 1.00000000e+00 2.87557542e+00
 1.58000000e+02 1.00000000e+00 2.85553394e+00
 1.59000000e+02 1.00000000e+00 2.83722560e+00
 1.60000000e+02 1.00000000e+00 2.82071794e+00
 1.61000000e+02 1.00000000e+00 2.80607852e+00
 1.62000000e+02 1.00000000e+00 2.79337486e+00
 1.63000000e+02 1.00000000e+00 2.78267452e+00
 1.64000000e+02 1.00000000e+00 2.77404503e+00
 1.65000000e+02 1.00000000e+00 2.76755396e+00
 1.66000000e+02 1.00000000e+00 2.76326882e+00
 1.67000000e+02 1.00000000e+00 2.76125718e+00
 1.68000000e+02 1.00000000e+00 2.76158658e+00
 1.69000000e+02 1.00000000e+00 2.76432455e+00
 1.70000000e+02 1.00000000e+00 2.76953865e+00
 1.71000000e+02 1.00000000e+00 2.77729641e+00
 1.72000000e+02 1.00000000e+00 2.78766539e+00
 1.73000000e+02 1.00000000e+00 2.80071312e+00
 1.74000000e+02 1.00000000e+00 2.81650715e+00
 1.75000000e+02 1.00000000e+00 2.83511502e+00
 1.76000000e+02 1.00000000e+00 2.72103066e+00
 1.77000000e+02 1.00000000e+00 2.74533634e+00
 1.78000000e+02 1.00000000e+00 2.77214706e+00
 1.79000000e+02 1.00000000e+00 2.80112124e+00
 1.80000000e+02 1.00000000e+00 2.83191729e+00
 1.81000000e+02 1.00000000e+00 2.86419360e+00
 1.82000000e+02 1.00000000e+00 2.89760859e+00
 1.83000000e+02 1.00000000e+00 2.93182065e+00
 1.84000000e+02 1.00000000e+00 2.96648820e+00
 1.85000000e+02 1.00000000e+00 3.00126964e+00
 1.86000000e+02 1.00000000e+00 3.03582338e+00
 1.87000000e+02 1.00000000e+00 3.06980782e+00
 1.88000000e+02 1.00000000e+00 3.10288136e+00
 1.89000000e+02 1.00000000e+00 3.13470241e+00
 1.90000000e+02 1.00000000e+00 3.16492938e+00
 1.91000000e+02 1.00000000e+00 3.19322067e+00
 1.92000000e+02 1.00000000e+00 3.21923469e+00
 1.93000000e+02 1.00000000e+00 3.24262985e+00
 1.94000000e+02 1.00000000e+00 3.26306454e+00
 1.95000000e+02 1.00000000e+00 3.28019717e+00
 1.96000000e+02 1.00000000e+00 3.29368616e+00
 1.97000000e+02 1.00000000e+00 3.30318990e+00
 1.98000000e+02 1.00000000e+00 3.30836680e+00
 1.99000000e+02 1.00000000e+00 3.30887527e+00
 2.00000000e+02 1.00000000e+00 3.30437371e+00
 2.01000000e+02 1.00000000e+00 3.29452052e+00
 2.02000000e+02 1.00000000e+00 3.27897412e+00
 2.03000000e+02 1.00000000e+00 3.25739290e+00
 2.04000000e+02 1.00000000e+00 3.22943528e+00
 2.05000000e+02 1.00000000e+00 3.19475966e+00
 2.06000000e+02 1.00000000e+00 3.15302444e+00
 2.07000000e+02 1.00000000e+00 3.10388802e+00
 2.08000000e+02 1.00000000e+00 3.04700883e+00
 2.09000000e+02 1.00000000e+00 2.98204525e+00
 2.10000000e+02 1.00000000e+00 2.90865570e+00
 2.11000000e+02 1.00000000e+00 2.82649858e+00
 2.12000000e+02 1.00000000e+00 2.73523230e+00
 2.13000000e+02 1.00000000e+00 2.63451526e+00
 2.14000000e+02 1.00000000e+00 2.52400586e+00
 2.15000000e+02 1.00000000e+00 2.40336252e+00
 2.16000000e+02 1.00000000e+00 2.27224364e+00
 2.17000000e+02 1.00000000e+00 2.13030762e+00
 2.18000000e+02 1.00000000e+00 1.97721286e+00
 2.19000000e+02 1.00000000e+00 1.81261779e+00
 2.20000000e+02 1.00000000e+00 1.63618079e+00
 2.21000000e+02 1.00000000e+00 1.44756028e+00
 2.22000000e+02 1.00000000e+00 1.24641466e+00
 2.23000000e+02 1.00000000e+00 1.03240233e+00
 2.24000000e+02 1.00000000e+00 8.05181711e-01
 2.25000000e+02 1.00000000e+00 5.64411195e-01
 2.26000000e+02 1.00000000e+00 3.09749192e-01
 2.27000000e+02 1.00000000e+00 4.08541057e-02
 2.28000000e+02 1.00000000e+00 -2.42615657e-01
 2.29000000e+02 1.00000000e+00 -5.41001691e-01
 2.30000000e+02 1.00000000e+00 -8.54645590e-01
 2.31000000e+02 1.00000000e+00 -1.18388895e+00
 2.32000000e+02 1.00000000e+00 -1.52907337e+00
 2.33000000e+02 1.00000000e+00 -1.89054043e+00
 2.34000000e+02 1.00000000e+00 -2.17094630e+00
 2.35000000e+02 1.00000000e+00 -2.56562995e+00
 2.36000000e+02 1.00000000e+00 -2.97634114e+00
 2.37000000e+02 1.00000000e+00 -3.40246152e+00
 2.38000000e+02 1.00000000e+00 -3.84337277e+00
 2.39000000e+02 1.00000000e+00 -4.29845655e+00
 2.40000000e+02 1.00000000e+00 -4.76709454e+00
 2.41000000e+02 1.00000000e+00 -5.24866840e+00
 2.42000000e+02 1.00000000e+00 -5.74255979e+00
 2.43000000e+02 1.00000000e+00 -6.24815039e+00
 2.44000000e+02 1.00000000e+00 -6.76482186e+00
 2.45000000e+02 1.00000000e+00 -7.29195588e+00
 2.46000000e+02 1.00000000e+00 -7.82893410e+00
 2.47000000e+02 1.00000000e+00 -8.37513821e+00
 2.48000000e+02 1.00000000e+00 -8.92994985e+00
 2.49000000e+02 1.00000000e+00 -9.49275071e+00
 2.50000000e+02 1.00000000e+00 -1.00629225e+01
 2.51000000e+02 1.00000000e+00 -1.06398467e+01
 2.52000000e+02 1.00000000e+00 -1.12229052e+01
 2.53000000e+02 1.00000000e+00 -1.18114796e+01
 2.54000000e+02 1.00000000e+00 -1.24049516e+01
 2.55000000e+02 1.00000000e+00 -1.30027027e+01
 2.56000000e+02 1.00000000e+00 -1.36041148e+01
 2.57000000e+02 1.00000000e+00 -1.42085694e+01
 2.58000000e+02 1.00000000e+00 -1.48154482e+01
 2.59000000e+02 1.00000000e+00 -1.54241329e+01
 2.60000000e+02 1.00000000e+00 -1.60340052e+01
 2.61000000e+02 1.00000000e+00 -1.66444467e+01
 2.62000000e+02 1.00000000e+00 -1.72548391e+01
 2.63000000e+02 1.00000000e+00 -1.78645641e+01
 2.64000000e+02 1.00000000e+00 -1.84730033e+01
 2.65000000e+02 1.00000000e+00 -1.90795383e+01
 2.66000000e+02 1.00000000e+00 -1.96835510e+01
 2.67000000e+02 1.00000000e+00 -2.02844229e+01
 2.68000000e+02 1.00000000e+00 -2.08815357e+01
 2.69000000e+02 1.00000000e+00 -2.14742710e+01
 2.70000000e+02 1.00000000e+00 -2.20620106e+01
 2.71000000e+02 1.00000000e+00 -2.26441361e+01
 2.72000000e+02 1.00000000e+00 -2.32200292e+01
 2.73000000e+02 1.00000000e+00 -2.37890715e+01
 2.74000000e+02 1.00000000e+00 -2.43506447e+01
 2.75000000e+02 1.00000000e+00 -2.49041305e+01
 2.76000000e+02 1.00000000e+00 -2.54489106e+01
 2.77000000e+02 1.00000000e+00 -2.59843665e+01
 2.78000000e+02 1.00000000e+00 -2.65098800e+01
 2.79000000e+02 1.00000000e+00 -2.70248328e+01
 2.80000000e+02 1.00000000e+00 -2.75286065e+01
 2.81000000e+02 1.00000000e+00 -2.80205828e+01
 2.82000000e+02 1.00000000e+00 -2.85001433e+01
 2.83000000e+02 1.00000000e+00 -2.89666698e+01
 2.84000000e+02 1.00000000e+00 -2.94195438e+01
 2.85000000e+02 1.00000000e+00 -2.98581471e+01
 2.86000000e+02 1.00000000e+00 -3.02818613e+01
 2.87000000e+02 1.00000000e+00 -3.06900681e+01
 2.88000000e+02 1.00000000e+00 -3.10821491e+01
 2.89000000e+02 1.00000000e+00 -3.14574861e+01
 2.90000000e+02 1.00000000e+00 -3.18154607e+01
 2.91000000e+02 1.00000000e+00 -3.21554545e+01
 2.92000000e+02 1.00000000e+00 -3.23965923e+01
 2.93000000e+02 1.00000000e+00 -3.26992692e+01
 2.94000000e+02 1.00000000e+00 -3.29836239e+01
 2.95000000e+02 1.00000000e+00 -3.32501064e+01
 2.96000000e+02 1.00000000e+00 -3.34991665e+01
 2.97000000e+02 1.00000000e+00 -3.37312544e+01
 2.98000000e+02 1.00000000e+00 -3.39468200e+01
 2.99000000e+02 1.00000000e+00 -3.41463133e+01
 3.00000000e+02 1.00000000e+00 -3.43301844e+01
 3.01000000e+02 1.00000000e+00 -3.44988831e+01
 3.02000000e+02 1.00000000e+00 -3.46528596e+01
 3.03000000e+02 1.00000000e+00 -3.47925638e+01
 3.04000000e+02 1.00000000e+00 -3.49184457e+01
 3.05000000e+02 1.00000000e+00 -3.50309553e+01
 3.06000000e+02 1.00000000e+00 -3.51305426e+01
 3.07000000e+02 1.00000000e+00 -3.52176576e+01
 3.08000000e+02 1.00000000e+00 -3.52927503e+01
 3.09000000e+02 1.00000000e+00 -3.53562707e+01
 3.10000000e+02 1.00000000e+00 -3.54086688e+01
 3.11000000e+02 1.00000000e+00 -3.54503946e+01
 3.12000000e+02 1.00000000e+00 -3.54818980e+01
 3.13000000e+02 1.00000000e+00 -3.55036292e+01
 3.14000000e+02 1.00000000e+00 -3.55160380e+01
 3.15000000e+02 1.00000000e+00 -3.55195746e+01
 3.16000000e+02 1.00000000e+00 -3.55146888e+01
 3.17000000e+02 1.00000000e+00 -3.55018307e+01
 3.18000000e+02 1.00000000e+00 -3.54814502e+01
 3.19000000e+02 1.00000000e+00 -3.54539975e+01
 3.20000000e+02 1.00000000e+00 -3.54199224e+01
 3.21000000e+02 1.00000000e+00 -3.53796750e+01
 3.22000000e+02 1.00000000e+00 -3.53337052e+01
 3.23000000e+02 1.00000000e+00 -3.52824631e+01
 3.24000000e+02 1.00000000e+00 -3.52263987e+01
 3.25000000e+02 1.00000000e+00 -3.51659620e+01
 3.26000000e+02 1.00000000e+00 -3.51016029e+01
 3.27000000e+02 1.00000000e+00 -3.50337714e+01
 3.28000000e+02 1.00000000e+00 -3.49629176e+01
 3.29000000e+02 1.00000000e+00 -3.48894915e+01
 3.30000000e+02 1.00000000e+00 -3.48139430e+01
 3.31000000e+02 1.00000000e+00 -3.47367221e+01
 3.32000000e+02 1.00000000e+00 -3.46582789e+01
 3.33000000e+02 1.00000000e+00 -3.45790634e+01
 3.34000000e+02 1.00000000e+00 -3.44995254e+01
 3.35000000e+02 1.00000000e+00 -3.44201151e+01
 3.36000000e+02 1.00000000e+00 -3.43412825e+01
 3.37000000e+02 1.00000000e+00 -3.42634775e+01
 3.38000000e+02 1.00000000e+00 -3.41871501e+01
 3.39000000e+02 1.00000000e+00 -3.41127503e+01
 3.40000000e+02 1.00000000e+00 -3.40407282e+01
 3.41000000e+02 1.00000000e+00 -3.39715337e+01
 3.42000000e+02 1.00000000e+00 -3.39056168e+01
 3.43000000e+02 1.00000000e+00 -3.38434275e+01
 3.44000000e+02 1.00000000e+00 -3.37854158e+01
 3.45000000e+02 1.00000000e+00 -3.37320318e+01
 3.46000000e+02 1.00000000e+00 -3.36837254e+01
 3.47000000e+02 1.00000000e+00 -3.36409465e+01
 3.48000000e+02 1.00000000e+00 -3.36041453e+01
 3.49000000e+02 1.00000000e+00 -3.35737717e+01
 3.50000000e+02 1.00000000e+00 -3.32017615e+01
 3.51000000e+02 1.00000000e+00 -3.31851255e+01
 3.52000000e+02 1.00000000e+00 -3.31749892e+01
 3.53000000e+02 1.00000000e+00 -3.31709506e+01
 3.54000000e+02 1.00000000e+00 -3.31726075e+01
 3.55000000e+02 1.00000000e+00 -3.31795580e+01
 3.56000000e+02 1.00000000e+00 -3.31914002e+01
 3.57000000e+02 1.00000000e+00 -3.32077321e+01
 3.58000000e+02 1.00000000e+00 -3.32281515e+01
 3.59000000e+02 1.00000000e+00 -3.32522567e+01
 3.60000000e+02 1.00000000e+00 -3.32796454e+01
 3.61000000e+02 1.00000000e+00 -3.33099159e+01
 3.62000000e+02 1.00000000e+00 -3.33426660e+01
 3.63000000e+02 1.00000000e+00 -3.33774937e+01
 3.64000000e+02 1.00000000e+00 -3.34139972e+01
 3.65000000e+02 1.00000000e+00 -3.34517743e+01
 3.66000000e+02 1.00000000e+00 -3.34904231e+01
 3.67000000e+02 1.00000000e+00 -3.35295416e+01
 3.68000000e+02 1.00000000e+00 -3.35687279e+01
 3.69000000e+02 1.00000000e+00 -3.36075798e+01
 3.70000000e+02 1.00000000e+00 -3.36456954e+01
 3.71000000e+02 1.00000000e+00 -3.36826727e+01
 3.72000000e+02 1.00000000e+00 -3.37181098e+01
 3.73000000e+02 1.00000000e+00 -3.37516046e+01
 3.74000000e+02 1.00000000e+00 -3.37827551e+01
 3.75000000e+02 1.00000000e+00 -3.38111594e+01
 3.76000000e+02 1.00000000e+00 -3.38364154e+01
 3.77000000e+02 1.00000000e+00 -3.38581211e+01
 3.78000000e+02 1.00000000e+00 -3.38758746e+01
 3.79000000e+02 1.00000000e+00 -3.38892739e+01
 3.80000000e+02 1.00000000e+00 -3.38979169e+01
 3.81000000e+02 1.00000000e+00 -3.39014017e+01
 3.82000000e+02 1.00000000e+00 -3.38993263e+01
 3.83000000e+02 1.00000000e+00 -3.38912886e+01
 3.84000000e+02 1.00000000e+00 -3.38768868e+01
 3.85000000e+02 1.00000000e+00 -3.38557187e+01
 3.86000000e+02 1.00000000e+00 -3.38273825e+01
 3.87000000e+02 1.00000000e+00 -3.37914760e+01
 3.88000000e+02 1.00000000e+00 -3.37475974e+01
 3.89000000e+02 1.00000000e+00 -3.36953445e+01
 3.90000000e+02 1.00000000e+00 -3.36343155e+01
 3.91000000e+02 1.00000000e+00 -3.35641083e+01
 3.92000000e+02 1.00000000e+00 -3.34843210e+01
 3.93000000e+02 1.00000000e+00 -3.33945515e+01
 3.94000000e+02 1.00000000e+00 -3.32943978e+01
 3.95000000e+02 1.00000000e+00 -3.31834580e+01
 3.96000000e+02 1.00000000e+00 -3.30613300e+01
 3.97000000e+02 1.00000000e+00 -3.29276119e+01
 3.98000000e+02 1.00000000e+00 -3.27819017e+01
 3.99000000e+02 1.00000000e+00 -3.26237973e+01
 4.00000000e+02 1.00000000e+00 -3.24528968e+01
 4.01000000e+02 1.00000000e+00 -3.22687982e+01
 4.02000000e+02 1.00000000e+00 -3.20710995e+01
 4.03000000e+02 1.00000000e+00 -3.18593986e+01
 4.04000000e+02 1.00000000e+00 -3.16332937e+01
 4.05000000e+02 1.00000000e+00 -3.13923827e+01
 4.06000000e+02 1.00000000e+00 -3.11362635e+01
 4.07000000e+02 1.00000000e+00 -3.08645343e+01
 4.08000000e+02 1.00000000e+00 -3.11905763e+01
 4.09000000e+02 1.00000000e+00 -3.08870131e+01
 4.10000000e+02 1.00000000e+00 -3.05681023e+01
 4.11000000e+02 1.00000000e+00 -3.02343694e+01
 4.12000000e+02 1.00000000e+00 -2.98863399e+01
 4.13000000e+02 1.00000000e+00 -2.95245391e+01
 4.14000000e+02 1.00000000e+00 -2.91494927e+01
 4.15000000e+02 1.00000000e+00 -2.87617260e+01
 4.16000000e+02 1.00000000e+00 -2.83617645e+01
 4.17000000e+02 1.00000000e+00 -2.79501338e+01
 4.18000000e+02 1.00000000e+00 -2.75273592e+01
 4.19000000e+02 1.00000000e+00 -2.70939662e+01
 4.20000000e+02 1.00000000e+00 -2.66504804e+01
 4.21000000e+02 1.00000000e+00 -2.61974271e+01
 4.22000000e+02 1.00000000e+00 -2.57353319e+01
 4.23000000e+02 1.00000000e+00 -2.52647202e+01
 4.24000000e+02 1.00000000e+00 -2.47861174e+01
 4.25000000e+02 1.00000000e+00 -2.43000492e+01
 4.26000000e+02 1.00000000e+00 -2.38070408e+01
 4.27000000e+02 1.00000000e+00 -2.33076178e+01
 4.28000000e+02 1.00000000e+00 -2.28023057e+01
 4.29000000e+02 1.00000000e+00 -2.22916299e+01
 4.30000000e+02 1.00000000e+00 -2.17761160e+01
 4.31000000e+02 1.00000000e+00 -2.12562892e+01
 4.32000000e+02 1.00000000e+00 -2.07326753e+01
 4.33000000e+02 1.00000000e+00 -2.02057995e+01
 4.34000000e+02 1.00000000e+00 -1.96761874e+01
 4.35000000e+02 1.00000000e+00 -1.91443644e+01
 4.36000000e+02 1.00000000e+00 -1.86108560e+01
 4.37000000e+02 1.00000000e+00 -1.80761878e+01
 4.38000000e+02 1.00000000e+00 -1.75408851e+01
 4.39000000e+02 1.00000000e+00 -1.70054733e+01
 4.40000000e+02 1.00000000e+00 -1.64704781e+01
 4.41000000e+02 1.00000000e+00 -1.59364249e+01
 4.42000000e+02 1.00000000e+00 -1.54038390e+01
 4.43000000e+02 1.00000000e+00 -1.48732461e+01
 4.44000000e+02 1.00000000e+00 -1.43451715e+01
 4.45000000e+02 1.00000000e+00 -1.38201408e+01
 4.46000000e+02 1.00000000e+00 -1.32986794e+01
 4.47000000e+02 1.00000000e+00 -1.27813127e+01
 4.48000000e+02 1.00000000e+00 -1.22685663e+01
 4.49000000e+02 1.00000000e+00 -1.17609655e+01
 4.50000000e+02 1.00000000e+00 -1.12590360e+01
 4.51000000e+02 1.00000000e+00 -1.07633031e+01
 4.52000000e+02 1.00000000e+00 -1.02742923e+01
 4.53000000e+02 1.00000000e+00 -9.79252915e+00
 4.54000000e+02 1.00000000e+00 -9.31853902e+00
 4.55000000e+02 1.00000000e+00 -8.85284741e+00
 4.56000000e+02 1.00000000e+00 -8.39597979e+00
 4.57000000e+02 1.00000000e+00 -7.94846164e+00
 4.58000000e+02 1.00000000e+00 -7.51081841e+00
 4.59000000e+02 1.00000000e+00 -7.08357559e+00
 4.60000000e+02 1.00000000e+00 -6.66725864e+00
 4.61000000e+02 1.00000000e+00 -6.26239302e+00
 4.62000000e+02 1.00000000e+00 -5.86950422e+00
 4.63000000e+02 1.00000000e+00 -5.48911769e+00
 4.64000000e+02 1.00000000e+00 -5.12175890e+00
 4.65000000e+02 1.00000000e+00 -4.76795333e+00
 4.66000000e+02 1.00000000e+00 -4.03308609e+00
 4.67000000e+02 1.00000000e+00 -3.70740150e+00
 4.68000000e+02 1.00000000e+00 -3.39552187e+00
 4.69000000e+02 1.00000000e+00 -3.09717787e+00
 4.70000000e+02 1.00000000e+00 -2.81210017e+00
 4.71000000e+02 1.00000000e+00 -2.54001944e+00
 4.72000000e+02 1.00000000e+00 -2.28066636e+00
 4.73000000e+02 1.00000000e+00 -2.03377160e+00
 4.74000000e+02 1.00000000e+00 -1.79906582e+00
 4.75000000e+02 1.00000000e+00 -1.57627969e+00
 4.76000000e+02 1.00000000e+00 -1.36514390e+00
 4.77000000e+02 1.00000000e+00 -1.16538911e+00
 4.78000000e+02 1.00000000e+00 -9.76745988e-01
 4.79000000e+02 1.00000000e+00 -7.98945209e-01
 4.80000000e+02 1.00000000e+00 -6.31717444e-01
 4.81000000e+02 1.00000000e+00 -4.74793364e-01
 4.82000000e+02 1.00000000e+00 -3.27903639e-01
 4.83000000e+02 1.00000000e+00 -1.90778942e-01
 4.84000000e+02 1.00000000e+00 -6.31499428e-02
 4.85000000e+02 1.00000000e+00 5.52526866e-02
 4.86000000e+02 1.00000000e+00 1.64698275e-01
 4.87000000e+02 1.00000000e+00 2.65456152e-01
 4.88000000e+02 1.00000000e+00 3.57795646e-01
 4.89000000e+02 1.00000000e+00 4.41986086e-01
 4.90000000e+02 1.00000000e+00 5.18296800e-01
 4.91000000e+02 1.00000000e+00 5.86997117e-01
 4.92000000e+02 1.00000000e+00 6.48356367e-01
 4.93000000e+02 1.00000000e+00 7.02643878e-01
 4.94000000e+02 1.00000000e+00 7.50128978e-01
 4.95000000e+02 1.00000000e+00 7.91080998e-01
 4.96000000e+02 1.00000000e+00 8.25769264e-01
 4.97000000e+02 1.00000000e+00 8.54463108e-01
 4.98000000e+02 1.00000000e+00 8.77431856e-01
 4.99000000e+02 1.00000000e+00 8.94944838e-01
 5.00000000e+02 1.00000000e+00 9.07271383e-01
 5.01000000e+02 1.00000000e+00 9.14680819e-01
 5.02000000e+02 1.00000000e+00 9.17442476e-01
 5.03000000e+02 1.00000000e+00 9.15825682e-01
 5.04000000e+02 1.00000000e+00 9.10099766e-01
 5.05000000e+02 1.00000000e+00 9.00534057e-01
 5.06000000e+02 1.00000000e+00 8.87397884e-01
 5.07000000e+02 1.00000000e+00 8.70960575e-01
 5.08000000e+02 1.00000000e+00 8.51491460e-01
 5.09000000e+02 1.00000000e+00 8.29259866e-01
 5.10000000e+02 1.00000000e+00 8.04535124e-01
 5.11000000e+02 1.00000000e+00 7.77586561e-01
 5.12000000e+02 1.00000000e+00 7.48683507e-01
 5.13000000e+02 1.00000000e+00 7.18095291e-01
 5.14000000e+02 1.00000000e+00 6.86091240e-01
 5.15000000e+02 1.00000000e+00 6.52940685e-01
 5.16000000e+02 1.00000000e+00 6.18912954e-01
 5.17000000e+02 1.00000000e+00 5.84277375e-01
 5.18000000e+02 1.00000000e+00 5.49303278e-01
 5.19000000e+02 1.00000000e+00 5.14259991e-01
 5.20000000e+02 1.00000000e+00 4.79416843e-01
 5.21000000e+02 1.00000000e+00 4.45043163e-01
 5.22000000e+02 1.00000000e+00 4.11408280e-01
 5.23000000e+02 1.00000000e+00 3.78781522e-01
 5.24000000e+02 1.00000000e+00 3.30881757e-01
 5.25000000e+02 1.00000000e+00 3.00841385e-01
 5.26000000e+02 1.00000000e+00 2.72106323e-01
 5.27000000e+02 1.00000000e+00 2.44654013e-01
 5.28000000e+02 1.00000000e+00 2.18461897e-01
 5.29000000e+02 1.00000000e+00 1.93507418e-01
 5.30000000e+02 1.00000000e+00 1.69768016e-01
 5.31000000e+02 1.00000000e+00 1.47221135e-01
 5.32000000e+02 1.00000000e+00 1.25844216e-01
 5.33000000e+02 1.00000000e+00 1.05614701e-01
 5.34000000e+02 1.00000000e+00 8.65100320e-02
 5.35000000e+02 1.00000000e+00 6.85076512e-02
 5.36000000e+02 1.00000000e+00 5.15850006e-02
 5.37000000e+02 1.00000000e+00 3.57195220e-02
 5.38000000e+02 1.00000000e+00 2.08886575e-02
 5.39000000e+02 1.00000000e+00 7.06984905e-03
 5.40000000e+02 1.00000000e+00 -5.75946131e-03
 5.41000000e+02 1.00000000e+00 -1.76218316e-02
 5.42000000e+02 1.00000000e+00 -2.85398199e-02
 5.43000000e+02 1.00000000e+00 -3.85359841e-02
 5.44000000e+02 1.00000000e+00 -4.76328823e-02
 5.45000000e+02 1.00000000e+00 -5.58530724e-02
 5.46000000e+02 1.00000000e+00 -6.32191126e-02
 5.47000000e+02 1.00000000e+00 -6.97535607e-02
 5.48000000e+02 1.00000000e+00 -7.54789749e-02
 5.49000000e+02 1.00000000e+00 -8.04179130e-02
 5.50000000e+02 1.00000000e+00 -8.45929332e-02
 5.51000000e+02 1.00000000e+00 -8.80265934e-02
 5.52000000e+02 1.00000000e+00 -9.07414517e-02
 5.53000000e+02 1.00000000e+00 -9.27600660e-02
 5.54000000e+02 1.00000000e+00 -9.41049944e-02
 5.55000000e+02 1.00000000e+00 -9.47987948e-02
 5.56000000e+02 1.00000000e+00 -9.48640254e-02
 5.57000000e+02 1.00000000e+00 -9.43232440e-02
 5.58000000e+02 1.00000000e+00 -9.31990087e-02
 5.59000000e+02 1.00000000e+00 -9.15138775e-02
 5.60000000e+02 1.00000000e+00 -8.92904084e-02
 5.61000000e+02 1.00000000e+00 -8.65511595e-02
 5.62000000e+02 1.00000000e+00 -8.33186886e-02
 5.63000000e+02 1.00000000e+00 -7.96155540e-02
 5.64000000e+02 1.00000000e+00 -7.54643134e-02
 5.65000000e+02 1.00000000e+00 -7.08875251e-02
 5.66000000e+02 1.00000000e+00 -6.59077469e-02
 5.67000000e+02 1.00000000e+00 -6.05475368e-02
 5.68000000e+02 1.00000000e+00 -5.48294530e-02
 5.69000000e+02 1.00000000e+00 -4.87760534e-02
 5.70000000e+02 1.00000000e+00 -4.24098959e-02
 5.71000000e+02 1.00000000e+00 -3.57535387e-02
 5.72000000e+02 1.00000000e+00 -2.88295397e-02
 5.73000000e+02 1.00000000e+00 -2.16604569e-02
 5.74000000e+02 1.00000000e+00 -1.42688484e-02
 5.75000000e+02 1.00000000e+00 -6.67727214e-03
 5.76000000e+02 1.00000000e+00 1.09171387e-03
 5.77000000e+02 1.00000000e+00 9.01555162e-03
 5.78000000e+02 1.00000000e+00 1.70716831e-02
 5.79000000e+02 1.00000000e+00 2.52375503e-02
 5.80000000e+02 1.00000000e+00 3.34905952e-02
 5.81000000e+02 1.00000000e+00 4.18082598e-02
 5.82000000e+02 1.00000000e+00 -2.84197815e-02
 5.83000000e+02 1.00000000e+00 -2.00201553e-02
 5.84000000e+02 1.00000000e+00 -1.15822306e-02
 5.85000000e+02 1.00000000e+00 -3.10600921e-03
 5.86000000e+02 1.00000000e+00 5.40850700e-03
 5.87000000e+02 1.00000000e+00 1.39613161e-02
 5.88000000e+02 1.00000000e+00 2.25524163e-02
 5.89000000e+02 1.00000000e+00 3.11818056e-02
 5.90000000e+02 1.00000000e+00 3.98494821e-02
 5.91000000e+02 1.00000000e+00 4.85554441e-02
 5.92000000e+02 1.00000000e+00 5.72996895e-02
 5.93000000e+02 1.00000000e+00 6.60822166e-02
 5.94000000e+02 1.00000000e+00 7.49030233e-02
 5.95000000e+02 1.00000000e+00 8.37621079e-02
 5.96000000e+02 1.00000000e+00 9.26594685e-02
 5.97000000e+02 1.00000000e+00 1.01595103e-01
 5.98000000e+02 1.00000000e+00 1.10569010e-01
 5.99000000e+02 1.00000000e+00 1.19581187e-01
 6.00000000e+02 1.00000000e+00 1.28631633e-01
 6.01000000e+02 1.00000000e+00 1.37720345e-01
 6.02000000e+02 1.00000000e+00 1.46847321e-01
 6.03000000e+02 1.00000000e+00 1.56012561e-01
 6.04000000e+02 1.00000000e+00 1.65216061e-01
 6.05000000e+02 1.00000000e+00 1.74457820e-01
 6.06000000e+02 1.00000000e+00 1.83737837e-01
 6.07000000e+02 1.00000000e+00 1.93056108e-01
 6.08000000e+02 1.00000000e+00 2.02412633e-01
 6.09000000e+02 1.00000000e+00 2.11807410e-01
 6.10000000e+02 1.00000000e+00 2.21240436e-01
 6.11000000e+02 1.00000000e+00 2.30711709e-01
 6.12000000e+02 1.00000000e+00 2.40221229e-01
 6.13000000e+02 1.00000000e+00 2.49768992e-01
 6.14000000e+02 1.00000000e+00 2.59354997e-01
 6.15000000e+02 1.00000000e+00 2.68979243e-01
 6.16000000e+02 1.00000000e+00 2.78641726e-01
 6.17000000e+02 1.00000000e+00 2.88342447e-01
 6.18000000e+02 1.00000000e+00 2.98081401e-01
 6.19000000e+02 1.00000000e+00 3.07858588e-01
 6.20000000e+02 1.00000000e+00 3.17674006e-01
 6.21000000e+02 1.00000000e+00 3.27527653e-01
 6.22000000e+02 1.00000000e+00 3.37419527e-01
 6.23000000e+02 1.00000000e+00 3.47349625e-01
 6.24000000e+02 1.00000000e+00 3.57317947e-01
 6.25000000e+02 1.00000000e+00 3.67324490e-01
 6.26000000e+02 1.00000000e+00 3.77369253e-01
 6.27000000e+02 1.00000000e+00 3.87452233e-01
 6.28000000e+02 1.00000000e+00 3.97573429e-01
 6.29000000e+02 1.00000000e+00 4.07732838e-01
 6.30000000e+02 1.00000000e+00 4.17930459e-01
 6.31000000e+02 1.00000000e+00 4.28166291e-01
 6.32000000e+02 1.00000000e+00 4.38440330e-01
 6.33000000e+02 1.00000000e+00 4.48752576e-01
 6.34000000e+02 1.00000000e+00 4.59103026e-01
 6.35000000e+02 1.00000000e+00 4.69491678e-01
 6.36000000e+02 1.00000000e+00 4.79918531e-01
 6.37000000e+02 1.00000000e+00 4.90383582e-01
 6.38000000e+02 1.00000000e+00 5.00886831e-01
 6.39000000e+02 1.00000000e+00 5.11428274e-01
 6.40000000e+02 1.00000000e+00 4.70620620e-01
 6.41000000e+02 1.00000000e+00 4.81254323e-01
 6.42000000e+02 1.00000000e+00 4.91954284e-01
 6.43000000e+02 1.00000000e+00 5.02735145e-01
 6.44000000e+02 1.00000000e+00 5.13611547e-01
 6.45000000e+02 1.00000000e+00 5.24598132e-01
 6.46000000e+02 1.00000000e+00 5.35709544e-01
 6.47000000e+02 1.00000000e+00 5.46960423e-01
 6.48000000e+02 1.00000000e+00 5.58365413e-01
 6.49000000e+02 1.00000000e+00 5.69939156e-01
 6.50000000e+02 1.00000000e+00 5.81696293e-01
 6.51000000e+02 1.00000000e+00 5.93651467e-01
 6.52000000e+02 1.00000000e+00 6.05819320e-01
 6.53000000e+02 1.00000000e+00 6.18214494e-01
 6.54000000e+02 1.00000000e+00 6.30851632e-01
 6.55000000e+02 1.00000000e+00 6.43745376e-01
 6.56000000e+02 1.00000000e+00 6.56910368e-01
 6.57000000e+02 1.00000000e+00 6.70361249e-01
 6.58000000e+02 1.00000000e+00 6.84112664e-01
 6.59000000e+02 1.00000000e+00 6.98179252e-01
 6.60000000e+02 1.00000000e+00 7.12575658e-01
 6.61000000e+02 1.00000000e+00 7.27316522e-01
 6.62000000e+02 1.00000000e+00 7.42416487e-01
 6.63000000e+02 1.00000000e+00 7.57890196e-01
 6.64000000e+02 1.00000000e+00 7.73752290e-01
 6.65000000e+02 1.00000000e+00 7.90017412e-01
 6.66000000e+02 1.00000000e+00 8.06700204e-01
 6.67000000e+02 1.00000000e+00 8.23815308e-01
 6.68000000e+02 1.00000000e+00 8.41377367e-01
 6.69000000e+02 1.00000000e+00 8.59401022e-01
 6.70000000e+02 1.00000000e+00 8.77900916e-01
 6.71000000e+02 1.00000000e+00 8.96891690e-01
 6.72000000e+02 1.00000000e+00 9.16387988e-01
 6.73000000e+02 1.00000000e+00 9.36404452e-01
 6.74000000e+02 1.00000000e+00 9.56955722e-01
 6.75000000e+02 1.00000000e+00 9.78056443e-01
 6.76000000e+02 1.00000000e+00 9.99721255e-01
 6.77000000e+02 1.00000000e+00 1.02196480e+00
 6.78000000e+02 1.00000000e+00 1.04480173e+00
 6.79000000e+02 1.00000000e+00 1.06824667e+00
 6.80000000e+02 1.00000000e+00 1.09231427e+00
 6.81000000e+02 1.00000000e+00 1.11701917e+00
 6.82000000e+02 1.00000000e+00 1.14237602e+00
 6.83000000e+02 1.00000000e+00 1.16839946e+00
 6.84000000e+02 1.00000000e+00 1.19510413e+00
 6.85000000e+02 1.00000000e+00 1.22250467e+00
 6.86000000e+02 1.00000000e+00 1.25061572e+00
 6.87000000e+02 1.00000000e+00 1.27945193e+00
 6.88000000e+02 1.00000000e+00 1.30902794e+00
 6.89000000e+02 1.00000000e+00 1.33935839e+00
 6.90000000e+02 1.00000000e+00 1.37045792e+00
 6.91000000e+02 1.00000000e+00 1.40234117e+00
 6.92000000e+02 1.00000000e+00 1.43502280e+00
 6.93000000e+02 1.00000000e+00 1.46851743e+00
 6.94000000e+02 1.00000000e+00 1.50283971e+00
 6.95000000e+02 1.00000000e+00 1.53800429e+00
 6.96000000e+02 1.00000000e+00 1.57402581e+00
 6.97000000e+02 1.00000000e+00 1.61091890e+00
