 1.00000000e+00 1.60000000e+01 -1.67940589e+01
 2.00000000e+00 1.60000000e+01 -1.63618667e+01
 3.00000000e+00 1.60000000e+01 -1.59303579e+01
 4.00000000e+00 1.60000000e+01 -1.54995394e+01
 5.00000000e+00 1.60000000e+01 -1.50694179e+01
 6.00000000e+00 1.60000000e+01 -1.46400002e+01
 7.00000000e+00 1.60000000e+01 -1.42112931e+01
 8.00000000e+00 1.60000000e+01 -1.37833034e+01
 9.00000000e+00 1.60000000e+01 -1.33560379e+01
 1.00000000e+01 1.60000000e+01 -1.29295033e+01
 1.10000000e+01 1.60000000e+01 -1.25037065e+01
 1.20000000e+01 1.60000000e+01 -1.20786542e+01
 1.30000000e+01 1.60000000e+01 -1.16543532e+01
 1.40000000e+01 1.60000000e+01 -1.12308104e+01
 1.50000000e+01 1.60000000e+01 -1.08080325e+01
 1.60000000e+01 1.60000000e+01 -1.03860262e+01
 1.70000000e+01 1.60000000e+01 -9.96479845e+00
 1.80000000e+01 1.60000000e+01 -9.54435595e+00
 1.90000000e+01 1.60000000e+01 -9.12470551e+00
 2.00000000e+01 1.60000000e+01 -8.70585391e+00
 2.10000000e+01 1.60000000e+01 -8.28780795e+00
 2.20000000e+01 1.60000000e+01 -7.87057440e+00
 2.30000000e+01 1.60000000e+01 -7.45416006e+00
 2.40000000e+01 1.60000000e+01 -7.03857172e+00
 2.50000000e+01 1.60000000e+01 -6.62381617e+00
 2.60000000e+01 1.60000000e+01 -6.20990018e+00
 2.70000000e+01 1.60000000e+01 -5.79683056e+00
 2.80000000e+01 1.60000000e+01 -5.38461408e+00
 2.90000000e+01 1.60000000e+01 -4.97325755e+00
 3.00000000e+01 1.60000000e+01 -4.56276773e+00
 3.10000000e+01 1.60000000e+01 -4.15315143e+00
 3.20000000e+01 1.60000000e+01 -3.74441544e+00
 3.30000000e+01 1.60000000e+01 -3.33656653e+00
 3.40000000e+01 1.60000000e+01 -2.92961149e+00
 3.50000000e+01 1.60000000e+01 -2.52355713e+00
 3.60000000e+01 1.60000000e+01 -2.11841022e+00
 3.70000000e+01 1.60000000e+01 -1.71417755e+00
 3.80000000e+01 1.60000000e+01 -1.31086590e+00
 3.90000000e+01 1.60000000e+01 -9.08482082e-01
 4.00000000e+01 1.60000000e+01 -5.07032865e-01
 4.10000000e+01 1.60000000e+01 -1.06525042e-01
 4.20000000e+01 1.60000000e+01 2.93034598e-01
 4.30000000e+01 1.60000000e+01 6.91639268e-01
 4.40000000e+01 1.60000000e+01 1.08928218e+00
 4.50000000e+01 1.60000000e+01 1.48595654e+00
 4.60000000e+01 1.60000000e+01 1.88165557e+00
 4.70000000e+01 1.60000000e+01 2.27637248e+00
 4.80000000e+01 1.60000000e+01 2.67010048e+00
 4.90000000e+01 1.60000000e+01 3.06283277e+00
 5.00000000e+01 1.60000000e+01 3.45456258e+00
 5.10000000e+01 1.60000000e+01 3.84528312e+00
 5.20000000e+01 1.60000000e+01 4.23498759e+00
 5.30000000e+01 1.60000000e+01 4.62366921e+00
 5.40000000e+01 1.60000000e+01 5.01132118e+00
 5.50000000e+01 1.60000000e+01 5.39793674e+00
 5.60000000e+01 1.60000000e+01 5.78350907e+00
 5.70000000e+01 1.60000000e+01 6.16803140e+00
 5.80000000e+01 1.60000000e+01 6.55149694e+00
 5.90000000e+01 1.60000000e+01 6.93389890e+00
 6.00000000e+01 1.60000000e+01 7.31523049e+00
 6.10000000e+01 1.60000000e+01 7.69548493e+00
 6.20000000e+01 1.60000000e+01 8.07465542e+00
 6.30000000e+01 1.60000000e+01 8.45273517e+00
 6.40000000e+01 1.60000000e+01 8.82971741e+00
 6.50000000e+01 1.60000000e+01 9.20559534e+00
 6.60000000e+01 1.60000000e+01 9.58036217e+00
 6.70000000e+01 1.60000000e+01 9.95401111e+00
 6.80000000e+01 1.60000000e+01 1.03265354e+01
 6.90000000e+01 1.60000000e+01 1.06979282e+01
 7.00000000e+01 1.60000000e+01 1.10681828e+01
 7.10000000e+01 1.60000000e+01 1.14372923e+01
 7.20000000e+01 1.60000000e+01 1.18052500e+01
 7.30000000e+01 1.60000000e+01 1.21720491e+01
 7.40000000e+01 1.60000000e+01 1.25376827e+01
 7.50000000e+01 1.60000000e+01 1.29021442e+01
 7.60000000e+01 1.60000000e+01 1.32654268e+01
 7.70000000e+01 1.60000000e+01 1.36275235e+01
 7.80000000e+01 1.60000000e+01 1.39884277e+01
 7.90000000e+01 1.60000000e+01 1.43481325e+01
 8.00000000e+01 1.60000000e+01 1.47066313e+01
 8.10000000e+01 1.60000000e+01 1.50639171e+01
 8.20000000e+01 1.60000000e+01 1.54199832e+01
 8.30000000e+01 1.60000000e+01 1.57748228e+01
 8.40000000e+01 1.60000000e+01 1.61284291e+01
 8.50000000e+01 1.60000000e+01 1.64807953e+01
 8.60000000e+01 1.60000000e+01 1.68319147e+01
 8.70000000e+01 1.60000000e+01 1.71817804e+01
 8.80000000e+01 1.60000000e+01 1.75303857e+01
 8.90000000e+01 1.60000000e+01 1.78777238e+01
 9.00000000e+01 1.60000000e+01 1.82237879e+01
 9.10000000e+01 1.60000000e+01 1.85685712e+01
 9.20000000e+01 1.60000000e+01 1.89120668e+01
 9.30000000e+01 1.60000000e+01 1.92542681e+01
 9.40000000e+01 1.60000000e+01 1.95951683e+01
 9.50000000e+01 1.60000000e+01 1.99347605e+01
 9.60000000e+01 1.60000000e+01 2.02730379e+01
 9.70000000e+01 1.60000000e+01 2.06099938e+01
 9.80000000e+01 1.60000000e+01 2.09456214e+01
 9.90000000e+01 1.60000000e+01 2.12799139e+01
 1.00000000e+02 1.60000000e+01 2.16128645e+01
 1.01000000e+02 1.60000000e+01 2.19444665e+01
 1.02000000e+02 1.60000000e+01 2.22747129e+01
 1.03000000e+02 1.60000000e+01 2.26035971e+01
 1.04000000e+02 1.60000000e+01 2.29311123e+01
 1.05000000e+02 1.60000000e+01 2.32572516e+01
 1.06000000e+02 1.60000000e+01 2.35820083e+01
 1.07000000e+02 1.60000000e+01 2.39053756e+01
 1.08000000e+02 1.60000000e+01 2.42273467e+01
 1.09000000e+02 1.60000000e+01 2.45479148e+01
 1.10000000e+02 1.60000000e+01 2.48670731e+01
 1.11000000e+02 1.60000000e+01 2.51848149e+01
 1.12000000e+02 1.60000000e+01 2.55011333e+01
 1.13000000e+02 1.60000000e+01 2.58160216e+01
 1.14000000e+02 1.60000000e+01 2.61294729e+01
 1.15000000e+02 1.60000000e+01 2.64414805e+01
 1.16000000e+02 1.60000000e+01 2.67520377e+01
 1.17000000e+02 1.60000000e+01 2.70611375e+01
 1.18000000e+02 1.60000000e+01 2.73687733e+01
 1.19000000e+02 1.60000000e+01 2.76749382e+01
 1.20000000e+02 1.60000000e+01 2.79796254e+01
 1.21000000e+02 1.60000000e+01 2.82828282e+01
 1.22000000e+02 1.60000000e+01 2.85845398e+01
 1.23000000e+02 1.60000000e+01 2.88847534e+01
 1.24000000e+02 1.60000000e+01 2.91834621e+01
 1.25000000e+02 1.60000000e+01 2.94806592e+01
 1.26000000e+02 1.60000000e+01 2.97763380e+01
 1.27000000e+02 1.60000000e+01 3.00704916e+01
 1.28000000e+02 1.60000000e+01 3.03631132e+01
 1.29000000e+02 1.60000000e+01 3.06541961e+01
 1.30000000e+02 1.60000000e+01 3.09437335e+01
 1.31000000e+02 1.60000000e+01 3.12317185e+01
 1.32000000e+02 1.60000000e+01 3.15181444e+01
 1.33000000e+02 1.60000000e+01 3.18030044e+01
 1.34000000e+02 1.60000000e+01 3.20862917e+01
 1.35000000e+02 1.60000000e+01 3.23679996e+01
 1.36000000e+02 1.60000000e+01 3.26481211e+01
 1.37000000e+02 1.60000000e+01 3.29266497e+01
 1.38000000e+02 1.60000000e+01 3.32035783e+01
 1.39000000e+02 1.60000000e+01 3.34789004e+01
 1.40000000e+02 1.60000000e+01 3.37526090e+01
 1.41000000e+02 1.60000000e+01 3.40246975e+01
 1.42000000e+02 1.60000000e+01 3.42951589e+01
 1.43000000e+02 1.60000000e+01 3.45639866e+01
 1.44000000e+02 1.60000000e+01 3.48311736e+01
 1.45000000e+02 1.60000000e+01 3.50967134e+01
 1.46000000e+02 1.60000000e+01 3.53605990e+01
 1.47000000e+02 1.60000000e+01 3.56228236e+01
 1.48000000e+02 1.60000000e+01 3.58833805e+01
 1.49000000e+02 1.60000000e+01 3.61422630e+01
 1.50000000e+02 1.60000000e+01 3.63994641e+01
 1.51000000e+02 1.60000000e+01 3.66549771e+01
 1.52000000e+02 1.60000000e+01 3.69087953e+01
 1.53000000e+02 1.60000000e+01 3.71609118e+01
 1.54000000e+02 1.60000000e+01 3.74113198e+01
 1.55000000e+02 1.60000000e+01 3.76600126e+01
 1.56000000e+02 1.60000000e+01 3.79069834e+01
 1.57000000e+02 1.60000000e+01 3.81522253e+01
 1.58000000e+02 1.60000000e+01 3.83957317e+01
 1.59000000e+02 1.60000000e+01 3.86374957e+01
 1.60000000e+02 1.60000000e+01 3.88775104e+01
 1.61000000e+02 1.60000000e+01 3.91157693e+01
 1.62000000e+02 1.60000000e+01 3.93522653e+01
 1.63000000e+02 1.60000000e+01 3.95869918e+01
 1.64000000e+02 1.60000000e+01 3.98199420e+01
 1.65000000e+02 1.60000000e+01 4.00511091e+01
 1.66000000e+02 1.60000000e+01 4.02804863e+01
 1.67000000e+02 1.60000000e+01 4.05080667e+01
 1.68000000e+02 1.60000000e+01 4.07338437e+01
 1.69000000e+02 1.60000000e+01 4.09578104e+01
 1.70000000e+02 1.60000000e+01 4.11799601e+01
 1.71000000e+02 1.60000000e+01 4.14002858e+01
 1.72000000e+02 1.60000000e+01 4.16187810e+01
 1.73000000e+02 1.60000000e+01 4.18354387e+01
 1.74000000e+02 1.60000000e+01 4.20502523e+01
 1.75000000e+02 1.60000000e+01 4.22632148e+01
 1.76000000e+02 1.60000000e+01 4.24743195e+01
 1.77000000e+02 1.60000000e+01 4.26835597e+01
 1.78000000e+02 1.60000000e+01 4.28909284e+01
 1.79000000e+02 1.60000000e+01 4.30964191e+01
 1.80000000e+02 1.60000000e+01 4.33000248e+01
 1.81000000e+02 1.60000000e+01 4.35017387e+01
 1.82000000e+02 1.60000000e+01 4.37015542e+01
 1.83000000e+02 1.60000000e+01 4.38994643e+01
 1.84000000e+02 1.60000000e+01 4.40954624e+01
 1.85000000e+02 1.60000000e+01 4.42895415e+01
 1.86000000e+02 1.60000000e+01 4.44816950e+01
 1.87000000e+02 1.60000000e+01 4.46719160e+01
 1.88000000e+02 1.60000000e+01 4.48601978e+01
 1.89000000e+02 1.60000000e+01 4.50465336e+01
 1.90000000e+02 1.60000000e+01 4.52309165e+01
 1.91000000e+02 1.60000000e+01 4.54133398e+01
 1.92000000e+02 1.60000000e+01 4.55937967e+01
 1.93000000e+02 1.60000000e+01 4.57722805e+01
 1.94000000e+02 1.60000000e+01 4.59487842e+01
 1.95000000e+02 1.60000000e+01 4.61233012e+01
 1.96000000e+02 1.60000000e+01 4.62958246e+01
 1.97000000e+02 1.60000000e+01 4.64663477e+01
 1.98000000e+02 1.60000000e+01 4.66348637e+01
 1.99000000e+02 1.60000000e+01 4.68013658e+01
 2.00000000e+02 1.60000000e+01 4.69658471e+01
 2.01000000e+02 1.60000000e+01 4.71283010e+01
 2.02000000e+02 1.60000000e+01 4.72887205e+01
 2.03000000e+02 1.60000000e+01 4.74470991e+01
 2.04000000e+02 1.60000000e+01 4.76034297e+01
 2.05000000e+02 1.60000000e+01 4.77577057e+01
 2.06000000e+02 1.60000000e+01 4.79099203e+01
 2.07000000e+02 1.60000000e+01 4.80600666e+01
 2.08000000e+02 1.60000000e+01 4.82081380e+01
 2.09000000e+02 1.60000000e+01 4.83541275e+01
 2.10000000e+02 1.60000000e+01 4.84980285e+01
 2.11000000e+02 1.60000000e+01 4.86398341e+01
 2.12000000e+02 1.60000000e+01 4.87795375e+01
 2.13000000e+02 1.60000000e+01 4.89171320e+01
 2.14000000e+02 1.60000000e+01 4.90526107e+01
 2.15000000e+02 1.60000000e+01 4.91859669e+01
 2.16000000e+02 1.60000000e+01 4.93171939e+01
 2.17000000e+02 1.60000000e+01 4.94462846e+01
 2.18000000e+02 1.60000000e+01 4.95732326e+01
 2.19000000e+02 1.60000000e+01 4.96980308e+01
 2.20000000e+02 1.60000000e+01 4.98206726e+01
 2.21000000e+02 1.60000000e+01 4.99411511e+01
 2.22000000e+02 1.60000000e+01 5.00594595e+01
 2.23000000e+02 1.60000000e+01 5.01755912e+01
 2.24000000e+02 1.60000000e+01 5.02895392e+01
 2.25000000e+02 1.60000000e+01 5.04012968e+01
 2.26000000e+02 1.60000000e+01 5.05108572e+01
 2.27000000e+02 1.60000000e+01 5.06182136e+01
 2.28000000e+02 1.60000000e+01 5.07233593e+01
 2.29000000e+02 1.60000000e+01 5.08262874e+01
 2.30000000e+02 1.60000000e+01 5.09269912e+01
 2.31000000e+02 1.60000000e+01 5.10254638e+01
 2.32000000e+02 1.60000000e+01 5.11216985e+01
 2.33000000e+02 1.60000000e+01 5.12156885e+01
 2.34000000e+02 1.60000000e+01 5.13074269e+01
 2.35000000e+02 1.60000000e+01 5.13969071e+01
 2.36000000e+02 1.60000000e+01 5.14841223e+01
 2.37000000e+02 1.60000000e+01 5.15690655e+01
 2.38000000e+02 1.60000000e+01 5.16517301e+01
 2.39000000e+02 1.60000000e+01 5.17321093e+01
 2.40000000e+02 1.60000000e+01 5.18101962e+01
 2.41000000e+02 1.60000000e+01 5.18859841e+01
 2.42000000e+02 1.60000000e+01 5.19594662e+01
 2.43000000e+02 1.60000000e+01 5.20306358e+01
 2.44000000e+02 1.60000000e+01 5.20994859e+01
 2.45000000e+02 1.60000000e+01 5.21660099e+01
 2.46000000e+02 1.60000000e+01 5.22302009e+01
 2.47000000e+02 1.60000000e+01 5.22920521e+01
 2.48000000e+02 1.60000000e+01 5.23515569e+01
 2.49000000e+02 1.60000000e+01 5.24087083e+01
 2.50000000e+02 1.60000000e+01 5.24634996e+01
 2.51000000e+02 1.60000000e+01 5.25159240e+01
 2.52000000e+02 1.60000000e+01 5.25659747e+01
 2.53000000e+02 1.60000000e+01 5.26136450e+01
 2.54000000e+02 1.60000000e+01 5.26589279e+01
 2.55000000e+02 1.60000000e+01 5.27018169e+01
 2.56000000e+02 1.60000000e+01 5.27423050e+01
 2.57000000e+02 1.60000000e+01 5.27803854e+01
 2.58000000e+02 1.60000000e+01 5.28160515e+01
 2.59000000e+02 1.60000000e+01 5.28492963e+01
 2.60000000e+02 1.60000000e+01 5.28801132e+01
 2.61000000e+02 1.60000000e+01 5.29084953e+01
 2.62000000e+02 1.60000000e+01 5.29344358e+01
 2.63000000e+02 1.60000000e+01 5.29579279e+01
 2.64000000e+02 1.60000000e+01 5.29789649e+01
 2.65000000e+02 1.60000000e+01 5.29975400e+01
 2.66000000e+02 1.60000000e+01 5.30136464e+01
 2.67000000e+02 1.60000000e+01 5.30260279e+01
 2.68000000e+02 1.60000000e+01 5.30372248e+01
 2.69000000e+02 1.60000000e+01 5.30460389e+01
 2.70000000e+02 1.60000000e+01 5.30525253e+01
 2.71000000e+02 1.60000000e+01 5.30567391e+01
 2.72000000e+02 1.60000000e+01 5.30587357e+01
 2.73000000e+02 1.60000000e+01 5.30585701e+01
 2.74000000e+02 1.60000000e+01 5.30562975e+01
 2.75000000e+02 1.60000000e+01 5.30519731e+01
 2.76000000e+02 1.60000000e+01 5.30456522e+01
 2.77000000e+02 1.60000000e+01 5.30373898e+01
 2.78000000e+02 1.60000000e+01 5.30272411e+01
 2.79000000e+02 1.60000000e+01 5.30152614e+01
 2.80000000e+02 1.60000000e+01 5.30015057e+01
 2.81000000e+02 1.60000000e+01 5.29860294e+01
 2.82000000e+02 1.60000000e+01 5.29688875e+01
 2.83000000e+02 1.60000000e+01 5.29501352e+01
 2.84000000e+02 1.60000000e+01 5.29298278e+01
 2.85000000e+02 1.60000000e+01 5.29080203e+01
 2.86000000e+02 1.60000000e+01 5.28847680e+01
 2.87000000e+02 1.60000000e+01 5.28601261e+01
 2.88000000e+02 1.60000000e+01 5.28341497e+01
 2.89000000e+02 1.60000000e+01 5.28068939e+01
 2.90000000e+02 1.60000000e+01 5.27784141e+01
 2.91000000e+02 1.60000000e+01 5.27487653e+01
 2.92000000e+02 1.60000000e+01 5.27180028e+01
 2.93000000e+02 1.60000000e+01 5.26861817e+01
 2.94000000e+02 1.60000000e+01 5.26533571e+01
 2.95000000e+02 1.60000000e+01 5.26195844e+01
 2.96000000e+02 1.60000000e+01 5.25849186e+01
 2.97000000e+02 1.60000000e+01 5.25494149e+01
 2.98000000e+02 1.60000000e+01 5.25131285e+01
 2.99000000e+02 1.60000000e+01 5.24761146e+01
 3.00000000e+02 1.60000000e+01 5.24384283e+01
 3.01000000e+02 1.60000000e+01 5.24001249e+01
 3.02000000e+02 1.60000000e+01 5.23612596e+01
 3.03000000e+02 1.60000000e+01 5.23218874e+01
 3.04000000e+02 1.60000000e+01 5.22820635e+01
 3.05000000e+02 1.60000000e+01 5.22112257e+01
 3.06000000e+02 1.60000000e+01 5.21706422e+01
 3.07000000e+02 1.60000000e+01 5.21297086e+01
 3.08000000e+02 1.60000000e+01 5.20884352e+01
 3.09000000e+02 1.60000000e+01 5.20468324e+01
 3.10000000e+02 1.60000000e+01 5.20049106e+01
 3.11000000e+02 1.60000000e+01 5.19626801e+01
 3.12000000e+02 1.60000000e+01 5.19201513e+01
 3.13000000e+02 1.60000000e+01 5.18773345e+01
 3.14000000e+02 1.60000000e+01 5.18342401e+01
 3.15000000e+02 1.60000000e+01 5.17908785e+01
 3.16000000e+02 1.60000000e+01 5.17472600e+01
 3.17000000e+02 1.60000000e+01 5.17033949e+01
 3.18000000e+02 1.60000000e+01 5.16592937e+01
 3.19000000e+02 1.60000000e+01 5.16149667e+01
 3.20000000e+02 1.60000000e+01 5.15704242e+01
 3.21000000e+02 1.60000000e+01 5.15256767e+01
 3.22000000e+02 1.60000000e+01 5.14807344e+01
 3.23000000e+02 1.60000000e+01 5.14356078e+01
 3.24000000e+02 1.60000000e+01 5.13903071e+01
 3.25000000e+02 1.60000000e+01 5.13448428e+01
 3.26000000e+02 1.60000000e+01 5.12992252e+01
 3.27000000e+02 1.60000000e+01 5.12534647e+01
 3.28000000e+02 1.60000000e+01 5.12075716e+01
 3.29000000e+02 1.60000000e+01 5.11615563e+01
 3.30000000e+02 1.60000000e+01 5.11154292e+01
 3.31000000e+02 1.60000000e+01 5.10692006e+01
 3.32000000e+02 1.60000000e+01 5.10228808e+01
 3.33000000e+02 1.60000000e+01 5.09764802e+01
 3.34000000e+02 1.60000000e+01 5.09300093e+01
 3.35000000e+02 1.60000000e+01 5.08834783e+01
 3.36000000e+02 1.60000000e+01 5.08368976e+01
 3.37000000e+02 1.60000000e+01 5.07902775e+01
 3.38000000e+02 1.60000000e+01 5.07436285e+01
 3.39000000e+02 1.60000000e+01 5.06969609e+01
 3.40000000e+02 1.60000000e+01 5.06502850e+01
 3.41000000e+02 1.60000000e+01 5.06036112e+01
 3.42000000e+02 1.60000000e+01 5.05569499e+01
 3.43000000e+02 1.60000000e+01 5.05839195e+01
 3.44000000e+02 1.60000000e+01 5.05373126e+01
 3.45000000e+02 1.60000000e+01 5.04907398e+01
 3.46000000e+02 1.60000000e+01 5.04442036e+01
 3.47000000e+02 1.60000000e+01 5.03977060e+01
 3.48000000e+02 1.60000000e+01 5.03512494e+01
 3.49000000e+02 1.60000000e+01 5.03048360e+01
 3.50000000e+02 1.60000000e+01 5.02584680e+01
 3.51000000e+02 1.60000000e+01 5.02121477e+01
 3.52000000e+02 1.60000000e+01 5.01658772e+01
 3.53000000e+02 1.60000000e+01 5.01196588e+01
 3.54000000e+02 1.60000000e+01 5.00734947e+01
 3.55000000e+02 1.60000000e+01 5.00273872e+01
 3.56000000e+02 1.60000000e+01 4.99813386e+01
 3.57000000e+02 1.60000000e+01 4.99353509e+01
 3.58000000e+02 1.60000000e+01 4.98894265e+01
 3.59000000e+02 1.60000000e+01 4.98435676e+01
 3.60000000e+02 1.60000000e+01 4.97977764e+01
 3.61000000e+02 1.60000000e+01 4.97520552e+01
 3.62000000e+02 1.60000000e+01 4.97064062e+01
 3.63000000e+02 1.60000000e+01 4.96608315e+01
 3.64000000e+02 1.60000000e+01 4.96153336e+01
 3.65000000e+02 1.60000000e+01 4.95699145e+01
 3.66000000e+02 1.60000000e+01 4.95245765e+01
 3.67000000e+02 1.60000000e+01 4.94793219e+01
 3.68000000e+02 1.60000000e+01 4.94341528e+01
 3.69000000e+02 1.60000000e+01 4.93890715e+01
 3.70000000e+02 1.60000000e+01 4.93440803e+01
 3.71000000e+02 1.60000000e+01 4.92991814e+01
 3.72000000e+02 1.60000000e+01 4.92543769e+01
 3.73000000e+02 1.60000000e+01 4.92096692e+01
 3.74000000e+02 1.60000000e+01 4.91650604e+01
 3.75000000e+02 1.60000000e+01 4.91205529e+01
 3.76000000e+02 1.60000000e+01 4.90761487e+01
 3.77000000e+02 1.60000000e+01 4.90318503e+01
 3.78000000e+02 1.60000000e+01 4.89876597e+01
 3.79000000e+02 1.60000000e+01 4.89435792e+01
 3.80000000e+02 1.60000000e+01 4.88996111e+01
 3.81000000e+02 1.60000000e+01 4.88557575e+01
 3.82000000e+02 1.60000000e+01 4.87531952e+01
 3.83000000e+02 1.60000000e+01 4.87095016e+01
 3.84000000e+02 1.60000000e+01 4.86657830e+01
 3.85000000e+02 1.60000000e+01 4.86219627e+01
 3.86000000e+02 1.60000000e+01 4.85779644e+01
 3.87000000e+02 1.60000000e+01 4.85337115e+01
 3.88000000e+02 1.60000000e+01 4.84891274e+01
 3.89000000e+02 1.60000000e+01 4.84441355e+01
 3.90000000e+02 1.60000000e+01 4.83986594e+01
 3.91000000e+02 1.60000000e+01 4.83526225e+01
 3.92000000e+02 1.60000000e+01 4.83059482e+01
 3.93000000e+02 1.60000000e+01 4.82585601e+01
 3.94000000e+02 1.60000000e+01 4.82103816e+01
 3.95000000e+02 1.60000000e+01 4.81613360e+01
 3.96000000e+02 1.60000000e+01 4.81113470e+01
 3.97000000e+02 1.60000000e+01 4.80603379e+01
 3.98000000e+02 1.60000000e+01 4.80082323e+01
 3.99000000e+02 1.60000000e+01 4.79549535e+01
 4.00000000e+02 1.60000000e+01 4.79004250e+01
 4.01000000e+02 1.60000000e+01 4.78445703e+01
 4.02000000e+02 1.60000000e+01 4.77873129e+01
 4.03000000e+02 1.60000000e+01 4.77285762e+01
 4.04000000e+02 1.60000000e+01 4.76682836e+01
 4.05000000e+02 1.60000000e+01 4.76063587e+01
 4.06000000e+02 1.60000000e+01 4.75427248e+01
 4.07000000e+02 1.60000000e+01 4.74773055e+01
 4.08000000e+02 1.60000000e+01 4.74100242e+01
 4.09000000e+02 1.60000000e+01 4.73408044e+01
 4.10000000e+02 1.60000000e+01 4.72695694e+01
 4.11000000e+02 1.60000000e+01 4.71962429e+01
 4.12000000e+02 1.60000000e+01 4.71207482e+01
 4.13000000e+02 1.60000000e+01 4.70430088e+01
 4.14000000e+02 1.60000000e+01 4.69629481e+01
 4.15000000e+02 1.60000000e+01 4.68804897e+01
 4.16000000e+02 1.60000000e+01 4.67955569e+01
 4.17000000e+02 1.60000000e+01 4.67080733e+01
 4.18000000e+02 1.60000000e+01 4.66179623e+01
 4.19000000e+02 1.60000000e+01 4.65251473e+01
 4.20000000e+02 1.60000000e+01 4.64802620e+01
 4.21000000e+02 1.60000000e+01 4.63818482e+01
 4.22000000e+02 1.60000000e+01 4.62805963e+01
 4.23000000e+02 1.60000000e+01 4.61764902e+01
 4.24000000e+02 1.60000000e+01 4.60695140e+01
 4.25000000e+02 1.60000000e+01 4.59596520e+01
 4.26000000e+02 1.60000000e+01 4.58468883e+01
 4.27000000e+02 1.60000000e+01 4.57312068e+01
 4.28000000e+02 1.60000000e+01 4.56125919e+01
 4.29000000e+02 1.60000000e+01 4.54910275e+01
 4.30000000e+02 1.60000000e+01 4.53664979e+01
 4.31000000e+02 1.60000000e+01 4.52389870e+01
 4.32000000e+02 1.60000000e+01 4.51084792e+01
 4.33000000e+02 1.60000000e+01 4.49749584e+01
 4.34000000e+02 1.60000000e+01 4.48384087e+01
 4.35000000e+02 1.60000000e+01 4.46988144e+01
 4.36000000e+02 1.60000000e+01 4.45561596e+01
 4.37000000e+02 1.60000000e+01 4.44104282e+01
 4.38000000e+02 1.60000000e+01 4.42616046e+01
 4.39000000e+02 1.60000000e+01 4.41096727e+01
 4.40000000e+02 1.60000000e+01 4.39546167e+01
 4.41000000e+02 1.60000000e+01 4.37964208e+01
 4.42000000e+02 1.60000000e+01 4.36350690e+01
 4.43000000e+02 1.60000000e+01 4.34705455e+01
 4.44000000e+02 1.60000000e+01 4.33028343e+01
 4.45000000e+02 1.60000000e+01 4.31319197e+01
 4.46000000e+02 1.60000000e+01 4.29577857e+01
 4.47000000e+02 1.60000000e+01 4.27804164e+01
 4.48000000e+02 1.60000000e+01 4.25997960e+01
 4.49000000e+02 1.60000000e+01 4.24159086e+01
 4.50000000e+02 1.60000000e+01 4.22287383e+01
 4.51000000e+02 1.60000000e+01 4.20382692e+01
 4.52000000e+02 1.60000000e+01 4.18444855e+01
 4.53000000e+02 1.60000000e+01 4.16473712e+01
 4.54000000e+02 1.60000000e+01 4.14469105e+01
 4.55000000e+02 1.60000000e+01 4.12430875e+01
 4.56000000e+02 1.60000000e+01 4.10358864e+01
 4.57000000e+02 1.60000000e+01 4.08252911e+01
 4.58000000e+02 1.60000000e+01 4.04872470e+01
 4.59000000e+02 1.60000000e+01 4.02698813e+01
 4.60000000e+02 1.60000000e+01 4.00493175e+01
 4.61000000e+02 1.60000000e+01 3.98257292e+01
 4.62000000e+02 1.60000000e+01 3.95992901e+01
 4.63000000e+02 1.60000000e+01 3.93701736e+01
 4.64000000e+02 1.60000000e+01 3.91385534e+01
 4.65000000e+02 1.60000000e+01 3.89046032e+01
 4.66000000e+02 1.60000000e+01 3.86684964e+01
 4.67000000e+02 1.60000000e+01 3.84304068e+01
 4.68000000e+02 1.60000000e+01 3.81905078e+01
 4.69000000e+02 1.60000000e+01 3.79489732e+01
 4.70000000e+02 1.60000000e+01 3.77059764e+01
 4.71000000e+02 1.60000000e+01 3.74616911e+01
 4.72000000e+02 1.60000000e+01 3.72162909e+01
 4.73000000e+02 1.60000000e+01 3.69699494e+01
 4.74000000e+02 1.60000000e+01 3.67228402e+01
 4.75000000e+02 1.60000000e+01 3.64751369e+01
 4.76000000e+02 1.60000000e+01 3.62270130e+01
 4.77000000e+02 1.60000000e+01 3.59786423e+01
 4.78000000e+02 1.60000000e+01 3.57301982e+01
 4.79000000e+02 1.60000000e+01 3.54818543e+01
 4.80000000e+02 1.60000000e+01 3.52337844e+01
 4.81000000e+02 1.60000000e+01 3.49861619e+01
 4.82000000e+02 1.60000000e+01 3.47391605e+01
 4.83000000e+02 1.60000000e+01 3.44929537e+01
 4.84000000e+02 1.60000000e+01 3.42477152e+01
 4.85000000e+02 1.60000000e+01 3.40036185e+01
 4.86000000e+02 1.60000000e+01 3.37608374e+01
 4.87000000e+02 1.60000000e+01 3.35195452e+01
 4.88000000e+02 1.60000000e+01 3.32799157e+01
 4.89000000e+02 1.60000000e+01 3.30421225e+01
 4.90000000e+02 1.60000000e+01 3.28063391e+01
 4.91000000e+02 1.60000000e+01 3.25727392e+01
 4.92000000e+02 1.60000000e+01 3.23414963e+01
 4.93000000e+02 1.60000000e+01 3.21127840e+01
 4.94000000e+02 1.60000000e+01 3.18867760e+01
 4.95000000e+02 1.60000000e+01 3.16636458e+01
 4.96000000e+02 1.60000000e+01 3.14720174e+01
 4.97000000e+02 1.60000000e+01 3.12551158e+01
 4.98000000e+02 1.60000000e+01 3.10413241e+01
 4.99000000e+02 1.60000000e+01 3.08305276e+01
 5.00000000e+02 1.60000000e+01 3.06226109e+01
 5.01000000e+02 1.60000000e+01 3.04174593e+01
 5.02000000e+02 1.60000000e+01 3.02149577e+01
 5.03000000e+02 1.60000000e+01 3.00149910e+01
 5.04000000e+02 1.60000000e+01 2.98174443e+01
 5.05000000e+02 1.60000000e+01 2.96222025e+01
 5.06000000e+02 1.60000000e+01 2.94291506e+01
 5.07000000e+02 1.60000000e+01 2.92381737e+01
 5.08000000e+02 1.60000000e+01 2.90491566e+01
 5.09000000e+02 1.60000000e+01 2.88619845e+01
 5.10000000e+02 1.60000000e+01 2.86765422e+01
 5.11000000e+02 1.60000000e+01 2.84927148e+01
 5.12000000e+02 1.60000000e+01 2.83103873e+01
 5.13000000e+02 1.60000000e+01 2.81294446e+01
 5.14000000e+02 1.60000000e+01 2.79497718e+01
 5.15000000e+02 1.60000000e+01 2.77712537e+01
 5.16000000e+02 1.60000000e+01 2.75937755e+01
 5.17000000e+02 1.60000000e+01 2.74172221e+01
 5.18000000e+02 1.60000000e+01 2.72414785e+01
 5.19000000e+02 1.60000000e+01 2.70664296e+01
 5.20000000e+02 1.60000000e+01 2.68919606e+01
 5.21000000e+02 1.60000000e+01 2.67179563e+01
 5.22000000e+02 1.60000000e+01 2.65443017e+01
 5.23000000e+02 1.60000000e+01 2.63708819e+01
 5.24000000e+02 1.60000000e+01 2.61975817e+01
 5.25000000e+02 1.60000000e+01 2.60242863e+01
 5.26000000e+02 1.60000000e+01 2.58508806e+01
 5.27000000e+02 1.60000000e+01 2.56772496e+01
 5.28000000e+02 1.60000000e+01 2.55032783e+01
 5.29000000e+02 1.60000000e+01 2.53288516e+01
 5.30000000e+02 1.60000000e+01 2.51538546e+01
 5.31000000e+02 1.60000000e+01 2.49781722e+01
 5.32000000e+02 1.60000000e+01 2.48016894e+01
 5.33000000e+02 1.60000000e+01 2.46242913e+01
 5.34000000e+02 1.60000000e+01 2.44458628e+01
 5.35000000e+02 1.60000000e+01 2.43830396e+01
 5.36000000e+02 1.60000000e+01 2.42023497e+01
 5.37000000e+02 1.60000000e+01 2.40206018e+01
 5.38000000e+02 1.60000000e+01 2.38378663e+01
 5.39000000e+02 1.60000000e+01 2.36542133e+01
 5.40000000e+02 1.60000000e+01 2.34697131e+01
 5.41000000e+02 1.60000000e+01 2.32844358e+01
 5.42000000e+02 1.60000000e+01 2.30984517e+01
 5.43000000e+02 1.60000000e+01 2.29118310e+01
 5.44000000e+02 1.60000000e+01 2.27246440e+01
 5.45000000e+02 1.60000000e+01 2.25369607e+01
 5.46000000e+02 1.60000000e+01 2.23488515e+01
 5.47000000e+02 1.60000000e+01 2.21603866e+01
 5.48000000e+02 1.60000000e+01 2.19716361e+01
 5.49000000e+02 1.60000000e+01 2.17826703e+01
 5.50000000e+02 1.60000000e+01 2.15935594e+01
 5.51000000e+02 1.60000000e+01 2.14043737e+01
 5.52000000e+02 1.60000000e+01 2.12151833e+01
 5.53000000e+02 1.60000000e+01 2.10260584e+01
 5.54000000e+02 1.60000000e+01 2.08370693e+01
 5.55000000e+02 1.60000000e+01 2.06482862e+01
 5.56000000e+02 1.60000000e+01 2.04597793e+01
 5.57000000e+02 1.60000000e+01 2.02716188e+01
 5.58000000e+02 1.60000000e+01 2.00838750e+01
 5.59000000e+02 1.60000000e+01 1.98966180e+01
 5.60000000e+02 1.60000000e+01 1.97099180e+01
 5.61000000e+02 1.60000000e+01 1.95238453e+01
 5.62000000e+02 1.60000000e+01 1.93384702e+01
 5.63000000e+02 1.60000000e+01 1.91538627e+01
 5.64000000e+02 1.60000000e+01 1.89700931e+01
 5.65000000e+02 1.60000000e+01 1.87872317e+01
 5.66000000e+02 1.60000000e+01 1.86053487e+01
 5.67000000e+02 1.60000000e+01 1.84245142e+01
 5.68000000e+02 1.60000000e+01 1.82447985e+01
 5.69000000e+02 1.60000000e+01 1.80662718e+01
 5.70000000e+02 1.60000000e+01 1.78890043e+01
 5.71000000e+02 1.60000000e+01 1.77130662e+01
 5.72000000e+02 1.60000000e+01 1.75385278e+01
 5.73000000e+02 1.60000000e+01 1.73179270e+01
 5.74000000e+02 1.60000000e+01 1.71463749e+01
 5.75000000e+02 1.60000000e+01 1.69763611e+01
 5.76000000e+02 1.60000000e+01 1.68079054e+01
 5.77000000e+02 1.60000000e+01 1.66410277e+01
 5.78000000e+02 1.60000000e+01 1.64757477e+01
 5.79000000e+02 1.60000000e+01 1.63120854e+01
 5.80000000e+02 1.60000000e+01 1.61500604e+01
 5.81000000e+02 1.60000000e+01 1.59896926e+01
 5.82000000e+02 1.60000000e+01 1.58310019e+01
 5.83000000e+02 1.60000000e+01 1.56740081e+01
 5.84000000e+02 1.60000000e+01 1.55187310e+01
 5.85000000e+02 1.60000000e+01 1.53651904e+01
 5.86000000e+02 1.60000000e+01 1.52134061e+01
 5.87000000e+02 1.60000000e+01 1.50633980e+01
 5.88000000e+02 1.60000000e+01 1.49151859e+01
 5.89000000e+02 1.60000000e+01 1.47687896e+01
 5.90000000e+02 1.60000000e+01 1.46242289e+01
 5.91000000e+02 1.60000000e+01 1.44815236e+01
 5.92000000e+02 1.60000000e+01 1.43406936e+01
 5.93000000e+02 1.60000000e+01 1.42017587e+01
 5.94000000e+02 1.60000000e+01 1.40647387e+01
 5.95000000e+02 1.60000000e+01 1.39296534e+01
 5.96000000e+02 1.60000000e+01 1.37965227e+01
 5.97000000e+02 1.60000000e+01 1.36653663e+01
 5.98000000e+02 1.60000000e+01 1.35362042e+01
 5.99000000e+02 1.60000000e+01 1.34090560e+01
 6.00000000e+02 1.60000000e+01 1.32839417e+01
 6.01000000e+02 1.60000000e+01 1.31608811e+01
 6.02000000e+02 1.60000000e+01 1.30398939e+01
 6.03000000e+02 1.60000000e+01 1.29210000e+01
 6.04000000e+02 1.60000000e+01 1.28042193e+01
 6.05000000e+02 1.60000000e+01 1.26895715e+01
 6.06000000e+02 1.60000000e+01 1.25770764e+01
 6.07000000e+02 1.60000000e+01 1.24667540e+01
 6.08000000e+02 1.60000000e+01 1.23586239e+01
 6.09000000e+02 1.60000000e+01 1.22527061e+01
 6.10000000e+02 1.60000000e+01 1.21490203e+01
 6.11000000e+02 1.60000000e+01 1.20994475e+01
 6.12000000e+02 1.60000000e+01 1.20002833e+01
 6.13000000e+02 1.60000000e+01 1.19033982e+01
 6.14000000e+02 1.60000000e+01 1.18088012e+01
 6.15000000e+02 1.60000000e+01 1.17165014e+01
 6.16000000e+02 1.60000000e+01 1.16265076e+01
 6.17000000e+02 1.60000000e+01 1.15388289e+01
 6.18000000e+02 1.60000000e+01 1.14534743e+01
 6.19000000e+02 1.60000000e+01 1.13704528e+01
 6.20000000e+02 1.60000000e+01 1.12897733e+01
 6.21000000e+02 1.60000000e+01 1.12114449e+01
 6.22000000e+02 1.60000000e+01 1.11354765e+01
 6.23000000e+02 1.60000000e+01 1.10618770e+01
 6.24000000e+02 1.60000000e+01 1.09906556e+01
 6.25000000e+02 1.60000000e+01 1.09218212e+01
 6.26000000e+02 1.60000000e+01 1.08553828e+01
 6.27000000e+02 1.60000000e+01 1.07913493e+01
 6.28000000e+02 1.60000000e+01 1.07297298e+01
 6.29000000e+02 1.60000000e+01 1.06705332e+01
 6.30000000e+02 1.60000000e+01 1.06137686e+01
 6.31000000e+02 1.60000000e+01 1.05594449e+01
 6.32000000e+02 1.60000000e+01 1.05075711e+01
 6.33000000e+02 1.60000000e+01 1.04581562e+01
 6.34000000e+02 1.60000000e+01 1.04112091e+01
 6.35000000e+02 1.60000000e+01 1.03667390e+01
 6.36000000e+02 1.60000000e+01 1.03247547e+01
 6.37000000e+02 1.60000000e+01 1.02852653e+01
 6.38000000e+02 1.60000000e+01 1.02482796e+01
 6.39000000e+02 1.60000000e+01 1.02138069e+01
 6.40000000e+02 1.60000000e+01 1.01818559e+01
 6.41000000e+02 1.60000000e+01 1.01524357e+01
 6.42000000e+02 1.60000000e+01 1.01255553e+01
 6.43000000e+02 1.60000000e+01 1.01012237e+01
 6.44000000e+02 1.60000000e+01 1.00794499e+01
 6.45000000e+02 1.60000000e+01 1.00602428e+01
 6.46000000e+02 1.60000000e+01 1.00436115e+01
 6.47000000e+02 1.60000000e+01 1.00295649e+01
 6.48000000e+02 1.60000000e+01 1.00181120e+01
 6.49000000e+02 1.60000000e+01 1.00092618e+01
 6.50000000e+02 1.60000000e+01 9.99078480e+00
 6.51000000e+02 1.60000000e+01 9.98726997e+00
 6.52000000e+02 1.60000000e+01 9.98659044e+00
 6.53000000e+02 1.60000000e+01 9.98886592e+00
 6.54000000e+02 1.60000000e+01 9.99421612e+00
 6.55000000e+02 1.60000000e+01 1.00027608e+01
 6.56000000e+02 1.60000000e+01 1.00146195e+01
 6.57000000e+02 1.60000000e+01 1.00299122e+01
 6.58000000e+02 1.60000000e+01 1.00487584e+01
 6.59000000e+02 1.60000000e+01 1.00712779e+01
 6.60000000e+02 1.60000000e+01 1.00975903e+01
 6.61000000e+02 1.60000000e+01 1.01278155e+01
 6.62000000e+02 1.60000000e+01 1.01620731e+01
 6.63000000e+02 1.60000000e+01 1.02004828e+01
 6.64000000e+02 1.60000000e+01 1.02431643e+01
 6.65000000e+02 1.60000000e+01 1.02902374e+01
 6.66000000e+02 1.60000000e+01 1.03418217e+01
 6.67000000e+02 1.60000000e+01 1.03980370e+01
 6.68000000e+02 1.60000000e+01 1.04590030e+01
 6.69000000e+02 1.60000000e+01 1.05248394e+01
 6.70000000e+02 1.60000000e+01 1.05956658e+01
 6.71000000e+02 1.60000000e+01 1.06716021e+01
 6.72000000e+02 1.60000000e+01 1.07527679e+01
 6.73000000e+02 1.60000000e+01 1.08392829e+01
 6.74000000e+02 1.60000000e+01 1.09312669e+01
 6.75000000e+02 1.60000000e+01 1.10288395e+01
 6.76000000e+02 1.60000000e+01 1.11321205e+01
 6.77000000e+02 1.60000000e+01 1.12412296e+01
 6.78000000e+02 1.60000000e+01 1.13562865e+01
 6.79000000e+02 1.60000000e+01 1.14774108e+01
 6.80000000e+02 1.60000000e+01 1.16047224e+01
 6.81000000e+02 1.60000000e+01 1.17383409e+01
 6.82000000e+02 1.60000000e+01 1.18783860e+01
 6.83000000e+02 1.60000000e+01 1.20249775e+01
 6.84000000e+02 1.60000000e+01 1.21782350e+01
 6.85000000e+02 1.60000000e+01 1.23382783e+01
 6.86000000e+02 1.60000000e+01 1.25052271e+01
 6.87000000e+02 1.60000000e+01 1.26792010e+01
 6.88000000e+02 1.60000000e+01 1.29526419e+01
 6.89000000e+02 1.60000000e+01 1.31407863e+01
 6.90000000e+02 1.60000000e+01 1.33356971e+01
 6.91000000e+02 1.60000000e+01 1.35371005e+01
 6.92000000e+02 1.60000000e+01 1.37447231e+01
 6.93000000e+02 1.60000000e+01 1.39582911e+01
 6.94000000e+02 1.60000000e+01 1.41775311e+01
 6.95000000e+02 1.60000000e+01 1.44021694e+01
 6.96000000e+02 1.60000000e+01 1.46319324e+01
 6.97000000e+02 1.60000000e+01 1.48665466e+01
 6.98000000e+02 1.60000000e+01 1.51057384e+01
 6.99000000e+02 1.60000000e+01 1.53492342e+01
 7.00000000e+02 1.60000000e+01 1.55967603e+01
 7.01000000e+02 1.60000000e+01 1.58480433e+01
 7.02000000e+02 1.60000000e+01 1.61028094e+01
 7.03000000e+02 1.60000000e+01 1.63607852e+01
 7.04000000e+02 1.60000000e+01 1.66216970e+01
 7.05000000e+02 1.60000000e+01 1.68852713e+01
 7.06000000e+02 1.60000000e+01 1.71512344e+01
 7.07000000e+02 1.60000000e+01 1.74193128e+01
 7.08000000e+02 1.60000000e+01 1.76892329e+01
 7.09000000e+02 1.60000000e+01 1.79607210e+01
 7.10000000e+02 1.60000000e+01 1.82335037e+01
 7.11000000e+02 1.60000000e+01 1.85073073e+01
 7.12000000e+02 1.60000000e+01 1.87818582e+01
 7.13000000e+02 1.60000000e+01 1.90568828e+01
 7.14000000e+02 1.60000000e+01 1.93321076e+01
 7.15000000e+02 1.60000000e+01 1.96072589e+01
 7.16000000e+02 1.60000000e+01 1.98820632e+01
 7.17000000e+02 1.60000000e+01 2.01562469e+01
 7.18000000e+02 1.60000000e+01 2.04295364e+01
 7.19000000e+02 1.60000000e+01 2.07016581e+01
 7.20000000e+02 1.60000000e+01 2.09723384e+01
 7.21000000e+02 1.60000000e+01 2.12413037e+01
 7.22000000e+02 1.60000000e+01 2.15082804e+01
 7.23000000e+02 1.60000000e+01 2.17729950e+01
 7.24000000e+02 1.60000000e+01 2.20351739e+01
 7.25000000e+02 1.60000000e+01 2.22945434e+01
 7.26000000e+02 1.60000000e+01 2.26664224e+01
 7.27000000e+02 1.60000000e+01 2.29194141e+01
 7.28000000e+02 1.60000000e+01 2.31690028e+01
 7.29000000e+02 1.60000000e+01 2.34150915e+01
 7.30000000e+02 1.60000000e+01 2.36575832e+01
 7.31000000e+02 1.60000000e+01 2.38963810e+01
 7.32000000e+02 1.60000000e+01 2.41313879e+01
 7.33000000e+02 1.60000000e+01 2.43625069e+01
 7.34000000e+02 1.60000000e+01 2.45896411e+01
 7.35000000e+02 1.60000000e+01 2.48126935e+01
 7.36000000e+02 1.60000000e+01 2.50315671e+01
 7.37000000e+02 1.60000000e+01 2.52461650e+01
 7.38000000e+02 1.60000000e+01 2.54563901e+01
 7.39000000e+02 1.60000000e+01 2.56621456e+01
 7.40000000e+02 1.60000000e+01 2.58633343e+01
 7.41000000e+02 1.60000000e+01 2.60598595e+01
 7.42000000e+02 1.60000000e+01 2.62516240e+01
 7.43000000e+02 1.60000000e+01 2.64385310e+01
 7.44000000e+02 1.60000000e+01 2.66204835e+01
 7.45000000e+02 1.60000000e+01 2.67973844e+01
 7.46000000e+02 1.60000000e+01 2.69691368e+01
 7.47000000e+02 1.60000000e+01 2.71356438e+01
 7.48000000e+02 1.60000000e+01 2.72968083e+01
 7.49000000e+02 1.60000000e+01 2.74525335e+01
 7.50000000e+02 1.60000000e+01 2.76027223e+01
 7.51000000e+02 1.60000000e+01 2.77472778e+01
 7.52000000e+02 1.60000000e+01 2.78861029e+01
 7.53000000e+02 1.60000000e+01 2.80191008e+01
 7.54000000e+02 1.60000000e+01 2.81461744e+01
 7.55000000e+02 1.60000000e+01 2.82672268e+01
 7.56000000e+02 1.60000000e+01 2.83821611e+01
 7.57000000e+02 1.60000000e+01 2.84908801e+01
 7.58000000e+02 1.60000000e+01 2.85932871e+01
 7.59000000e+02 1.60000000e+01 2.86892849e+01
 7.60000000e+02 1.60000000e+01 2.87787767e+01
 7.61000000e+02 1.60000000e+01 2.88616654e+01
 7.62000000e+02 1.60000000e+01 2.89378541e+01
 7.63000000e+02 1.60000000e+01 2.90072459e+01
 7.64000000e+02 1.60000000e+01 2.90697437e+01
