 2.00000000e+00 3.60000000e+01 1.09509785e+01
 3.00000000e+00 3.60000000e+01 1.07524677e+01
 4.00000000e+00 3.60000000e+01 1.05652614e+01
 5.00000000e+00 3.60000000e+01 1.03890796e+01
 6.00000000e+00 3.60000000e+01 1.02236421e+01
 7.00000000e+00 3.60000000e+01 1.00686687e+01
 8.00000000e+00 3.60000000e+01 9.92387934e+00
 9.00000000e+00 3.60000000e+01 9.78899388e+00
 1.00000000e+01 3.60000000e+01 9.66373217e+00
 1.10000000e+01 3.60000000e+01 9.54781408e+00
 1.20000000e+01 3.60000000e+01 9.44095948e+00
 1.30000000e+01 3.60000000e+01 9.34288823e+00
 1.40000000e+01 3.60000000e+01 9.25332020e+00
 1.50000000e+01 3.60000000e+01 9.17197525e+00
 1.60000000e+01 3.60000000e+01 9.09857325e+00
 1.70000000e+01 3.60000000e+01 9.03283407e+00
 1.80000000e+01 3.60000000e+01 8.97447756e+00
 1.90000000e+01 3.60000000e+01 8.92322360e+00
 2.00000000e+01 3.60000000e+01 8.87879205e+00
 2.10000000e+01 3.60000000e+01 8.84090278e+00
 2.20000000e+01 3.60000000e+01 8.80927565e+00
 2.30000000e+01 3.60000000e+01 8.78363052e+00
 2.40000000e+01 3.60000000e+01 8.76368727e+00
 2.50000000e+01 3.60000000e+01 8.74916576e+00
 2.60000000e+01 3.60000000e+01 8.73978585e+00
 2.70000000e+01 3.60000000e+01 8.73526740e+00
 2.80000000e+01 3.60000000e+01 8.73533030e+00
 2.90000000e+01 3.60000000e+01 8.73969439e+00
 3.00000000e+01 3.60000000e+01 8.74807955e+00
 3.10000000e+01 3.60000000e+01 8.76020564e+00
 3.20000000e+01 3.60000000e+01 8.77579253e+00
 3.30000000e+01 3.60000000e+01 8.79456008e+00
 3.40000000e+01 3.60000000e+01 8.81622816e+00
 3.50000000e+01 3.60000000e+01 8.84051663e+00
 3.60000000e+01 3.60000000e+01 8.86714537e+00
 3.70000000e+01 3.60000000e+01 8.89583422e+00
 3.80000000e+01 3.60000000e+01 8.92630307e+00
 3.90000000e+01 3.60000000e+01 8.95827177e+00
 4.00000000e+01 3.60000000e+01 8.99146019e+00
 4.10000000e+01 3.60000000e+01 9.02558820e+00
 4.20000000e+01 3.60000000e+01 9.06037566e+00
 4.30000000e+01 3.60000000e+01 9.09554244e+00
 4.40000000e+01 3.60000000e+01 9.13080840e+00
 4.50000000e+01 3.60000000e+01 9.16589341e+00
 4.60000000e+01 3.60000000e+01 9.20051734e+00
 4.70000000e+01 3.60000000e+01 9.23440004e+00
 4.80000000e+01 3.60000000e+01 9.26726139e+00
 4.90000000e+01 3.60000000e+01 9.29882125e+00
 5.00000000e+01 3.60000000e+01 9.32879949e+00
 5.10000000e+01 3.60000000e+01 9.35691597e+00
 5.20000000e+01 3.60000000e+01 9.38289056e+00
 5.30000000e+01 3.60000000e+01 9.40644312e+00
 5.40000000e+01 3.60000000e+01 9.42729352e+00
 5.50000000e+01 3.60000000e+01 9.44516162e+00
 5.60000000e+01 3.60000000e+01 9.45976729e+00
 5.70000000e+01 3.60000000e+01 9.47083040e+00
 5.80000000e+01 3.60000000e+01 9.47807080e+00
 5.90000000e+01 3.60000000e+01 9.48120838e+00
 6.00000000e+01 3.60000000e+01 9.53670094e+00
 6.10000000e+01 3.60000000e+01 9.53087272e+00
 6.20000000e+01 3.60000000e+01 9.52055427e+00
 6.30000000e+01 3.60000000e+01 9.50591845e+00
 6.40000000e+01 3.60000000e+01 9.48713812e+00
 6.50000000e+01 3.60000000e+01 9.46438617e+00
 6.60000000e+01 3.60000000e+01 9.43783544e+00
 6.70000000e+01 3.60000000e+01 9.40765882e+00
 6.80000000e+01 3.60000000e+01 9.37402916e+00
 6.90000000e+01 3.60000000e+01 9.33711933e+00
 7.00000000e+01 3.60000000e+01 9.29710221e+00
 7.10000000e+01 3.60000000e+01 9.25415066e+00
 7.20000000e+01 3.60000000e+01 9.20843754e+00
 7.30000000e+01 3.60000000e+01 9.16013572e+00
 7.40000000e+01 3.60000000e+01 9.10941807e+00
 7.50000000e+01 3.60000000e+01 9.05645746e+00
 7.60000000e+01 3.60000000e+01 9.00142675e+00
 7.70000000e+01 3.60000000e+01 8.94449882e+00
 7.80000000e+01 3.60000000e+01 8.88584652e+00
 7.90000000e+01 3.60000000e+01 8.82564272e+00
 8.00000000e+01 3.60000000e+01 8.76406030e+00
 8.10000000e+01 3.60000000e+01 8.70127212e+00
 8.20000000e+01 3.60000000e+01 8.63745104e+00
 8.30000000e+01 3.60000000e+01 8.57276994e+00
 8.40000000e+01 3.60000000e+01 8.50740168e+00
 8.50000000e+01 3.60000000e+01 8.44151913e+00
 8.60000000e+01 3.60000000e+01 8.37529515e+00
 8.70000000e+01 3.60000000e+01 8.30890261e+00
 8.80000000e+01 3.60000000e+01 8.24251439e+00
 8.90000000e+01 3.60000000e+01 8.17630334e+00
 9.00000000e+01 3.60000000e+01 8.11044233e+00
 9.10000000e+01 3.60000000e+01 8.04510423e+00
 9.20000000e+01 3.60000000e+01 7.98046191e+00
 9.30000000e+01 3.60000000e+01 7.91668824e+00
 9.40000000e+01 3.60000000e+01 7.85395608e+00
 9.50000000e+01 3.60000000e+01 7.79243829e+00
 9.60000000e+01 3.60000000e+01 7.73230776e+00
 9.70000000e+01 3.60000000e+01 7.67373733e+00
 9.80000000e+01 3.60000000e+01 7.61689989e+00
 9.90000000e+01 3.60000000e+01 7.56196829e+00
 1.00000000e+02 3.60000000e+01 7.50911541e+00
 1.01000000e+02 3.60000000e+01 7.45851411e+00
 1.02000000e+02 3.60000000e+01 7.41033726e+00
 1.03000000e+02 3.60000000e+01 7.36475772e+00
 1.04000000e+02 3.60000000e+01 7.32194837e+00
 1.05000000e+02 3.60000000e+01 7.28208207e+00
 1.06000000e+02 3.60000000e+01 7.24533169e+00
 1.07000000e+02 3.60000000e+01 7.21187009e+00
 1.08000000e+02 3.60000000e+01 7.18187014e+00
 1.09000000e+02 3.60000000e+01 7.15550471e+00
 1.10000000e+02 3.60000000e+01 7.13294666e+00
 1.11000000e+02 3.60000000e+01 7.11436887e+00
 1.12000000e+02 3.60000000e+01 7.09994420e+00
 1.13000000e+02 3.60000000e+01 7.08984552e+00
 1.14000000e+02 3.60000000e+01 7.08424569e+00
 1.15000000e+02 3.60000000e+01 7.08331758e+00
 1.16000000e+02 3.60000000e+01 7.08723406e+00
 1.17000000e+02 3.60000000e+01 7.09616799e+00
 1.18000000e+02 3.60000000e+01 6.86604884e+00
 1.19000000e+02 3.60000000e+01 6.88546004e+00
 1.20000000e+02 3.60000000e+01 6.90999086e+00
 1.21000000e+02 3.60000000e+01 6.93939772e+00
 1.22000000e+02 3.60000000e+01 6.97343703e+00
 1.23000000e+02 3.60000000e+01 7.01186523e+00
 1.24000000e+02 3.60000000e+01 7.05443873e+00
 1.25000000e+02 3.60000000e+01 7.10091396e+00
 1.26000000e+02 3.60000000e+01 7.15104735e+00
 1.27000000e+02 3.60000000e+01 7.20459531e+00
 1.28000000e+02 3.60000000e+01 7.26131428e+00
 1.29000000e+02 3.60000000e+01 7.32096066e+00
 1.30000000e+02 3.60000000e+01 7.38329089e+00
 1.31000000e+02 3.60000000e+01 7.44806139e+00
 1.32000000e+02 3.60000000e+01 7.51502858e+00
 1.33000000e+02 3.60000000e+01 7.58394889e+00
 1.34000000e+02 3.60000000e+01 7.65457873e+00
 1.35000000e+02 3.60000000e+01 7.72667454e+00
 1.36000000e+02 3.60000000e+01 7.79999273e+00
 1.37000000e+02 3.60000000e+01 7.87428973e+00
 1.38000000e+02 3.60000000e+01 7.94932196e+00
 1.39000000e+02 3.60000000e+01 8.02484585e+00
 1.40000000e+02 3.60000000e+01 8.10061782e+00
 1.41000000e+02 3.60000000e+01 8.17639428e+00
 1.42000000e+02 3.60000000e+01 8.25193167e+00
 1.43000000e+02 3.60000000e+01 8.32698641e+00
 1.44000000e+02 3.60000000e+01 8.40131492e+00
 1.45000000e+02 3.60000000e+01 8.47467363e+00
 1.46000000e+02 3.60000000e+01 8.54681895e+00
 1.47000000e+02 3.60000000e+01 8.61750731e+00
 1.48000000e+02 3.60000000e+01 8.68649514e+00
 1.49000000e+02 3.60000000e+01 8.75353885e+00
 1.50000000e+02 3.60000000e+01 8.81839487e+00
 1.51000000e+02 3.60000000e+01 8.88081963e+00
 1.52000000e+02 3.60000000e+01 8.94056955e+00
 1.53000000e+02 3.60000000e+01 8.99740104e+00
 1.54000000e+02 3.60000000e+01 9.05107054e+00
 1.55000000e+02 3.60000000e+01 9.10133446e+00
 1.56000000e+02 3.60000000e+01 9.14794923e+00
 1.57000000e+02 3.60000000e+01 9.19067128e+00
 1.58000000e+02 3.60000000e+01 9.22925702e+00
 1.59000000e+02 3.60000000e+01 9.26346289e+00
 1.60000000e+02 3.60000000e+01 9.29304529e+00
 1.61000000e+02 3.60000000e+01 9.31776066e+00
 1.62000000e+02 3.60000000e+01 9.33736542e+00
 1.63000000e+02 3.60000000e+01 9.35161599e+00
 1.64000000e+02 3.60000000e+01 9.36026880e+00
 1.65000000e+02 3.60000000e+01 9.36308027e+00
 1.66000000e+02 3.60000000e+01 9.35980682e+00
 1.67000000e+02 3.60000000e+01 9.35020487e+00
 1.68000000e+02 3.60000000e+01 9.33403085e+00
 1.69000000e+02 3.60000000e+01 9.31104119e+00
 1.70000000e+02 3.60000000e+01 9.28099230e+00
 1.71000000e+02 3.60000000e+01 9.24364060e+00
 1.72000000e+02 3.60000000e+01 9.19874253e+00
 1.73000000e+02 3.60000000e+01 9.14605451e+00
 1.74000000e+02 3.60000000e+01 9.08533295e+00
 1.75000000e+02 3.60000000e+01 9.01633428e+00
 1.76000000e+02 3.60000000e+01 9.42278142e+00
 1.77000000e+02 3.60000000e+01 9.33662169e+00
 1.78000000e+02 3.60000000e+01 9.24212582e+00
 1.79000000e+02 3.60000000e+01 9.13972193e+00
 1.80000000e+02 3.60000000e+01 9.02983812e+00
 1.81000000e+02 3.60000000e+01 8.91290252e+00
 1.82000000e+02 3.60000000e+01 8.78934324e+00
 1.83000000e+02 3.60000000e+01 8.65958841e+00
 1.84000000e+02 3.60000000e+01 8.52406614e+00
 1.85000000e+02 3.60000000e+01 8.38320455e+00
 1.86000000e+02 3.60000000e+01 8.23743175e+00
 1.87000000e+02 3.60000000e+01 8.08717586e+00
 1.88000000e+02 3.60000000e+01 7.93286501e+00
 1.89000000e+02 3.60000000e+01 7.77492730e+00
 1.90000000e+02 3.60000000e+01 7.61379086e+00
 1.91000000e+02 3.60000000e+01 7.44988381e+00
 1.92000000e+02 3.60000000e+01 7.28363425e+00
 1.93000000e+02 3.60000000e+01 7.11547032e+00
 1.94000000e+02 3.60000000e+01 6.94582012e+00
 1.95000000e+02 3.60000000e+01 6.77511178e+00
 1.96000000e+02 3.60000000e+01 6.60377341e+00
 1.97000000e+02 3.60000000e+01 6.43223312e+00
 1.98000000e+02 3.60000000e+01 6.26091905e+00
 1.99000000e+02 3.60000000e+01 6.09025930e+00
 2.00000000e+02 3.60000000e+01 5.92068200e+00
 2.01000000e+02 3.60000000e+01 5.75261525e+00
 2.02000000e+02 3.60000000e+01 5.58648718e+00
 2.03000000e+02 3.60000000e+01 5.42272591e+00
 2.04000000e+02 3.60000000e+01 5.26175955e+00
 2.05000000e+02 3.60000000e+01 5.10401622e+00
 2.06000000e+02 3.60000000e+01 4.94992404e+00
 2.07000000e+02 3.60000000e+01 4.79991113e+00
 2.08000000e+02 3.60000000e+01 4.65440560e+00
 2.09000000e+02 3.60000000e+01 4.51383558e+00
 2.10000000e+02 3.60000000e+01 4.37862917e+00
 2.11000000e+02 3.60000000e+01 4.24921450e+00
 2.12000000e+02 3.60000000e+01 4.12601968e+00
 2.13000000e+02 3.60000000e+01 4.00947284e+00
 2.14000000e+02 3.60000000e+01 3.90000208e+00
 2.15000000e+02 3.60000000e+01 3.79803554e+00
 2.16000000e+02 3.60000000e+01 3.70400132e+00
 2.17000000e+02 3.60000000e+01 3.61832754e+00
 2.18000000e+02 3.60000000e+01 3.54144232e+00
 2.19000000e+02 3.60000000e+01 3.47377378e+00
 2.20000000e+02 3.60000000e+01 3.41575004e+00
 2.21000000e+02 3.60000000e+01 3.36779921e+00
 2.22000000e+02 3.60000000e+01 3.33034941e+00
 2.23000000e+02 3.60000000e+01 3.30382876e+00
 2.24000000e+02 3.60000000e+01 3.28866537e+00
 2.25000000e+02 3.60000000e+01 3.28528737e+00
 2.26000000e+02 3.60000000e+01 3.29412288e+00
 2.27000000e+02 3.60000000e+01 3.31560000e+00
 2.28000000e+02 3.60000000e+01 3.35014686e+00
 2.29000000e+02 3.60000000e+01 3.39819157e+00
 2.30000000e+02 3.60000000e+01 3.46016226e+00
 2.31000000e+02 3.60000000e+01 3.53648703e+00
 2.32000000e+02 3.60000000e+01 3.62759402e+00
 2.33000000e+02 3.60000000e+01 3.73391133e+00
 2.34000000e+02 3.60000000e+01 3.00336791e+00
 2.35000000e+02 3.60000000e+01 3.14115586e+00
 2.36000000e+02 3.60000000e+01 3.29414295e+00
 2.37000000e+02 3.60000000e+01 3.46146174e+00
 2.38000000e+02 3.60000000e+01 3.64224480e+00
 2.39000000e+02 3.60000000e+01 3.83562470e+00
 2.40000000e+02 3.60000000e+01 4.04073401e+00
 2.41000000e+02 3.60000000e+01 4.25670530e+00
 2.42000000e+02 3.60000000e+01 4.48267114e+00
 2.43000000e+02 3.60000000e+01 4.71776410e+00
 2.44000000e+02 3.60000000e+01 4.96111675e+00
 2.45000000e+02 3.60000000e+01 5.21186166e+00
 2.46000000e+02 3.60000000e+01 5.46913140e+00
 2.47000000e+02 3.60000000e+01 5.73205853e+00
 2.48000000e+02 3.60000000e+01 5.99977564e+00
 2.49000000e+02 3.60000000e+01 6.27141528e+00
 2.50000000e+02 3.60000000e+01 6.54611002e+00
 2.51000000e+02 3.60000000e+01 6.82299245e+00
 2.52000000e+02 3.60000000e+01 7.10119512e+00
 2.53000000e+02 3.60000000e+01 7.37985061e+00
 2.54000000e+02 3.60000000e+01 7.65809148e+00
 2.55000000e+02 3.60000000e+01 7.93505031e+00
 2.56000000e+02 3.60000000e+01 8.20985966e+00
 2.57000000e+02 3.60000000e+01 8.48165211e+00
 2.58000000e+02 3.60000000e+01 8.74956022e+00
 2.59000000e+02 3.60000000e+01 9.01271657e+00
 2.60000000e+02 3.60000000e+01 9.27025372e+00
 2.61000000e+02 3.60000000e+01 9.52130424e+00
 2.62000000e+02 3.60000000e+01 9.76500071e+00
 2.63000000e+02 3.60000000e+01 1.00004757e+01
 2.64000000e+02 3.60000000e+01 1.02268618e+01
 2.65000000e+02 3.60000000e+01 1.04432915e+01
 2.66000000e+02 3.60000000e+01 1.06488974e+01
 2.67000000e+02 3.60000000e+01 1.08428121e+01
 2.68000000e+02 3.60000000e+01 1.10241682e+01
 2.69000000e+02 3.60000000e+01 1.11920982e+01
 2.70000000e+02 3.60000000e+01 1.13457348e+01
 2.71000000e+02 3.60000000e+01 1.14842103e+01
 2.72000000e+02 3.60000000e+01 1.16066576e+01
 2.73000000e+02 3.60000000e+01 1.17122090e+01
 2.74000000e+02 3.60000000e+01 1.17999972e+01
 2.75000000e+02 3.60000000e+01 1.18691548e+01
 2.76000000e+02 3.60000000e+01 1.19188143e+01
 2.77000000e+02 3.60000000e+01 1.19481083e+01
 2.78000000e+02 3.60000000e+01 1.19561693e+01
 2.79000000e+02 3.60000000e+01 1.19421300e+01
 2.80000000e+02 3.60000000e+01 1.19051228e+01
 2.81000000e+02 3.60000000e+01 1.18442804e+01
 2.82000000e+02 3.60000000e+01 1.17587354e+01
 2.83000000e+02 3.60000000e+01 1.16476203e+01
 2.84000000e+02 3.60000000e+01 1.15100676e+01
 2.85000000e+02 3.60000000e+01 1.13452100e+01
 2.86000000e+02 3.60000000e+01 1.11521800e+01
 2.87000000e+02 3.60000000e+01 1.09301102e+01
 2.88000000e+02 3.60000000e+01 1.06781331e+01
 2.89000000e+02 3.60000000e+01 1.03953814e+01
 2.90000000e+02 3.60000000e+01 1.00809875e+01
 2.91000000e+02 3.60000000e+01 9.73408415e+00
 2.92000000e+02 3.60000000e+01 1.06687821e+01
 2.93000000e+02 3.60000000e+01 1.02546120e+01
 2.94000000e+02 3.60000000e+01 9.80736723e+00
 2.95000000e+02 3.60000000e+01 9.32821762e+00
 2.96000000e+02 3.60000000e+01 8.81833287e+00
 2.97000000e+02 3.60000000e+01 8.27888274e+00
 2.98000000e+02 3.60000000e+01 7.71103700e+00
 2.99000000e+02 3.60000000e+01 7.11596539e+00
 3.00000000e+02 3.60000000e+01 6.49483768e+00
 3.01000000e+02 3.60000000e+01 5.84882361e+00
 3.02000000e+02 3.60000000e+01 5.17909295e+00
 3.03000000e+02 3.60000000e+01 4.48681545e+00
 3.04000000e+02 3.60000000e+01 3.77316087e+00
 3.05000000e+02 3.60000000e+01 3.03929896e+00
 3.06000000e+02 3.60000000e+01 2.28639947e+00
 3.07000000e+02 3.60000000e+01 1.51563218e+00
 3.08000000e+02 3.60000000e+01 7.28166819e-01
 3.09000000e+02 3.60000000e+01 -7.48268419e-02
 3.10000000e+02 3.60000000e+01 -8.92179050e-01
 3.11000000e+02 3.60000000e+01 -1.72272005e+00
 3.12000000e+02 3.60000000e+01 -2.56528009e+00
 3.13000000e+02 3.60000000e+01 -3.41868940e+00
 3.14000000e+02 3.60000000e+01 -4.28177824e+00
 3.15000000e+02 3.60000000e+01 -5.15337685e+00
 3.16000000e+02 3.60000000e+01 -6.03231546e+00
 3.17000000e+02 3.60000000e+01 -6.91742434e+00
 3.18000000e+02 3.60000000e+01 -7.80753371e+00
 3.19000000e+02 3.60000000e+01 -8.70147383e+00
 3.20000000e+02 3.60000000e+01 -9.59807493e+00
 3.21000000e+02 3.60000000e+01 -1.04961673e+01
 3.22000000e+02 3.60000000e+01 -1.13945811e+01
 3.23000000e+02 3.60000000e+01 -1.22921466e+01
 3.24000000e+02 3.60000000e+01 -1.31876941e+01
 3.25000000e+02 3.60000000e+01 -1.40800538e+01
 3.26000000e+02 3.60000000e+01 -1.49680560e+01
 3.27000000e+02 3.60000000e+01 -1.58505308e+01
 3.28000000e+02 3.60000000e+01 -1.67263086e+01
 3.29000000e+02 3.60000000e+01 -1.75942196e+01
 3.30000000e+02 3.60000000e+01 -1.84530940e+01
 3.31000000e+02 3.60000000e+01 -1.93017621e+01
 3.32000000e+02 3.60000000e+01 -2.01390541e+01
 3.33000000e+02 3.60000000e+01 -2.09638002e+01
 3.34000000e+02 3.60000000e+01 -2.17748308e+01
 3.35000000e+02 3.60000000e+01 -2.25709760e+01
 3.36000000e+02 3.60000000e+01 -2.33510661e+01
 3.37000000e+02 3.60000000e+01 -2.41139313e+01
 3.38000000e+02 3.60000000e+01 -2.48584019e+01
 3.39000000e+02 3.60000000e+01 -2.55833081e+01
 3.40000000e+02 3.60000000e+01 -2.62874802e+01
 3.41000000e+02 3.60000000e+01 -2.69697485e+01
 3.42000000e+02 3.60000000e+01 -2.76289430e+01
 3.43000000e+02 3.60000000e+01 -2.82638942e+01
 3.44000000e+02 3.60000000e+01 -2.88734322e+01
 3.45000000e+02 3.60000000e+01 -2.94563873e+01
 3.46000000e+02 3.60000000e+01 -3.00115898e+01
 3.47000000e+02 3.60000000e+01 -3.05378698e+01
 3.48000000e+02 3.60000000e+01 -3.10340576e+01
 3.49000000e+02 3.60000000e+01 -3.14989835e+01
 3.50000000e+02 3.60000000e+01 -3.32385567e+01
 3.51000000e+02 3.60000000e+01 -3.36377430e+01
 3.52000000e+02 3.60000000e+01 -3.40038893e+01
 3.53000000e+02 3.60000000e+01 -3.43375571e+01
 3.54000000e+02 3.60000000e+01 -3.46393077e+01
 3.55000000e+02 3.60000000e+01 -3.49097026e+01
 3.56000000e+02 3.60000000e+01 -3.51493033e+01
 3.57000000e+02 3.60000000e+01 -3.53586712e+01
 3.58000000e+02 3.60000000e+01 -3.55383677e+01
 3.59000000e+02 3.60000000e+01 -3.56889543e+01
 3.60000000e+02 3.60000000e+01 -3.58109923e+01
 3.61000000e+02 3.60000000e+01 -3.59050434e+01
 3.62000000e+02 3.60000000e+01 -3.59716688e+01
 3.63000000e+02 3.60000000e+01 -3.60114301e+01
 3.64000000e+02 3.60000000e+01 -3.60248887e+01
 3.65000000e+02 3.60000000e+01 -3.60126060e+01
 3.66000000e+02 3.60000000e+01 -3.59751434e+01
 3.67000000e+02 3.60000000e+01 -3.59130624e+01
 3.68000000e+02 3.60000000e+01 -3.58269245e+01
 3.69000000e+02 3.60000000e+01 -3.57172910e+01
 3.70000000e+02 3.60000000e+01 -3.55847235e+01
 3.71000000e+02 3.60000000e+01 -3.54297833e+01
 3.72000000e+02 3.60000000e+01 -3.52530320e+01
 3.73000000e+02 3.60000000e+01 -3.50550308e+01
 3.74000000e+02 3.60000000e+01 -3.48363414e+01
 3.75000000e+02 3.60000000e+01 -3.45975251e+01
 3.76000000e+02 3.60000000e+01 -3.43391433e+01
 3.77000000e+02 3.60000000e+01 -3.40617576e+01
 3.78000000e+02 3.60000000e+01 -3.37659293e+01
 3.79000000e+02 3.60000000e+01 -3.34522198e+01
 3.80000000e+02 3.60000000e+01 -3.31211907e+01
 3.81000000e+02 3.60000000e+01 -3.27734034e+01
 3.82000000e+02 3.60000000e+01 -3.24094193e+01
 3.83000000e+02 3.60000000e+01 -3.20297998e+01
 3.84000000e+02 3.60000000e+01 -3.16351064e+01
 3.85000000e+02 3.60000000e+01 -3.12259005e+01
 3.86000000e+02 3.60000000e+01 -3.08027436e+01
 3.87000000e+02 3.60000000e+01 -3.03661971e+01
 3.88000000e+02 3.60000000e+01 -2.99168225e+01
 3.89000000e+02 3.60000000e+01 -2.94551811e+01
 3.90000000e+02 3.60000000e+01 -2.89818345e+01
 3.91000000e+02 3.60000000e+01 -2.84973440e+01
 3.92000000e+02 3.60000000e+01 -2.80022712e+01
 3.93000000e+02 3.60000000e+01 -2.74971774e+01
 3.94000000e+02 3.60000000e+01 -2.69826241e+01
 3.95000000e+02 3.60000000e+01 -2.64591727e+01
 3.96000000e+02 3.60000000e+01 -2.59273847e+01
 3.97000000e+02 3.60000000e+01 -2.53878215e+01
 3.98000000e+02 3.60000000e+01 -2.48410446e+01
 3.99000000e+02 3.60000000e+01 -2.42876154e+01
 4.00000000e+02 3.60000000e+01 -2.37280953e+01
 4.01000000e+02 3.60000000e+01 -2.31630458e+01
 4.02000000e+02 3.60000000e+01 -2.25930282e+01
 4.03000000e+02 3.60000000e+01 -2.20186042e+01
 4.04000000e+02 3.60000000e+01 -2.14403350e+01
 4.05000000e+02 3.60000000e+01 -2.08587822e+01
 4.06000000e+02 3.60000000e+01 -2.02745072e+01
 4.07000000e+02 3.60000000e+01 -1.96880714e+01
 4.08000000e+02 3.60000000e+01 -1.80960680e+01
 4.09000000e+02 3.60000000e+01 -1.75069575e+01
 4.10000000e+02 3.60000000e+01 -1.69171126e+01
 4.11000000e+02 3.60000000e+01 -1.63268368e+01
 4.12000000e+02 3.60000000e+01 -1.57364338e+01
 4.13000000e+02 3.60000000e+01 -1.51462069e+01
 4.14000000e+02 3.60000000e+01 -1.45564597e+01
 4.15000000e+02 3.60000000e+01 -1.39674958e+01
 4.16000000e+02 3.60000000e+01 -1.33796186e+01
 4.17000000e+02 3.60000000e+01 -1.27931317e+01
 4.18000000e+02 3.60000000e+01 -1.22083386e+01
 4.19000000e+02 3.60000000e+01 -1.16255428e+01
 4.20000000e+02 3.60000000e+01 -1.10450478e+01
 4.21000000e+02 3.60000000e+01 -1.04671572e+01
 4.22000000e+02 3.60000000e+01 -9.89217455e+00
 4.23000000e+02 3.60000000e+01 -9.32040326e+00
 4.24000000e+02 3.60000000e+01 -8.75214690e+00
 4.25000000e+02 3.60000000e+01 -8.18770899e+00
 4.26000000e+02 3.60000000e+01 -7.62739306e+00
 4.27000000e+02 3.60000000e+01 -7.07150263e+00
 4.28000000e+02 3.60000000e+01 -6.52034121e+00
 4.29000000e+02 3.60000000e+01 -5.97421233e+00
 4.30000000e+02 3.60000000e+01 -5.43341952e+00
 4.31000000e+02 3.60000000e+01 -4.89826628e+00
 4.32000000e+02 3.60000000e+01 -4.36905616e+00
 4.33000000e+02 3.60000000e+01 -3.84609266e+00
 4.34000000e+02 3.60000000e+01 -3.32967931e+00
 4.35000000e+02 3.60000000e+01 -2.82011963e+00
 4.36000000e+02 3.60000000e+01 -2.31771715e+00
 4.37000000e+02 3.60000000e+01 -1.82277538e+00
 4.38000000e+02 3.60000000e+01 -1.33559785e+00
 4.39000000e+02 3.60000000e+01 -8.56488074e-01
 4.40000000e+02 3.60000000e+01 -3.85749583e-01
 4.41000000e+02 3.60000000e+01 7.63141039e-02
 4.42000000e+02 3.60000000e+01 5.29399466e-01
 4.43000000e+02 3.60000000e+01 9.73202981e-01
 4.44000000e+02 3.60000000e+01 1.40742113e+00
 4.45000000e+02 3.60000000e+01 1.83175038e+00
 4.46000000e+02 3.60000000e+01 2.24588722e+00
 4.47000000e+02 3.60000000e+01 2.64952813e+00
 4.48000000e+02 3.60000000e+01 3.04236958e+00
 4.49000000e+02 3.60000000e+01 3.42410805e+00
 4.50000000e+02 3.60000000e+01 3.79444002e+00
 4.51000000e+02 3.60000000e+01 4.15306197e+00
 4.52000000e+02 3.60000000e+01 4.49967037e+00
 4.53000000e+02 3.60000000e+01 4.83396171e+00
 4.54000000e+02 3.60000000e+01 5.15563245e+00
 4.55000000e+02 3.60000000e+01 5.46437909e+00
 4.56000000e+02 3.60000000e+01 5.75989809e+00
 4.57000000e+02 3.60000000e+01 6.04188594e+00
 4.58000000e+02 3.60000000e+01 6.31003912e+00
 4.59000000e+02 3.60000000e+01 6.56405409e+00
 4.60000000e+02 3.60000000e+01 6.80362735e+00
 4.61000000e+02 3.60000000e+01 7.02845536e+00
 4.62000000e+02 3.60000000e+01 7.23823461e+00
 4.63000000e+02 3.60000000e+01 7.43266157e+00
 4.64000000e+02 3.60000000e+01 7.61143272e+00
 4.65000000e+02 3.60000000e+01 7.77424455e+00
 4.66000000e+02 3.60000000e+01 7.06366249e+00
 4.67000000e+02 3.60000000e+01 7.19378454e+00
 4.68000000e+02 3.60000000e+01 7.30778288e+00
 4.69000000e+02 3.60000000e+01 7.40610020e+00
 4.70000000e+02 3.60000000e+01 7.48917914e+00
 4.71000000e+02 3.60000000e+01 7.55746240e+00
 4.72000000e+02 3.60000000e+01 7.61139262e+00
 4.73000000e+02 3.60000000e+01 7.65141250e+00
 4.74000000e+02 3.60000000e+01 7.67796468e+00
 4.75000000e+02 3.60000000e+01 7.69149185e+00
 4.76000000e+02 3.60000000e+01 7.69243668e+00
 4.77000000e+02 3.60000000e+01 7.68124182e+00
 4.78000000e+02 3.60000000e+01 7.65834996e+00
 4.79000000e+02 3.60000000e+01 7.62420376e+00
 4.80000000e+02 3.60000000e+01 7.57924589e+00
 4.81000000e+02 3.60000000e+01 7.52391903e+00
 4.82000000e+02 3.60000000e+01 7.45866583e+00
 4.83000000e+02 3.60000000e+01 7.38392897e+00
 4.84000000e+02 3.60000000e+01 7.30015112e+00
 4.85000000e+02 3.60000000e+01 7.20777495e+00
 4.86000000e+02 3.60000000e+01 7.10724313e+00
 4.87000000e+02 3.60000000e+01 6.99899833e+00
 4.88000000e+02 3.60000000e+01 6.88348321e+00
 4.89000000e+02 3.60000000e+01 6.76114045e+00
 4.90000000e+02 3.60000000e+01 6.63241272e+00
 4.91000000e+02 3.60000000e+01 6.49774269e+00
 4.92000000e+02 3.60000000e+01 6.35757302e+00
 4.93000000e+02 3.60000000e+01 6.21234638e+00
 4.94000000e+02 3.60000000e+01 6.06250545e+00
 4.95000000e+02 3.60000000e+01 5.90849289e+00
 4.96000000e+02 3.60000000e+01 5.75075138e+00
 4.97000000e+02 3.60000000e+01 5.58972358e+00
 4.98000000e+02 3.60000000e+01 5.42585216e+00
 4.99000000e+02 3.60000000e+01 5.25957980e+00
 5.00000000e+02 3.60000000e+01 5.09134915e+00
 5.01000000e+02 3.60000000e+01 4.92160290e+00
 5.02000000e+02 3.60000000e+01 4.75078371e+00
 5.03000000e+02 3.60000000e+01 4.57933425e+00
 5.04000000e+02 3.60000000e+01 4.40769719e+00
 5.05000000e+02 3.60000000e+01 4.23631520e+00
 5.06000000e+02 3.60000000e+01 4.06563095e+00
 5.07000000e+02 3.60000000e+01 3.89608710e+00
 5.08000000e+02 3.60000000e+01 3.72812634e+00
 5.09000000e+02 3.60000000e+01 3.56219132e+00
 5.10000000e+02 3.60000000e+01 3.39872472e+00
 5.11000000e+02 3.60000000e+01 3.23816921e+00
 5.12000000e+02 3.60000000e+01 3.08096745e+00
 5.13000000e+02 3.60000000e+01 2.92756211e+00
 5.14000000e+02 3.60000000e+01 2.77839588e+00
 5.15000000e+02 3.60000000e+01 2.63391140e+00
 5.16000000e+02 3.60000000e+01 2.49455137e+00
 5.17000000e+02 3.60000000e+01 2.36075843e+00
 5.18000000e+02 3.60000000e+01 2.23297527e+00
 5.19000000e+02 3.60000000e+01 2.11164455e+00
 5.20000000e+02 3.60000000e+01 1.99720895e+00
 5.21000000e+02 3.60000000e+01 1.89011112e+00
 5.22000000e+02 3.60000000e+01 1.79079375e+00
 5.23000000e+02 3.60000000e+01 1.69969950e+00
 5.24000000e+02 3.60000000e+01 2.12784321e+00
 5.25000000e+02 3.60000000e+01 2.05439502e+00
 5.26000000e+02 3.60000000e+01 1.98980571e+00
 5.27000000e+02 3.60000000e+01 1.93382571e+00
 5.28000000e+02 3.60000000e+01 1.88620544e+00
 5.29000000e+02 3.60000000e+01 1.84669534e+00
 5.30000000e+02 3.60000000e+01 1.81504583e+00
 5.31000000e+02 3.60000000e+01 1.79100733e+00
 5.32000000e+02 3.60000000e+01 1.77433027e+00
 5.33000000e+02 3.60000000e+01 1.76476508e+00
 5.34000000e+02 3.60000000e+01 1.76206218e+00
 5.35000000e+02 3.60000000e+01 1.76597199e+00
 5.36000000e+02 3.60000000e+01 1.77624495e+00
 5.37000000e+02 3.60000000e+01 1.79263148e+00
 5.38000000e+02 3.60000000e+01 1.81488201e+00
 5.39000000e+02 3.60000000e+01 1.84274695e+00
 5.40000000e+02 3.60000000e+01 1.87597674e+00
 5.41000000e+02 3.60000000e+01 1.91432180e+00
 5.42000000e+02 3.60000000e+01 1.95753256e+00
 5.43000000e+02 3.60000000e+01 2.00535945e+00
 5.44000000e+02 3.60000000e+01 2.05755288e+00
 5.45000000e+02 3.60000000e+01 2.11386330e+00
 5.46000000e+02 3.60000000e+01 2.17404111e+00
 5.47000000e+02 3.60000000e+01 2.23783675e+00
 5.48000000e+02 3.60000000e+01 2.30500064e+00
 5.49000000e+02 3.60000000e+01 2.37528321e+00
 5.50000000e+02 3.60000000e+01 2.44843489e+00
 5.51000000e+02 3.60000000e+01 2.52420610e+00
 5.52000000e+02 3.60000000e+01 2.60234726e+00
 5.53000000e+02 3.60000000e+01 2.68260881e+00
 5.54000000e+02 3.60000000e+01 2.76474117e+00
 5.55000000e+02 3.60000000e+01 2.84849475e+00
 5.56000000e+02 3.60000000e+01 2.93362000e+00
 5.57000000e+02 3.60000000e+01 3.01986734e+00
 5.58000000e+02 3.60000000e+01 3.10698718e+00
 5.59000000e+02 3.60000000e+01 3.19472997e+00
 5.60000000e+02 3.60000000e+01 3.28284612e+00
 5.61000000e+02 3.60000000e+01 3.37108605e+00
 5.62000000e+02 3.60000000e+01 3.45920020e+00
 5.63000000e+02 3.60000000e+01 3.54693899e+00
 5.64000000e+02 3.60000000e+01 3.63405285e+00
 5.65000000e+02 3.60000000e+01 3.72029220e+00
 5.66000000e+02 3.60000000e+01 3.80540747e+00
 5.67000000e+02 3.60000000e+01 3.88914908e+00
 5.68000000e+02 3.60000000e+01 3.97126747e+00
 5.69000000e+02 3.60000000e+01 4.05151305e+00
 5.70000000e+02 3.60000000e+01 4.12963625e+00
 5.71000000e+02 3.60000000e+01 4.20538749e+00
 5.72000000e+02 3.60000000e+01 4.27851721e+00
 5.73000000e+02 3.60000000e+01 4.34877583e+00
 5.74000000e+02 3.60000000e+01 4.41591378e+00
 5.75000000e+02 3.60000000e+01 4.47968147e+00
 5.76000000e+02 3.60000000e+01 4.53982934e+00
 5.77000000e+02 3.60000000e+01 4.59610782e+00
 5.78000000e+02 3.60000000e+01 4.64826732e+00
 5.79000000e+02 3.60000000e+01 4.69605828e+00
 5.80000000e+02 3.60000000e+01 4.73923111e+00
 5.81000000e+02 3.60000000e+01 4.77753626e+00
 5.82000000e+02 3.60000000e+01 4.50286605e+00
 5.83000000e+02 3.60000000e+01 4.53076420e+00
 5.84000000e+02 3.60000000e+01 4.55346360e+00
 5.85000000e+02 3.60000000e+01 4.57113232e+00
 5.86000000e+02 3.60000000e+01 4.58393846e+00
 5.87000000e+02 3.60000000e+01 4.59205010e+00
 5.88000000e+02 3.60000000e+01 4.59563531e+00
 5.89000000e+02 3.60000000e+01 4.59486220e+00
 5.90000000e+02 3.60000000e+01 4.58989883e+00
 5.91000000e+02 3.60000000e+01 4.58091331e+00
 5.92000000e+02 3.60000000e+01 4.56807370e+00
 5.93000000e+02 3.60000000e+01 4.55154811e+00
 5.94000000e+02 3.60000000e+01 4.53150460e+00
 5.95000000e+02 3.60000000e+01 4.50811127e+00
 5.96000000e+02 3.60000000e+01 4.48153620e+00
 5.97000000e+02 3.60000000e+01 4.45194748e+00
 5.98000000e+02 3.60000000e+01 4.41951319e+00
 5.99000000e+02 3.60000000e+01 4.38440142e+00
 6.00000000e+02 3.60000000e+01 4.34678025e+00
 6.01000000e+02 3.60000000e+01 4.30681776e+00
 6.02000000e+02 3.60000000e+01 4.26468204e+00
 6.03000000e+02 3.60000000e+01 4.22054119e+00
 6.04000000e+02 3.60000000e+01 4.17456327e+00
 6.05000000e+02 3.60000000e+01 4.12691637e+00
 6.06000000e+02 3.60000000e+01 4.07776859e+00
 6.07000000e+02 3.60000000e+01 4.02728800e+00
 6.08000000e+02 3.60000000e+01 3.97564269e+00
 6.09000000e+02 3.60000000e+01 3.92300075e+00
 6.10000000e+02 3.60000000e+01 3.86953026e+00
 6.11000000e+02 3.60000000e+01 3.81539930e+00
 6.12000000e+02 3.60000000e+01 3.76077596e+00
 6.13000000e+02 3.60000000e+01 3.70582833e+00
 6.14000000e+02 3.60000000e+01 3.65072449e+00
 6.15000000e+02 3.60000000e+01 3.59563252e+00
 6.16000000e+02 3.60000000e+01 3.54072051e+00
 6.17000000e+02 3.60000000e+01 3.48615654e+00
 6.18000000e+02 3.60000000e+01 3.43210871e+00
 6.19000000e+02 3.60000000e+01 3.37874509e+00
 6.20000000e+02 3.60000000e+01 3.32623376e+00
 6.21000000e+02 3.60000000e+01 3.27474283e+00
 6.22000000e+02 3.60000000e+01 3.22444036e+00
 6.23000000e+02 3.60000000e+01 3.17549444e+00
 6.24000000e+02 3.60000000e+01 3.12807316e+00
 6.25000000e+02 3.60000000e+01 3.08234461e+00
 6.26000000e+02 3.60000000e+01 3.03847686e+00
 6.27000000e+02 3.60000000e+01 2.99663801e+00
 6.28000000e+02 3.60000000e+01 2.95699613e+00
 6.29000000e+02 3.60000000e+01 2.91971932e+00
 6.30000000e+02 3.60000000e+01 2.88497566e+00
 6.31000000e+02 3.60000000e+01 2.85293323e+00
 6.32000000e+02 3.60000000e+01 2.82376012e+00
 6.33000000e+02 3.60000000e+01 2.79762441e+00
 6.34000000e+02 3.60000000e+01 2.77469418e+00
 6.35000000e+02 3.60000000e+01 2.75513753e+00
 6.36000000e+02 3.60000000e+01 2.73912254e+00
 6.37000000e+02 3.60000000e+01 2.72681729e+00
 6.38000000e+02 3.60000000e+01 2.71838987e+00
 6.39000000e+02 3.60000000e+01 2.71400835e+00
 6.40000000e+02 3.60000000e+01 2.78496803e+00
 6.41000000e+02 3.60000000e+01 2.78911065e+00
 6.42000000e+02 3.60000000e+01 2.79739215e+00
 6.43000000e+02 3.60000000e+01 2.80956934e+00
 6.44000000e+02 3.60000000e+01 2.82539899e+00
 6.45000000e+02 3.60000000e+01 2.84463792e+00
 6.46000000e+02 3.60000000e+01 2.86704292e+00
 6.47000000e+02 3.60000000e+01 2.89237079e+00
 6.48000000e+02 3.60000000e+01 2.92037833e+00
 6.49000000e+02 3.60000000e+01 2.95082233e+00
 6.50000000e+02 3.60000000e+01 2.98345959e+00
 6.51000000e+02 3.60000000e+01 3.01804692e+00
 6.52000000e+02 3.60000000e+01 3.05434110e+00
 6.53000000e+02 3.60000000e+01 3.09209894e+00
 6.54000000e+02 3.60000000e+01 3.13107723e+00
 6.55000000e+02 3.60000000e+01 3.17103277e+00
 6.56000000e+02 3.60000000e+01 3.21172236e+00
 6.57000000e+02 3.60000000e+01 3.25290280e+00
 6.58000000e+02 3.60000000e+01 3.29433089e+00
 6.59000000e+02 3.60000000e+01 3.33576342e+00
 6.60000000e+02 3.60000000e+01 3.37695719e+00
 6.61000000e+02 3.60000000e+01 3.41766900e+00
 6.62000000e+02 3.60000000e+01 3.45765564e+00
 6.63000000e+02 3.60000000e+01 3.49667392e+00
 6.64000000e+02 3.60000000e+01 3.53448064e+00
 6.65000000e+02 3.60000000e+01 3.57083258e+00
 6.66000000e+02 3.60000000e+01 3.60548655e+00
 6.67000000e+02 3.60000000e+01 3.63819935e+00
 6.68000000e+02 3.60000000e+01 3.66872777e+00
 6.69000000e+02 3.60000000e+01 3.69682861e+00
 6.70000000e+02 3.60000000e+01 3.72225867e+00
 6.71000000e+02 3.60000000e+01 3.74477476e+00
 6.72000000e+02 3.60000000e+01 3.76413365e+00
 6.73000000e+02 3.60000000e+01 3.78009216e+00
 6.74000000e+02 3.60000000e+01 3.79240708e+00
 6.75000000e+02 3.60000000e+01 3.80083521e+00
 6.76000000e+02 3.60000000e+01 3.80513335e+00
 6.77000000e+02 3.60000000e+01 3.80505829e+00
 6.78000000e+02 3.60000000e+01 3.80036683e+00
 6.79000000e+02 3.60000000e+01 3.79081578e+00
 6.80000000e+02 3.60000000e+01 3.77616192e+00
 6.81000000e+02 3.60000000e+01 3.75616206e+00
 6.82000000e+02 3.60000000e+01 3.73057299e+00
 6.83000000e+02 3.60000000e+01 3.69915151e+00
 6.84000000e+02 3.60000000e+01 3.66165443e+00
 6.85000000e+02 3.60000000e+01 3.61783853e+00
 6.86000000e+02 3.60000000e+01 3.56746062e+00
 6.87000000e+02 3.60000000e+01 3.51027749e+00
 6.88000000e+02 3.60000000e+01 3.44604594e+00
 6.89000000e+02 3.60000000e+01 3.37452278e+00
 6.90000000e+02 3.60000000e+01 3.29546478e+00
 6.91000000e+02 3.60000000e+01 3.20862877e+00
 6.92000000e+02 3.60000000e+01 3.11377152e+00
 6.93000000e+02 3.60000000e+01 3.01064985e+00
 6.94000000e+02 3.60000000e+01 2.89902055e+00
 6.95000000e+02 3.60000000e+01 2.77864041e+00
 6.96000000e+02 3.60000000e+01 2.64926623e+00
 6.97000000e+02 3.60000000e+01 2.51065482e+00
 6.98000000e+02 3.60000000e+01 2.36256297e+00
