 3.00000000e+00 3.30000000e+01 8.23631433e+00
 4.00000000e+00 3.30000000e+01 8.17570059e+00
 5.00000000e+00 3.30000000e+01 8.11860991e+00
 6.00000000e+00 3.30000000e+01 8.06494532e+00
 7.00000000e+00 3.30000000e+01 8.01460980e+00
 8.00000000e+00 3.30000000e+01 7.96750638e+00
 9.00000000e+00 3.30000000e+01 7.92353807e+00
 1.00000000e+01 3.30000000e+01 7.88260787e+00
 1.10000000e+01 3.30000000e+01 7.84461879e+00
 1.20000000e+01 3.30000000e+01 7.80947384e+00
 1.30000000e+01 3.30000000e+01 7.77707604e+00
 1.40000000e+01 3.30000000e+01 7.74732839e+00
 1.50000000e+01 3.30000000e+01 7.72013390e+00
 1.60000000e+01 3.30000000e+01 7.69539558e+00
 1.70000000e+01 3.30000000e+01 7.67301644e+00
 1.80000000e+01 3.30000000e+01 7.65289949e+00
 1.90000000e+01 3.30000000e+01 7.63494774e+00
 2.00000000e+01 3.30000000e+01 7.61906420e+00
 2.10000000e+01 3.30000000e+01 7.60515187e+00
 2.20000000e+01 3.30000000e+01 7.59311378e+00
 2.30000000e+01 3.30000000e+01 7.58285292e+00
 2.40000000e+01 3.30000000e+01 7.57427231e+00
 2.50000000e+01 3.30000000e+01 7.56727496e+00
 2.60000000e+01 3.30000000e+01 7.56176387e+00
 2.70000000e+01 3.30000000e+01 7.55764206e+00
 2.80000000e+01 3.30000000e+01 7.55481253e+00
 2.90000000e+01 3.30000000e+01 7.55317829e+00
 3.00000000e+01 3.30000000e+01 7.55264237e+00
 3.10000000e+01 3.30000000e+01 7.55310775e+00
 3.20000000e+01 3.30000000e+01 7.55447746e+00
 3.30000000e+01 3.30000000e+01 7.55665450e+00
 3.40000000e+01 3.30000000e+01 7.55954188e+00
 3.50000000e+01 3.30000000e+01 7.56304262e+00
 3.60000000e+01 3.30000000e+01 7.56705972e+00
 3.70000000e+01 3.30000000e+01 7.57149618e+00
 3.80000000e+01 3.30000000e+01 7.57625503e+00
 3.90000000e+01 3.30000000e+01 7.58123927e+00
 4.00000000e+01 3.30000000e+01 7.58635191e+00
 4.10000000e+01 3.30000000e+01 7.59149595e+00
 4.20000000e+01 3.30000000e+01 7.59657442e+00
 4.30000000e+01 3.30000000e+01 7.60149031e+00
 4.40000000e+01 3.30000000e+01 7.60614664e+00
 4.50000000e+01 3.30000000e+01 7.61044642e+00
 4.60000000e+01 3.30000000e+01 7.61429266e+00
 4.70000000e+01 3.30000000e+01 7.61758836e+00
 4.80000000e+01 3.30000000e+01 7.62023653e+00
 4.90000000e+01 3.30000000e+01 7.62214020e+00
 5.00000000e+01 3.30000000e+01 7.62320235e+00
 5.10000000e+01 3.30000000e+01 7.62332602e+00
 5.20000000e+01 3.30000000e+01 7.62241419e+00
 5.30000000e+01 3.30000000e+01 7.62036989e+00
 5.40000000e+01 3.30000000e+01 7.61709612e+00
 5.50000000e+01 3.30000000e+01 7.61249590e+00
 5.60000000e+01 3.30000000e+01 7.60647222e+00
 5.70000000e+01 3.30000000e+01 7.59892811e+00
 5.80000000e+01 3.30000000e+01 7.58976657e+00
 5.90000000e+01 3.30000000e+01 7.57889061e+00
 6.00000000e+01 3.30000000e+01 7.56620324e+00
 6.10000000e+01 3.30000000e+01 7.58719448e+00
 6.20000000e+01 3.30000000e+01 7.57062459e+00
 6.30000000e+01 3.30000000e+01 7.55212705e+00
 6.40000000e+01 3.30000000e+01 7.53177958e+00
 6.50000000e+01 3.30000000e+01 7.50965993e+00
 6.60000000e+01 3.30000000e+01 7.48584582e+00
 6.70000000e+01 3.30000000e+01 7.46041499e+00
 6.80000000e+01 3.30000000e+01 7.43344517e+00
 6.90000000e+01 3.30000000e+01 7.40501410e+00
 7.00000000e+01 3.30000000e+01 7.37519950e+00
 7.10000000e+01 3.30000000e+01 7.34407912e+00
 7.20000000e+01 3.30000000e+01 7.31173069e+00
 7.30000000e+01 3.30000000e+01 7.27823195e+00
 7.40000000e+01 3.30000000e+01 7.24366061e+00
 7.50000000e+01 3.30000000e+01 7.20809443e+00
 7.60000000e+01 3.30000000e+01 7.17161113e+00
 7.70000000e+01 3.30000000e+01 7.13428845e+00
 7.80000000e+01 3.30000000e+01 7.09620412e+00
 7.90000000e+01 3.30000000e+01 7.05743587e+00
 8.00000000e+01 3.30000000e+01 7.01806145e+00
 8.10000000e+01 3.30000000e+01 6.97815857e+00
 8.20000000e+01 3.30000000e+01 6.93780498e+00
 8.30000000e+01 3.30000000e+01 6.89707842e+00
 8.40000000e+01 3.30000000e+01 6.85605661e+00
 8.50000000e+01 3.30000000e+01 6.81481728e+00
 8.60000000e+01 3.30000000e+01 6.77343818e+00
 8.70000000e+01 3.30000000e+01 6.73199704e+00
 8.80000000e+01 3.30000000e+01 6.69057158e+00
 8.90000000e+01 3.30000000e+01 6.64923955e+00
 9.00000000e+01 3.30000000e+01 6.60807868e+00
 9.10000000e+01 3.30000000e+01 6.56716670e+00
 9.20000000e+01 3.30000000e+01 6.52658134e+00
 9.30000000e+01 3.30000000e+01 6.48640034e+00
 9.40000000e+01 3.30000000e+01 6.44670144e+00
 9.50000000e+01 3.30000000e+01 6.40756236e+00
 9.60000000e+01 3.30000000e+01 6.36906085e+00
 9.70000000e+01 3.30000000e+01 6.33127463e+00
 9.80000000e+01 3.30000000e+01 6.29428144e+00
 9.90000000e+01 3.30000000e+01 6.25815901e+00
 1.00000000e+02 3.30000000e+01 6.22298508e+00
 1.01000000e+02 3.30000000e+01 6.18883737e+00
 1.02000000e+02 3.30000000e+01 6.15579364e+00
 1.03000000e+02 3.30000000e+01 6.12393160e+00
 1.04000000e+02 3.30000000e+01 6.09332899e+00
 1.05000000e+02 3.30000000e+01 6.06406355e+00
 1.06000000e+02 3.30000000e+01 6.03621301e+00
 1.07000000e+02 3.30000000e+01 6.00985510e+00
 1.08000000e+02 3.30000000e+01 5.98506756e+00
 1.09000000e+02 3.30000000e+01 5.96192812e+00
 1.10000000e+02 3.30000000e+01 5.94051452e+00
 1.11000000e+02 3.30000000e+01 5.92090449e+00
 1.12000000e+02 3.30000000e+01 5.90317576e+00
 1.13000000e+02 3.30000000e+01 5.88740606e+00
 1.14000000e+02 3.30000000e+01 5.87367314e+00
 1.15000000e+02 3.30000000e+01 5.86205472e+00
 1.16000000e+02 3.30000000e+01 5.85262854e+00
 1.17000000e+02 3.30000000e+01 5.84547234e+00
 1.18000000e+02 3.30000000e+01 5.84066384e+00
 1.19000000e+02 3.30000000e+01 5.75134605e+00
 1.20000000e+02 3.30000000e+01 5.75143167e+00
 1.21000000e+02 3.30000000e+01 5.75390856e+00
 1.22000000e+02 3.30000000e+01 5.75866479e+00
 1.23000000e+02 3.30000000e+01 5.76558847e+00
 1.24000000e+02 3.30000000e+01 5.77456768e+00
 1.25000000e+02 3.30000000e+01 5.78549051e+00
 1.26000000e+02 3.30000000e+01 5.79824504e+00
 1.27000000e+02 3.30000000e+01 5.81271937e+00
 1.28000000e+02 3.30000000e+01 5.82880159e+00
 1.29000000e+02 3.30000000e+01 5.84637978e+00
 1.30000000e+02 3.30000000e+01 5.86534203e+00
 1.31000000e+02 3.30000000e+01 5.88557644e+00
 1.32000000e+02 3.30000000e+01 5.90697109e+00
 1.33000000e+02 3.30000000e+01 5.92941406e+00
 1.34000000e+02 3.30000000e+01 5.95279346e+00
 1.35000000e+02 3.30000000e+01 5.97699736e+00
 1.36000000e+02 3.30000000e+01 6.00191385e+00
 1.37000000e+02 3.30000000e+01 6.02743104e+00
 1.38000000e+02 3.30000000e+01 6.05343699e+00
 1.39000000e+02 3.30000000e+01 6.07981981e+00
 1.40000000e+02 3.30000000e+01 6.10646758e+00
 1.41000000e+02 3.30000000e+01 6.13326839e+00
 1.42000000e+02 3.30000000e+01 6.16011034e+00
 1.43000000e+02 3.30000000e+01 6.18688149e+00
 1.44000000e+02 3.30000000e+01 6.21346996e+00
 1.45000000e+02 3.30000000e+01 6.23976382e+00
 1.46000000e+02 3.30000000e+01 6.26565117e+00
 1.47000000e+02 3.30000000e+01 6.29102009e+00
 1.48000000e+02 3.30000000e+01 6.31575867e+00
 1.49000000e+02 3.30000000e+01 6.33975501e+00
 1.50000000e+02 3.30000000e+01 6.36289718e+00
 1.51000000e+02 3.30000000e+01 6.38507329e+00
 1.52000000e+02 3.30000000e+01 6.40617141e+00
 1.53000000e+02 3.30000000e+01 6.42607964e+00
 1.54000000e+02 3.30000000e+01 6.44468606e+00
 1.55000000e+02 3.30000000e+01 6.46187877e+00
 1.56000000e+02 3.30000000e+01 6.47754585e+00
 1.57000000e+02 3.30000000e+01 6.49157540e+00
 1.58000000e+02 3.30000000e+01 6.50385549e+00
 1.59000000e+02 3.30000000e+01 6.51427423e+00
 1.60000000e+02 3.30000000e+01 6.52271969e+00
 1.61000000e+02 3.30000000e+01 6.52907998e+00
 1.62000000e+02 3.30000000e+01 6.53324317e+00
 1.63000000e+02 3.30000000e+01 6.53509735e+00
 1.64000000e+02 3.30000000e+01 6.53453062e+00
 1.65000000e+02 3.30000000e+01 6.53143106e+00
 1.66000000e+02 3.30000000e+01 6.52568677e+00
 1.67000000e+02 3.30000000e+01 6.51718582e+00
 1.68000000e+02 3.30000000e+01 6.50581632e+00
 1.69000000e+02 3.30000000e+01 6.49146634e+00
 1.70000000e+02 3.30000000e+01 6.47402399e+00
 1.71000000e+02 3.30000000e+01 6.45337733e+00
 1.72000000e+02 3.30000000e+01 6.42941448e+00
 1.73000000e+02 3.30000000e+01 6.40202351e+00
 1.74000000e+02 3.30000000e+01 6.37109251e+00
 1.75000000e+02 3.30000000e+01 6.33650957e+00
 1.76000000e+02 3.30000000e+01 6.29816278e+00
 1.77000000e+02 3.30000000e+01 6.46151392e+00
 1.78000000e+02 3.30000000e+01 6.41536052e+00
 1.79000000e+02 3.30000000e+01 6.36541598e+00
 1.80000000e+02 3.30000000e+01 6.31187683e+00
 1.81000000e+02 3.30000000e+01 6.25493959e+00
 1.82000000e+02 3.30000000e+01 6.19480081e+00
 1.83000000e+02 3.30000000e+01 6.13165700e+00
 1.84000000e+02 3.30000000e+01 6.06570471e+00
 1.85000000e+02 3.30000000e+01 5.99714045e+00
 1.86000000e+02 3.30000000e+01 5.92616077e+00
 1.87000000e+02 3.30000000e+01 5.85296219e+00
 1.88000000e+02 3.30000000e+01 5.77774123e+00
 1.89000000e+02 3.30000000e+01 5.70069444e+00
 1.90000000e+02 3.30000000e+01 5.62201834e+00
 1.91000000e+02 3.30000000e+01 5.54190946e+00
 1.92000000e+02 3.30000000e+01 5.46056433e+00
 1.93000000e+02 3.30000000e+01 5.37817949e+00
 1.94000000e+02 3.30000000e+01 5.29495146e+00
 1.95000000e+02 3.30000000e+01 5.21107677e+00
 1.96000000e+02 3.30000000e+01 5.12675195e+00
 1.97000000e+02 3.30000000e+01 5.04217354e+00
 1.98000000e+02 3.30000000e+01 4.95753806e+00
 1.99000000e+02 3.30000000e+01 4.87304204e+00
 2.00000000e+02 3.30000000e+01 4.78888202e+00
 2.01000000e+02 3.30000000e+01 4.70525452e+00
 2.02000000e+02 3.30000000e+01 4.62235608e+00
 2.03000000e+02 3.30000000e+01 4.54038322e+00
 2.04000000e+02 3.30000000e+01 4.45953247e+00
 2.05000000e+02 3.30000000e+01 4.38000038e+00
 2.06000000e+02 3.30000000e+01 4.30198345e+00
 2.07000000e+02 3.30000000e+01 4.22567824e+00
 2.08000000e+02 3.30000000e+01 4.15128126e+00
 2.09000000e+02 3.30000000e+01 4.07898904e+00
 2.10000000e+02 3.30000000e+01 4.00899813e+00
 2.11000000e+02 3.30000000e+01 3.94150504e+00
 2.12000000e+02 3.30000000e+01 3.87670630e+00
 2.13000000e+02 3.30000000e+01 3.81479846e+00
 2.14000000e+02 3.30000000e+01 3.75597803e+00
 2.15000000e+02 3.30000000e+01 3.70044155e+00
 2.16000000e+02 3.30000000e+01 3.64838555e+00
 2.17000000e+02 3.30000000e+01 3.60000656e+00
 2.18000000e+02 3.30000000e+01 3.55550111e+00
 2.19000000e+02 3.30000000e+01 3.51506572e+00
 2.20000000e+02 3.30000000e+01 3.47889694e+00
 2.21000000e+02 3.30000000e+01 3.44719128e+00
 2.22000000e+02 3.30000000e+01 3.42014529e+00
 2.23000000e+02 3.30000000e+01 3.39795549e+00
 2.24000000e+02 3.30000000e+01 3.38081840e+00
 2.25000000e+02 3.30000000e+01 3.36893057e+00
 2.26000000e+02 3.30000000e+01 3.36248852e+00
 2.27000000e+02 3.30000000e+01 3.36168878e+00
 2.28000000e+02 3.30000000e+01 3.36672788e+00
 2.29000000e+02 3.30000000e+01 3.37780235e+00
 2.30000000e+02 3.30000000e+01 3.39510872e+00
 2.31000000e+02 3.30000000e+01 3.41884353e+00
 2.32000000e+02 3.30000000e+01 3.44920330e+00
 2.33000000e+02 3.30000000e+01 3.48638456e+00
 2.34000000e+02 3.30000000e+01 3.53058385e+00
 2.35000000e+02 3.30000000e+01 3.14754648e+00
 2.36000000e+02 3.30000000e+01 3.20626582e+00
 2.37000000e+02 3.30000000e+01 3.27201399e+00
 2.38000000e+02 3.30000000e+01 3.34440871e+00
 2.39000000e+02 3.30000000e+01 3.42306772e+00
 2.40000000e+02 3.30000000e+01 3.50760875e+00
 2.41000000e+02 3.30000000e+01 3.59764954e+00
 2.42000000e+02 3.30000000e+01 3.69280782e+00
 2.43000000e+02 3.30000000e+01 3.79270133e+00
 2.44000000e+02 3.30000000e+01 3.89694780e+00
 2.45000000e+02 3.30000000e+01 4.00516497e+00
 2.46000000e+02 3.30000000e+01 4.11697056e+00
 2.47000000e+02 3.30000000e+01 4.23198232e+00
 2.48000000e+02 3.30000000e+01 4.34981798e+00
 2.49000000e+02 3.30000000e+01 4.47009528e+00
 2.50000000e+02 3.30000000e+01 4.59243194e+00
 2.51000000e+02 3.30000000e+01 4.71644571e+00
 2.52000000e+02 3.30000000e+01 4.84175431e+00
 2.53000000e+02 3.30000000e+01 4.96797549e+00
 2.54000000e+02 3.30000000e+01 5.09472698e+00
 2.55000000e+02 3.30000000e+01 5.22162650e+00
 2.56000000e+02 3.30000000e+01 5.34829181e+00
 2.57000000e+02 3.30000000e+01 5.47434062e+00
 2.58000000e+02 3.30000000e+01 5.59939068e+00
 2.59000000e+02 3.30000000e+01 5.72305972e+00
 2.60000000e+02 3.30000000e+01 5.84496548e+00
 2.61000000e+02 3.30000000e+01 5.96472568e+00
 2.62000000e+02 3.30000000e+01 6.08195807e+00
 2.63000000e+02 3.30000000e+01 6.19628038e+00
 2.64000000e+02 3.30000000e+01 6.30731034e+00
 2.65000000e+02 3.30000000e+01 6.41466569e+00
 2.66000000e+02 3.30000000e+01 6.51796416e+00
 2.67000000e+02 3.30000000e+01 6.61682349e+00
 2.68000000e+02 3.30000000e+01 6.71086141e+00
 2.69000000e+02 3.30000000e+01 6.79969565e+00
 2.70000000e+02 3.30000000e+01 6.88294396e+00
 2.71000000e+02 3.30000000e+01 6.96022406e+00
 2.72000000e+02 3.30000000e+01 7.03115369e+00
 2.73000000e+02 3.30000000e+01 7.09535059e+00
 2.74000000e+02 3.30000000e+01 7.15243249e+00
 2.75000000e+02 3.30000000e+01 7.20201712e+00
 2.76000000e+02 3.30000000e+01 7.24372222e+00
 2.77000000e+02 3.30000000e+01 7.27716552e+00
 2.78000000e+02 3.30000000e+01 7.30196476e+00
 2.79000000e+02 3.30000000e+01 7.31773767e+00
 2.80000000e+02 3.30000000e+01 7.32410199e+00
 2.81000000e+02 3.30000000e+01 7.32067545e+00
 2.82000000e+02 3.30000000e+01 7.30707579e+00
 2.83000000e+02 3.30000000e+01 7.28292073e+00
 2.84000000e+02 3.30000000e+01 7.24782802e+00
 2.85000000e+02 3.30000000e+01 7.20141540e+00
 2.86000000e+02 3.30000000e+01 7.14330058e+00
 2.87000000e+02 3.30000000e+01 7.07310132e+00
 2.88000000e+02 3.30000000e+01 6.99043534e+00
 2.89000000e+02 3.30000000e+01 6.89492037e+00
 2.90000000e+02 3.30000000e+01 6.78617416e+00
 2.91000000e+02 3.30000000e+01 6.66381444e+00
 2.92000000e+02 3.30000000e+01 6.52745894e+00
 2.93000000e+02 3.30000000e+01 7.09606425e+00
 2.94000000e+02 3.30000000e+01 6.93072865e+00
 2.95000000e+02 3.30000000e+01 6.75114088e+00
 2.96000000e+02 3.30000000e+01 6.55780905e+00
 2.97000000e+02 3.30000000e+01 6.35124131e+00
 2.98000000e+02 3.30000000e+01 6.13194579e+00
 2.99000000e+02 3.30000000e+01 5.90043062e+00
 3.00000000e+02 3.30000000e+01 5.65720394e+00
 3.01000000e+02 3.30000000e+01 5.40277386e+00
 3.02000000e+02 3.30000000e+01 5.13764853e+00
 3.03000000e+02 3.30000000e+01 4.86233608e+00
 3.04000000e+02 3.30000000e+01 4.57734464e+00
 3.05000000e+02 3.30000000e+01 4.28318234e+00
 3.06000000e+02 3.30000000e+01 3.98035732e+00
 3.07000000e+02 3.30000000e+01 3.66937769e+00
 3.08000000e+02 3.30000000e+01 3.35075161e+00
 3.09000000e+02 3.30000000e+01 3.02498720e+00
 3.10000000e+02 3.30000000e+01 2.69259259e+00
 3.11000000e+02 3.30000000e+01 2.35407591e+00
 3.12000000e+02 3.30000000e+01 2.00994529e+00
 3.13000000e+02 3.30000000e+01 1.66070888e+00
 3.14000000e+02 3.30000000e+01 1.30687479e+00
 3.15000000e+02 3.30000000e+01 9.48951161e-01
 3.16000000e+02 3.30000000e+01 5.87446127e-01
 3.17000000e+02 3.30000000e+01 2.22867819e-01
 3.18000000e+02 3.30000000e+01 -1.44275633e-01
 3.19000000e+02 3.30000000e+01 -5.13476097e-01
 3.20000000e+02 3.30000000e+01 -8.84225439e-01
 3.21000000e+02 3.30000000e+01 -1.25601553e+00
 3.22000000e+02 3.30000000e+01 -1.62833823e+00
 3.23000000e+02 3.30000000e+01 -2.00068542e+00
 3.24000000e+02 3.30000000e+01 -2.37254896e+00
 3.25000000e+02 3.30000000e+01 -2.74342072e+00
 3.26000000e+02 3.30000000e+01 -3.11279257e+00
 3.27000000e+02 3.30000000e+01 -3.48015637e+00
 3.28000000e+02 3.30000000e+01 -3.84500400e+00
 3.29000000e+02 3.30000000e+01 -4.20682732e+00
 3.30000000e+02 3.30000000e+01 -4.56511819e+00
 3.31000000e+02 3.30000000e+01 -4.91936850e+00
 3.32000000e+02 3.30000000e+01 -5.26907010e+00
 3.33000000e+02 3.30000000e+01 -5.61371487e+00
 3.34000000e+02 3.30000000e+01 -5.95279467e+00
 3.35000000e+02 3.30000000e+01 -6.28580136e+00
 3.36000000e+02 3.30000000e+01 -6.61222683e+00
 3.37000000e+02 3.30000000e+01 -6.93156293e+00
 3.38000000e+02 3.30000000e+01 -7.24330154e+00
 3.39000000e+02 3.30000000e+01 -7.54693452e+00
 3.40000000e+02 3.30000000e+01 -7.84195374e+00
 3.41000000e+02 3.30000000e+01 -8.12785107e+00
 3.42000000e+02 3.30000000e+01 -8.40411837e+00
 3.43000000e+02 3.30000000e+01 -8.67024752e+00
 3.44000000e+02 3.30000000e+01 -8.92573038e+00
 3.45000000e+02 3.30000000e+01 -9.17005882e+00
 3.46000000e+02 3.30000000e+01 -9.40272471e+00
 3.47000000e+02 3.30000000e+01 -9.62321992e+00
 3.48000000e+02 3.30000000e+01 -9.83103631e+00
 3.49000000e+02 3.30000000e+01 -1.00256658e+01
 3.50000000e+02 3.30000000e+01 -1.02066001e+01
 3.51000000e+02 3.30000000e+01 -1.11068134e+01
 3.52000000e+02 3.30000000e+01 -1.12589661e+01
 3.53000000e+02 3.30000000e+01 -1.13966846e+01
 3.54000000e+02 3.30000000e+01 -1.15202462e+01
 3.55000000e+02 3.30000000e+01 -1.16299280e+01
 3.56000000e+02 3.30000000e+01 -1.17260071e+01
 3.57000000e+02 3.30000000e+01 -1.18087609e+01
 3.58000000e+02 3.30000000e+01 -1.18784663e+01
 3.59000000e+02 3.30000000e+01 -1.19354007e+01
 3.60000000e+02 3.30000000e+01 -1.19798412e+01
 3.61000000e+02 3.30000000e+01 -1.20120649e+01
 3.62000000e+02 3.30000000e+01 -1.20323492e+01
 3.63000000e+02 3.30000000e+01 -1.20409711e+01
 3.64000000e+02 3.30000000e+01 -1.20382078e+01
 3.65000000e+02 3.30000000e+01 -1.20243365e+01
 3.66000000e+02 3.30000000e+01 -1.19996344e+01
 3.67000000e+02 3.30000000e+01 -1.19643787e+01
 3.68000000e+02 3.30000000e+01 -1.19188465e+01
 3.69000000e+02 3.30000000e+01 -1.18633150e+01
 3.70000000e+02 3.30000000e+01 -1.17980615e+01
 3.71000000e+02 3.30000000e+01 -1.17233631e+01
 3.72000000e+02 3.30000000e+01 -1.16394969e+01
 3.73000000e+02 3.30000000e+01 -1.15467402e+01
 3.74000000e+02 3.30000000e+01 -1.14453701e+01
 3.75000000e+02 3.30000000e+01 -1.13356639e+01
 3.76000000e+02 3.30000000e+01 -1.12178986e+01
 3.77000000e+02 3.30000000e+01 -1.10923516e+01
 3.78000000e+02 3.30000000e+01 -1.09592999e+01
 3.79000000e+02 3.30000000e+01 -1.08190207e+01
 3.80000000e+02 3.30000000e+01 -1.06717912e+01
 3.81000000e+02 3.30000000e+01 -1.05178887e+01
 3.82000000e+02 3.30000000e+01 -1.03575902e+01
 3.83000000e+02 3.30000000e+01 -1.01911730e+01
 3.84000000e+02 3.30000000e+01 -1.00189143e+01
 3.85000000e+02 3.30000000e+01 -9.84109118e+00
 3.86000000e+02 3.30000000e+01 -9.65798086e+00
 3.87000000e+02 3.30000000e+01 -9.46986054e+00
 3.88000000e+02 3.30000000e+01 -9.27700739e+00
 3.89000000e+02 3.30000000e+01 -9.07969859e+00
 3.90000000e+02 3.30000000e+01 -8.87821132e+00
 3.91000000e+02 3.30000000e+01 -8.67282276e+00
 3.92000000e+02 3.30000000e+01 -8.46381010e+00
 3.93000000e+02 3.30000000e+01 -8.25145051e+00
 3.94000000e+02 3.30000000e+01 -8.03602118e+00
 3.95000000e+02 3.30000000e+01 -7.81779929e+00
 3.96000000e+02 3.30000000e+01 -7.59706201e+00
 3.97000000e+02 3.30000000e+01 -7.37408653e+00
 3.98000000e+02 3.30000000e+01 -7.14915003e+00
 3.99000000e+02 3.30000000e+01 -6.92252970e+00
 4.00000000e+02 3.30000000e+01 -6.69450270e+00
 4.01000000e+02 3.30000000e+01 -6.46534622e+00
 4.02000000e+02 3.30000000e+01 -6.23533745e+00
 4.03000000e+02 3.30000000e+01 -6.00475357e+00
 4.04000000e+02 3.30000000e+01 -5.77387175e+00
 4.05000000e+02 3.30000000e+01 -5.54296917e+00
 4.06000000e+02 3.30000000e+01 -5.31232302e+00
 4.07000000e+02 3.30000000e+01 -5.08221048e+00
 4.08000000e+02 3.30000000e+01 -4.85290873e+00
 4.09000000e+02 3.30000000e+01 -3.84690903e+00
 4.10000000e+02 3.30000000e+01 -3.62002954e+00
 4.11000000e+02 3.30000000e+01 -3.39458721e+00
 4.12000000e+02 3.30000000e+01 -3.17065408e+00
 4.13000000e+02 3.30000000e+01 -2.94830215e+00
 4.14000000e+02 3.30000000e+01 -2.72760345e+00
 4.15000000e+02 3.30000000e+01 -2.50863000e+00
 4.16000000e+02 3.30000000e+01 -2.29145381e+00
 4.17000000e+02 3.30000000e+01 -2.07614690e+00
 4.18000000e+02 3.30000000e+01 -1.86278129e+00
 4.19000000e+02 3.30000000e+01 -1.65142900e+00
 4.20000000e+02 3.30000000e+01 -1.44216204e+00
 4.21000000e+02 3.30000000e+01 -1.23505245e+00
 4.22000000e+02 3.30000000e+01 -1.03017222e+00
 4.23000000e+02 3.30000000e+01 -8.27593394e-01
 4.24000000e+02 3.30000000e+01 -6.27387977e-01
 4.25000000e+02 3.30000000e+01 -4.29627990e-01
 4.26000000e+02 3.30000000e+01 -2.34385452e-01
 4.27000000e+02 3.30000000e+01 -4.17323817e-02
 4.28000000e+02 3.30000000e+01 1.48259203e-01
 4.29000000e+02 3.30000000e+01 3.35517282e-01
 4.30000000e+02 3.30000000e+01 5.19969839e-01
 4.31000000e+02 3.30000000e+01 7.01544853e-01
 4.32000000e+02 3.30000000e+01 8.80170308e-01
 4.33000000e+02 3.30000000e+01 1.05577418e+00
 4.34000000e+02 3.30000000e+01 1.22828446e+00
 4.35000000e+02 3.30000000e+01 1.39762912e+00
 4.36000000e+02 3.30000000e+01 1.56373615e+00
 4.37000000e+02 3.30000000e+01 1.72653353e+00
 4.38000000e+02 3.30000000e+01 1.88594923e+00
 4.39000000e+02 3.30000000e+01 2.04191124e+00
 4.40000000e+02 3.30000000e+01 2.19434754e+00
 4.41000000e+02 3.30000000e+01 2.34318612e+00
 4.42000000e+02 3.30000000e+01 2.48835495e+00
 4.43000000e+02 3.30000000e+01 2.62978202e+00
 4.44000000e+02 3.30000000e+01 2.76739530e+00
 4.45000000e+02 3.30000000e+01 2.90112278e+00
 4.46000000e+02 3.30000000e+01 3.03089244e+00
 4.47000000e+02 3.30000000e+01 3.15663226e+00
 4.48000000e+02 3.30000000e+01 3.27827023e+00
 4.49000000e+02 3.30000000e+01 3.39573431e+00
 4.50000000e+02 3.30000000e+01 3.50895251e+00
 4.51000000e+02 3.30000000e+01 3.61785279e+00
 4.52000000e+02 3.30000000e+01 3.72236314e+00
 4.53000000e+02 3.30000000e+01 3.82241154e+00
 4.54000000e+02 3.30000000e+01 3.91792597e+00
 4.55000000e+02 3.30000000e+01 4.00883441e+00
 4.56000000e+02 3.30000000e+01 4.09506485e+00
 4.57000000e+02 3.30000000e+01 4.17654526e+00
 4.58000000e+02 3.30000000e+01 4.25320363e+00
 4.59000000e+02 3.30000000e+01 4.32496794e+00
 4.60000000e+02 3.30000000e+01 4.39176617e+00
 4.61000000e+02 3.30000000e+01 4.45352630e+00
 4.62000000e+02 3.30000000e+01 4.51017631e+00
 4.63000000e+02 3.30000000e+01 4.56164419e+00
 4.64000000e+02 3.30000000e+01 4.60785791e+00
 4.65000000e+02 3.30000000e+01 4.64874546e+00
 4.66000000e+02 3.30000000e+01 4.68423482e+00
 4.67000000e+02 3.30000000e+01 4.42262530e+00
 4.68000000e+02 3.30000000e+01 4.44714788e+00
 4.69000000e+02 3.30000000e+01 4.46628413e+00
 4.70000000e+02 3.30000000e+01 4.48018995e+00
 4.71000000e+02 3.30000000e+01 4.48902124e+00
 4.72000000e+02 3.30000000e+01 4.49293389e+00
 4.73000000e+02 3.30000000e+01 4.49208380e+00
 4.74000000e+02 3.30000000e+01 4.48662686e+00
 4.75000000e+02 3.30000000e+01 4.47671899e+00
 4.76000000e+02 3.30000000e+01 4.46251607e+00
 4.77000000e+02 3.30000000e+01 4.44417400e+00
 4.78000000e+02 3.30000000e+01 4.42184868e+00
 4.79000000e+02 3.30000000e+01 4.39569600e+00
 4.80000000e+02 3.30000000e+01 4.36587188e+00
 4.81000000e+02 3.30000000e+01 4.33253219e+00
 4.82000000e+02 3.30000000e+01 4.29583285e+00
 4.83000000e+02 3.30000000e+01 4.25592974e+00
 4.84000000e+02 3.30000000e+01 4.21297877e+00
 4.85000000e+02 3.30000000e+01 4.16713584e+00
 4.86000000e+02 3.30000000e+01 4.11855683e+00
 4.87000000e+02 3.30000000e+01 4.06739766e+00
 4.88000000e+02 3.30000000e+01 4.01381421e+00
 4.89000000e+02 3.30000000e+01 3.95796239e+00
 4.90000000e+02 3.30000000e+01 3.89999809e+00
 4.91000000e+02 3.30000000e+01 3.84007721e+00
 4.92000000e+02 3.30000000e+01 3.77835565e+00
 4.93000000e+02 3.30000000e+01 3.71498931e+00
 4.94000000e+02 3.30000000e+01 3.65013408e+00
 4.95000000e+02 3.30000000e+01 3.58394586e+00
 4.96000000e+02 3.30000000e+01 3.51658055e+00
 4.97000000e+02 3.30000000e+01 3.44819405e+00
 4.98000000e+02 3.30000000e+01 3.37894225e+00
 4.99000000e+02 3.30000000e+01 3.30898105e+00
 5.00000000e+02 3.30000000e+01 3.23846636e+00
 5.01000000e+02 3.30000000e+01 3.16755406e+00
 5.02000000e+02 3.30000000e+01 3.09640006e+00
 5.03000000e+02 3.30000000e+01 3.02516026e+00
 5.04000000e+02 3.30000000e+01 2.95399054e+00
 5.05000000e+02 3.30000000e+01 2.88304682e+00
 5.06000000e+02 3.30000000e+01 2.81248498e+00
 5.07000000e+02 3.30000000e+01 2.74246092e+00
 5.08000000e+02 3.30000000e+01 2.67313055e+00
 5.09000000e+02 3.30000000e+01 2.60464976e+00
 5.10000000e+02 3.30000000e+01 2.53717445e+00
 5.11000000e+02 3.30000000e+01 2.47086051e+00
 5.12000000e+02 3.30000000e+01 2.40586385e+00
 5.13000000e+02 3.30000000e+01 2.34234036e+00
 5.14000000e+02 3.30000000e+01 2.28044594e+00
 5.15000000e+02 3.30000000e+01 2.22033648e+00
 5.16000000e+02 3.30000000e+01 2.16216789e+00
 5.17000000e+02 3.30000000e+01 2.10609606e+00
 5.18000000e+02 3.30000000e+01 2.05227690e+00
 5.19000000e+02 3.30000000e+01 2.00086629e+00
 5.20000000e+02 3.30000000e+01 1.95202013e+00
 5.21000000e+02 3.30000000e+01 1.90589433e+00
 5.22000000e+02 3.30000000e+01 1.86264478e+00
 5.23000000e+02 3.30000000e+01 1.82242738e+00
 5.24000000e+02 3.30000000e+01 1.78539803e+00
 5.25000000e+02 3.30000000e+01 1.97349930e+00
 5.26000000e+02 3.30000000e+01 1.94326676e+00
 5.27000000e+02 3.30000000e+01 1.91643595e+00
 5.28000000e+02 3.30000000e+01 1.89290877e+00
 5.29000000e+02 3.30000000e+01 1.87258712e+00
 5.30000000e+02 3.30000000e+01 1.85537289e+00
 5.31000000e+02 3.30000000e+01 1.84116797e+00
 5.32000000e+02 3.30000000e+01 1.82987427e+00
 5.33000000e+02 3.30000000e+01 1.82139367e+00
 5.34000000e+02 3.30000000e+01 1.81562807e+00
 5.35000000e+02 3.30000000e+01 1.81247936e+00
 5.36000000e+02 3.30000000e+01 1.81184944e+00
 5.37000000e+02 3.30000000e+01 1.81364021e+00
 5.38000000e+02 3.30000000e+01 1.81775356e+00
 5.39000000e+02 3.30000000e+01 1.82409137e+00
 5.40000000e+02 3.30000000e+01 1.83255556e+00
 5.41000000e+02 3.30000000e+01 1.84304801e+00
 5.42000000e+02 3.30000000e+01 1.85547061e+00
 5.43000000e+02 3.30000000e+01 1.86972527e+00
 5.44000000e+02 3.30000000e+01 1.88571387e+00
 5.45000000e+02 3.30000000e+01 1.90333831e+00
 5.46000000e+02 3.30000000e+01 1.92250049e+00
 5.47000000e+02 3.30000000e+01 1.94310230e+00
 5.48000000e+02 3.30000000e+01 1.96504563e+00
 5.49000000e+02 3.30000000e+01 1.98823239e+00
 5.50000000e+02 3.30000000e+01 2.01256446e+00
 5.51000000e+02 3.30000000e+01 2.03794374e+00
 5.52000000e+02 3.30000000e+01 2.06427212e+00
 5.53000000e+02 3.30000000e+01 2.09145150e+00
 5.54000000e+02 3.30000000e+01 2.11938377e+00
 5.55000000e+02 3.30000000e+01 2.14797083e+00
 5.56000000e+02 3.30000000e+01 2.17711458e+00
 5.57000000e+02 3.30000000e+01 2.20671690e+00
 5.58000000e+02 3.30000000e+01 2.23667969e+00
 5.59000000e+02 3.30000000e+01 2.26690485e+00
 5.60000000e+02 3.30000000e+01 2.29729427e+00
 5.61000000e+02 3.30000000e+01 2.32774985e+00
 5.62000000e+02 3.30000000e+01 2.35817348e+00
 5.63000000e+02 3.30000000e+01 2.38846705e+00
 5.64000000e+02 3.30000000e+01 2.41853247e+00
 5.65000000e+02 3.30000000e+01 2.44827161e+00
 5.66000000e+02 3.30000000e+01 2.47758639e+00
 5.67000000e+02 3.30000000e+01 2.50637869e+00
 5.68000000e+02 3.30000000e+01 2.53455041e+00
 5.69000000e+02 3.30000000e+01 2.56200345e+00
 5.70000000e+02 3.30000000e+01 2.58863969e+00
 5.71000000e+02 3.30000000e+01 2.61436104e+00
 5.72000000e+02 3.30000000e+01 2.63906938e+00
 5.73000000e+02 3.30000000e+01 2.66266661e+00
 5.74000000e+02 3.30000000e+01 2.68505463e+00
 5.75000000e+02 3.30000000e+01 2.70613534e+00
 5.76000000e+02 3.30000000e+01 2.72581062e+00
 5.77000000e+02 3.30000000e+01 2.74398237e+00
 5.78000000e+02 3.30000000e+01 2.76055248e+00
 5.79000000e+02 3.30000000e+01 2.77542286e+00
 5.80000000e+02 3.30000000e+01 2.78849539e+00
 5.81000000e+02 3.30000000e+01 2.79967197e+00
 5.82000000e+02 3.30000000e+01 2.80885450e+00
 5.83000000e+02 3.30000000e+01 2.70061140e+00
 5.84000000e+02 3.30000000e+01 2.70554280e+00
 5.85000000e+02 3.30000000e+01 2.70836022e+00
 5.86000000e+02 3.30000000e+01 2.70913993e+00
 5.87000000e+02 3.30000000e+01 2.70795822e+00
 5.88000000e+02 3.30000000e+01 2.70489138e+00
 5.89000000e+02 3.30000000e+01 2.70001568e+00
 5.90000000e+02 3.30000000e+01 2.69340741e+00
 5.91000000e+02 3.30000000e+01 2.68514286e+00
 5.92000000e+02 3.30000000e+01 2.67529829e+00
 5.93000000e+02 3.30000000e+01 2.66395000e+00
 5.94000000e+02 3.30000000e+01 2.65117427e+00
 5.95000000e+02 3.30000000e+01 2.63704738e+00
 5.96000000e+02 3.30000000e+01 2.62164561e+00
 5.97000000e+02 3.30000000e+01 2.60504525e+00
 5.98000000e+02 3.30000000e+01 2.58732257e+00
 5.99000000e+02 3.30000000e+01 2.56855386e+00
 6.00000000e+02 3.30000000e+01 2.54881540e+00
 6.01000000e+02 3.30000000e+01 2.52818348e+00
 6.02000000e+02 3.30000000e+01 2.50673438e+00
 6.03000000e+02 3.30000000e+01 2.48454437e+00
 6.04000000e+02 3.30000000e+01 2.46168975e+00
 6.05000000e+02 3.30000000e+01 2.43824679e+00
 6.06000000e+02 3.30000000e+01 2.41429177e+00
 6.07000000e+02 3.30000000e+01 2.38990099e+00
 6.08000000e+02 3.30000000e+01 2.36515071e+00
 6.09000000e+02 3.30000000e+01 2.34011723e+00
 6.10000000e+02 3.30000000e+01 2.31487683e+00
 6.11000000e+02 3.30000000e+01 2.28950578e+00
 6.12000000e+02 3.30000000e+01 2.26408037e+00
 6.13000000e+02 3.30000000e+01 2.23867689e+00
 6.14000000e+02 3.30000000e+01 2.21337161e+00
 6.15000000e+02 3.30000000e+01 2.18824082e+00
 6.16000000e+02 3.30000000e+01 2.16336080e+00
 6.17000000e+02 3.30000000e+01 2.13880783e+00
 6.18000000e+02 3.30000000e+01 2.11465819e+00
 6.19000000e+02 3.30000000e+01 2.09098818e+00
 6.20000000e+02 3.30000000e+01 2.06787406e+00
 6.21000000e+02 3.30000000e+01 2.04539212e+00
 6.22000000e+02 3.30000000e+01 2.02361865e+00
 6.23000000e+02 3.30000000e+01 2.00262993e+00
 6.24000000e+02 3.30000000e+01 1.98250223e+00
 6.25000000e+02 3.30000000e+01 1.96331185e+00
 6.26000000e+02 3.30000000e+01 1.94513505e+00
 6.27000000e+02 3.30000000e+01 1.92804814e+00
 6.28000000e+02 3.30000000e+01 1.91212738e+00
 6.29000000e+02 3.30000000e+01 1.89744907e+00
 6.30000000e+02 3.30000000e+01 1.88408947e+00
 6.31000000e+02 3.30000000e+01 1.87212489e+00
 6.32000000e+02 3.30000000e+01 1.86163159e+00
 6.33000000e+02 3.30000000e+01 1.85268586e+00
 6.34000000e+02 3.30000000e+01 1.84536398e+00
 6.35000000e+02 3.30000000e+01 1.83974224e+00
 6.36000000e+02 3.30000000e+01 1.83589692e+00
 6.37000000e+02 3.30000000e+01 1.83390430e+00
 6.38000000e+02 3.30000000e+01 1.83384066e+00
 6.39000000e+02 3.30000000e+01 1.83578228e+00
 6.40000000e+02 3.30000000e+01 1.83980545e+00
 6.41000000e+02 3.30000000e+01 1.85264086e+00
 6.42000000e+02 3.30000000e+01 1.86101952e+00
 6.43000000e+02 3.30000000e+01 1.87149813e+00
 6.44000000e+02 3.30000000e+01 1.88394257e+00
 6.45000000e+02 3.30000000e+01 1.89821867e+00
 6.46000000e+02 3.30000000e+01 1.91419230e+00
 6.47000000e+02 3.30000000e+01 1.93172929e+00
 6.48000000e+02 3.30000000e+01 1.95069552e+00
 6.49000000e+02 3.30000000e+01 1.97095682e+00
 6.50000000e+02 3.30000000e+01 1.99237905e+00
 6.51000000e+02 3.30000000e+01 2.01482807e+00
 6.52000000e+02 3.30000000e+01 2.03816972e+00
 6.53000000e+02 3.30000000e+01 2.06226985e+00
 6.54000000e+02 3.30000000e+01 2.08699433e+00
 6.55000000e+02 3.30000000e+01 2.11220900e+00
 6.56000000e+02 3.30000000e+01 2.13777971e+00
 6.57000000e+02 3.30000000e+01 2.16357232e+00
 6.58000000e+02 3.30000000e+01 2.18945268e+00
 6.59000000e+02 3.30000000e+01 2.21528664e+00
 6.60000000e+02 3.30000000e+01 2.24094006e+00
 6.61000000e+02 3.30000000e+01 2.26627878e+00
 6.62000000e+02 3.30000000e+01 2.29116866e+00
 6.63000000e+02 3.30000000e+01 2.31547555e+00
 6.64000000e+02 3.30000000e+01 2.33906530e+00
 6.65000000e+02 3.30000000e+01 2.36180377e+00
 6.66000000e+02 3.30000000e+01 2.38355680e+00
 6.67000000e+02 3.30000000e+01 2.40419026e+00
 6.68000000e+02 3.30000000e+01 2.42356999e+00
 6.69000000e+02 3.30000000e+01 2.44156184e+00
 6.70000000e+02 3.30000000e+01 2.45803168e+00
 6.71000000e+02 3.30000000e+01 2.47284534e+00
 6.72000000e+02 3.30000000e+01 2.48586868e+00
 6.73000000e+02 3.30000000e+01 2.49696756e+00
 6.74000000e+02 3.30000000e+01 2.50600782e+00
 6.75000000e+02 3.30000000e+01 2.51285532e+00
 6.76000000e+02 3.30000000e+01 2.51737592e+00
 6.77000000e+02 3.30000000e+01 2.51943545e+00
 6.78000000e+02 3.30000000e+01 2.51889979e+00
 6.79000000e+02 3.30000000e+01 2.51563477e+00
 6.80000000e+02 3.30000000e+01 2.50950625e+00
 6.81000000e+02 3.30000000e+01 2.50038009e+00
 6.82000000e+02 3.30000000e+01 2.48812213e+00
 6.83000000e+02 3.30000000e+01 2.47259823e+00
 6.84000000e+02 3.30000000e+01 2.45367424e+00
 6.85000000e+02 3.30000000e+01 2.43121601e+00
 6.86000000e+02 3.30000000e+01 2.40508939e+00
 6.87000000e+02 3.30000000e+01 2.37516025e+00
 6.88000000e+02 3.30000000e+01 2.34129442e+00
 6.89000000e+02 3.30000000e+01 2.30335776e+00
 6.90000000e+02 3.30000000e+01 2.26121613e+00
 6.91000000e+02 3.30000000e+01 2.21473538e+00
 6.92000000e+02 3.30000000e+01 2.16378135e+00
 6.93000000e+02 3.30000000e+01 2.10821991e+00
 6.94000000e+02 3.30000000e+01 2.04791689e+00
 6.95000000e+02 3.30000000e+01 1.98273817e+00
 6.96000000e+02 3.30000000e+01 1.91254958e+00
 6.97000000e+02 3.30000000e+01 1.83721698e+00
 6.98000000e+02 3.30000000e+01 1.75660623e+00
 6.99000000e+02 3.30000000e+01 1.67058317e+00
