 1.00000000e+00 3.70000000e+01 3.69140730e+01
 2.00000000e+00 3.70000000e+01 3.65434717e+01
 3.00000000e+00 3.70000000e+01 3.61697275e+01
 4.00000000e+00 3.70000000e+01 3.57930839e+01
 5.00000000e+00 3.70000000e+01 3.54137846e+01
 6.00000000e+00 3.70000000e+01 3.50320730e+01
 7.00000000e+00 3.70000000e+01 3.46481929e+01
 8.00000000e+00 3.70000000e+01 3.42623876e+01
 9.00000000e+00 3.70000000e+01 3.38749009e+01
 1.00000000e+01 3.70000000e+01 3.34859763e+01
 1.10000000e+01 3.70000000e+01 3.30958572e+01
 1.20000000e+01 3.70000000e+01 3.27047874e+01
 1.30000000e+01 3.70000000e+01 3.23130104e+01
 1.40000000e+01 3.70000000e+01 3.19207697e+01
 1.50000000e+01 3.70000000e+01 3.15283089e+01
 1.60000000e+01 3.70000000e+01 3.11358716e+01
 1.70000000e+01 3.70000000e+01 3.07437014e+01
 1.80000000e+01 3.70000000e+01 3.03520418e+01
 1.90000000e+01 3.70000000e+01 2.99611364e+01
 2.00000000e+01 3.70000000e+01 2.95712287e+01
 2.10000000e+01 3.70000000e+01 2.91825624e+01
 2.20000000e+01 3.70000000e+01 2.87953809e+01
 2.30000000e+01 3.70000000e+01 2.84099279e+01
 2.40000000e+01 3.70000000e+01 2.80264470e+01
 2.50000000e+01 3.70000000e+01 2.76451817e+01
 2.60000000e+01 3.70000000e+01 2.72663755e+01
 2.70000000e+01 3.70000000e+01 2.68902721e+01
 2.80000000e+01 3.70000000e+01 2.65171149e+01
 2.90000000e+01 3.70000000e+01 2.61471477e+01
 3.00000000e+01 3.70000000e+01 2.57806139e+01
 3.10000000e+01 3.70000000e+01 2.54177571e+01
 3.20000000e+01 3.70000000e+01 2.50588209e+01
 3.30000000e+01 3.70000000e+01 2.47040489e+01
 3.40000000e+01 3.70000000e+01 2.43536845e+01
 3.50000000e+01 3.70000000e+01 2.40079715e+01
 3.60000000e+01 3.70000000e+01 2.36671533e+01
 3.70000000e+01 3.70000000e+01 2.33314736e+01
 3.80000000e+01 3.70000000e+01 2.30011758e+01
 3.90000000e+01 3.70000000e+01 2.26765036e+01
 4.00000000e+01 3.70000000e+01 2.23577006e+01
 4.10000000e+01 3.70000000e+01 2.20450102e+01
 4.20000000e+01 3.70000000e+01 2.17386762e+01
 4.30000000e+01 3.70000000e+01 2.14389419e+01
 4.40000000e+01 3.70000000e+01 2.11460511e+01
 4.50000000e+01 3.70000000e+01 2.08602472e+01
 4.60000000e+01 3.70000000e+01 2.05817739e+01
 4.70000000e+01 3.70000000e+01 2.03108747e+01
 4.80000000e+01 3.70000000e+01 2.00477932e+01
 4.90000000e+01 3.70000000e+01 1.97927730e+01
 5.00000000e+01 3.70000000e+01 1.95460575e+01
 5.10000000e+01 3.70000000e+01 1.95055001e+01
 5.20000000e+01 3.70000000e+01 1.92760338e+01
 5.30000000e+01 3.70000000e+01 1.90551163e+01
 5.40000000e+01 3.70000000e+01 1.88425369e+01
 5.50000000e+01 3.70000000e+01 1.86380848e+01
 5.60000000e+01 3.70000000e+01 1.84415494e+01
 5.70000000e+01 3.70000000e+01 1.82527199e+01
 5.80000000e+01 3.70000000e+01 1.80713857e+01
 5.90000000e+01 3.70000000e+01 1.78973360e+01
 6.00000000e+01 3.70000000e+01 1.77303601e+01
 6.10000000e+01 3.70000000e+01 1.75702473e+01
 6.20000000e+01 3.70000000e+01 1.74167869e+01
 6.30000000e+01 3.70000000e+01 1.72697681e+01
 6.40000000e+01 3.70000000e+01 1.71289804e+01
 6.50000000e+01 3.70000000e+01 1.69942128e+01
 6.60000000e+01 3.70000000e+01 1.68652548e+01
 6.70000000e+01 3.70000000e+01 1.67418956e+01
 6.80000000e+01 3.70000000e+01 1.66239245e+01
 6.90000000e+01 3.70000000e+01 1.65111308e+01
 7.00000000e+01 3.70000000e+01 1.64033038e+01
 7.10000000e+01 3.70000000e+01 1.63002328e+01
 7.20000000e+01 3.70000000e+01 1.62017070e+01
 7.30000000e+01 3.70000000e+01 1.61075158e+01
 7.40000000e+01 3.70000000e+01 1.60174483e+01
 7.50000000e+01 3.70000000e+01 1.59312941e+01
 7.60000000e+01 3.70000000e+01 1.58488422e+01
 7.70000000e+01 3.70000000e+01 1.57698820e+01
 7.80000000e+01 3.70000000e+01 1.56942028e+01
 7.90000000e+01 3.70000000e+01 1.56215938e+01
 8.00000000e+01 3.70000000e+01 1.55518444e+01
 8.10000000e+01 3.70000000e+01 1.54847439e+01
 8.20000000e+01 3.70000000e+01 1.54200814e+01
 8.30000000e+01 3.70000000e+01 1.53576464e+01
 8.40000000e+01 3.70000000e+01 1.52972281e+01
 8.50000000e+01 3.70000000e+01 1.52386158e+01
 8.60000000e+01 3.70000000e+01 1.51815988e+01
 8.70000000e+01 3.70000000e+01 1.51259663e+01
 8.80000000e+01 3.70000000e+01 1.50715077e+01
 8.90000000e+01 3.70000000e+01 1.50180122e+01
 9.00000000e+01 3.70000000e+01 1.49652692e+01
 9.10000000e+01 3.70000000e+01 1.49130679e+01
 9.20000000e+01 3.70000000e+01 1.48611975e+01
 9.30000000e+01 3.70000000e+01 1.48094475e+01
 9.40000000e+01 3.70000000e+01 1.47576070e+01
 9.50000000e+01 3.70000000e+01 1.47054654e+01
 9.60000000e+01 3.70000000e+01 1.46528120e+01
 9.70000000e+01 3.70000000e+01 1.45994360e+01
 9.80000000e+01 3.70000000e+01 1.45451267e+01
 9.90000000e+01 3.70000000e+01 1.44896734e+01
 1.00000000e+02 3.70000000e+01 1.44328654e+01
 1.01000000e+02 3.70000000e+01 1.43772692e+01
 1.02000000e+02 3.70000000e+01 1.43171926e+01
 1.03000000e+02 3.70000000e+01 1.42554627e+01
 1.04000000e+02 3.70000000e+01 1.41921606e+01
 1.05000000e+02 3.70000000e+01 1.41273673e+01
 1.06000000e+02 3.70000000e+01 1.40611639e+01
 1.07000000e+02 3.70000000e+01 1.39936314e+01
 1.08000000e+02 3.70000000e+01 1.39248511e+01
 1.09000000e+02 3.70000000e+01 1.38549040e+01
 1.10000000e+02 3.70000000e+01 1.37838712e+01
 1.11000000e+02 3.70000000e+01 1.37118337e+01
 1.12000000e+02 3.70000000e+01 1.36388727e+01
 1.13000000e+02 3.70000000e+01 1.35650692e+01
 1.14000000e+02 3.70000000e+01 1.34905043e+01
 1.15000000e+02 3.70000000e+01 1.34152592e+01
 1.16000000e+02 3.70000000e+01 1.33394148e+01
 1.17000000e+02 3.70000000e+01 1.32630524e+01
 1.18000000e+02 3.70000000e+01 1.31862530e+01
 1.19000000e+02 3.70000000e+01 1.31090976e+01
 1.20000000e+02 3.70000000e+01 1.30316674e+01
 1.21000000e+02 3.70000000e+01 1.29540435e+01
 1.22000000e+02 3.70000000e+01 1.28763069e+01
 1.23000000e+02 3.70000000e+01 1.27985387e+01
 1.24000000e+02 3.70000000e+01 1.27208200e+01
 1.25000000e+02 3.70000000e+01 1.26432320e+01
 1.26000000e+02 3.70000000e+01 1.25658557e+01
 1.27000000e+02 3.70000000e+01 1.24887721e+01
 1.28000000e+02 3.70000000e+01 1.24120625e+01
 1.29000000e+02 3.70000000e+01 1.23358078e+01
 1.30000000e+02 3.70000000e+01 1.22600891e+01
 1.31000000e+02 3.70000000e+01 1.21849877e+01
 1.32000000e+02 3.70000000e+01 1.21105844e+01
 1.33000000e+02 3.70000000e+01 1.20369605e+01
 1.34000000e+02 3.70000000e+01 1.19641970e+01
 1.35000000e+02 3.70000000e+01 1.18923750e+01
 1.36000000e+02 3.70000000e+01 1.18215755e+01
 1.37000000e+02 3.70000000e+01 1.17518798e+01
 1.38000000e+02 3.70000000e+01 1.16833688e+01
 1.39000000e+02 3.70000000e+01 1.16161237e+01
 1.40000000e+02 3.70000000e+01 1.15502256e+01
 1.41000000e+02 3.70000000e+01 1.14857555e+01
 1.42000000e+02 3.70000000e+01 1.14227945e+01
 1.43000000e+02 3.70000000e+01 1.13614237e+01
 1.44000000e+02 3.70000000e+01 1.13017242e+01
 1.45000000e+02 3.70000000e+01 1.12437772e+01
 1.46000000e+02 3.70000000e+01 1.11876636e+01
 1.47000000e+02 3.70000000e+01 1.11334646e+01
 1.48000000e+02 3.70000000e+01 1.10812612e+01
 1.49000000e+02 3.70000000e+01 1.10311346e+01
 1.50000000e+02 3.70000000e+01 1.09831658e+01
 1.51000000e+02 3.70000000e+01 1.01505419e+01
 1.52000000e+02 3.70000000e+01 1.01071083e+01
 1.53000000e+02 3.70000000e+01 1.00660047e+01
 1.54000000e+02 3.70000000e+01 1.00272533e+01
 1.55000000e+02 3.70000000e+01 9.99087678e+00
 1.56000000e+02 3.70000000e+01 9.95689741e+00
 1.57000000e+02 3.70000000e+01 9.92533767e+00
 1.58000000e+02 3.70000000e+01 9.89622001e+00
 1.59000000e+02 3.70000000e+01 9.86956686e+00
 1.60000000e+02 3.70000000e+01 9.84540065e+00
 1.61000000e+02 3.70000000e+01 9.82374382e+00
 1.62000000e+02 3.70000000e+01 9.80461881e+00
 1.63000000e+02 3.70000000e+01 9.78804806e+00
 1.64000000e+02 3.70000000e+01 9.77405400e+00
 1.65000000e+02 3.70000000e+01 9.76265907e+00
 1.66000000e+02 3.70000000e+01 9.75388570e+00
 1.67000000e+02 3.70000000e+01 9.74775634e+00
 1.68000000e+02 3.70000000e+01 9.74429342e+00
 1.69000000e+02 3.70000000e+01 9.74351937e+00
 1.70000000e+02 3.70000000e+01 9.74545664e+00
 1.71000000e+02 3.70000000e+01 9.75012765e+00
 1.72000000e+02 3.70000000e+01 9.75755486e+00
 1.73000000e+02 3.70000000e+01 9.76776068e+00
 1.74000000e+02 3.70000000e+01 9.78076757e+00
 1.75000000e+02 3.70000000e+01 9.79659795e+00
 1.76000000e+02 3.70000000e+01 9.81527426e+00
 1.77000000e+02 3.70000000e+01 9.83681895e+00
 1.78000000e+02 3.70000000e+01 9.86125444e+00
 1.79000000e+02 3.70000000e+01 9.88860317e+00
 1.80000000e+02 3.70000000e+01 9.91888759e+00
 1.81000000e+02 3.70000000e+01 9.95213012e+00
 1.82000000e+02 3.70000000e+01 9.98835321e+00
 1.83000000e+02 3.70000000e+01 1.00275793e+01
 1.84000000e+02 3.70000000e+01 1.00698308e+01
 1.85000000e+02 3.70000000e+01 1.01151302e+01
 1.86000000e+02 3.70000000e+01 1.01634998e+01
 1.87000000e+02 3.70000000e+01 1.02149622e+01
 1.88000000e+02 3.70000000e+01 1.02695398e+01
 1.89000000e+02 3.70000000e+01 1.03272550e+01
 1.90000000e+02 3.70000000e+01 1.03881302e+01
 1.91000000e+02 3.70000000e+01 1.04521880e+01
 1.92000000e+02 3.70000000e+01 1.05194506e+01
 1.93000000e+02 3.70000000e+01 1.05899406e+01
 1.94000000e+02 3.70000000e+01 1.06636804e+01
 1.95000000e+02 3.70000000e+01 1.07406924e+01
 1.96000000e+02 3.70000000e+01 1.08209991e+01
 1.97000000e+02 3.70000000e+01 1.09046230e+01
 1.98000000e+02 3.70000000e+01 1.09915863e+01
 1.99000000e+02 3.70000000e+01 1.10819116e+01
 2.00000000e+02 3.70000000e+01 1.11756214e+01
 2.01000000e+02 3.70000000e+01 1.23181291e+01
 2.02000000e+02 3.70000000e+01 1.24186048e+01
 2.03000000e+02 3.70000000e+01 1.25223025e+01
 2.04000000e+02 3.70000000e+01 1.26290659e+01
 2.05000000e+02 3.70000000e+01 1.27387388e+01
 2.06000000e+02 3.70000000e+01 1.28511650e+01
 2.07000000e+02 3.70000000e+01 1.29661882e+01
 2.08000000e+02 3.70000000e+01 1.30836522e+01
 2.09000000e+02 3.70000000e+01 1.32034007e+01
 2.10000000e+02 3.70000000e+01 1.33252775e+01
 2.11000000e+02 3.70000000e+01 1.34491264e+01
 2.12000000e+02 3.70000000e+01 1.35747910e+01
 2.13000000e+02 3.70000000e+01 1.37021152e+01
 2.14000000e+02 3.70000000e+01 1.38309428e+01
 2.15000000e+02 3.70000000e+01 1.39611174e+01
 2.16000000e+02 3.70000000e+01 1.40924828e+01
 2.17000000e+02 3.70000000e+01 1.42248829e+01
 2.18000000e+02 3.70000000e+01 1.43581612e+01
 2.19000000e+02 3.70000000e+01 1.44921617e+01
 2.20000000e+02 3.70000000e+01 1.46267280e+01
 2.21000000e+02 3.70000000e+01 1.47617040e+01
 2.22000000e+02 3.70000000e+01 1.48969333e+01
 2.23000000e+02 3.70000000e+01 1.50322597e+01
 2.24000000e+02 3.70000000e+01 1.51675271e+01
 2.25000000e+02 3.70000000e+01 1.53025790e+01
 2.26000000e+02 3.70000000e+01 1.54372594e+01
 2.27000000e+02 3.70000000e+01 1.55714119e+01
 2.28000000e+02 3.70000000e+01 1.57048803e+01
 2.29000000e+02 3.70000000e+01 1.58375084e+01
 2.30000000e+02 3.70000000e+01 1.59691400e+01
 2.31000000e+02 3.70000000e+01 1.60996187e+01
 2.32000000e+02 3.70000000e+01 1.62287883e+01
 2.33000000e+02 3.70000000e+01 1.63564926e+01
 2.34000000e+02 3.70000000e+01 1.64825754e+01
 2.35000000e+02 3.70000000e+01 1.66068804e+01
 2.36000000e+02 3.70000000e+01 1.67292514e+01
 2.37000000e+02 3.70000000e+01 1.68495320e+01
 2.38000000e+02 3.70000000e+01 1.69675662e+01
 2.39000000e+02 3.70000000e+01 1.70831976e+01
 2.40000000e+02 3.70000000e+01 1.71962700e+01
 2.41000000e+02 3.70000000e+01 1.73066271e+01
 2.42000000e+02 3.70000000e+01 1.74141127e+01
 2.43000000e+02 3.70000000e+01 1.75185706e+01
 2.44000000e+02 3.70000000e+01 1.76198445e+01
 2.45000000e+02 3.70000000e+01 1.77177782e+01
 2.46000000e+02 3.70000000e+01 1.78122154e+01
 2.47000000e+02 3.70000000e+01 1.79029999e+01
 2.48000000e+02 3.70000000e+01 1.79899755e+01
 2.49000000e+02 3.70000000e+01 1.80729858e+01
 2.50000000e+02 3.70000000e+01 1.81518747e+01
 2.51000000e+02 3.70000000e+01 1.88032602e+01
 2.52000000e+02 3.70000000e+01 1.88735730e+01
 2.53000000e+02 3.70000000e+01 1.89397263e+01
 2.54000000e+02 3.70000000e+01 1.90018816e+01
 2.55000000e+02 3.70000000e+01 1.90601998e+01
 2.56000000e+02 3.70000000e+01 1.91148423e+01
 2.57000000e+02 3.70000000e+01 1.91659702e+01
 2.58000000e+02 3.70000000e+01 1.92137447e+01
 2.59000000e+02 3.70000000e+01 1.92583270e+01
 2.60000000e+02 3.70000000e+01 1.92998783e+01
 2.61000000e+02 3.70000000e+01 1.93385599e+01
 2.62000000e+02 3.70000000e+01 1.93745328e+01
 2.63000000e+02 3.70000000e+01 1.94079583e+01
 2.64000000e+02 3.70000000e+01 1.94389977e+01
 2.65000000e+02 3.70000000e+01 1.94678120e+01
 2.66000000e+02 3.70000000e+01 1.94945625e+01
 2.67000000e+02 3.70000000e+01 1.95194104e+01
 2.68000000e+02 3.70000000e+01 1.95425168e+01
 2.69000000e+02 3.70000000e+01 1.95640431e+01
 2.70000000e+02 3.70000000e+01 1.95841503e+01
 2.71000000e+02 3.70000000e+01 1.96029996e+01
 2.72000000e+02 3.70000000e+01 1.96207524e+01
 2.73000000e+02 3.70000000e+01 1.96375697e+01
 2.74000000e+02 3.70000000e+01 1.96536127e+01
 2.75000000e+02 3.70000000e+01 1.96690427e+01
 2.76000000e+02 3.70000000e+01 1.96840208e+01
 2.77000000e+02 3.70000000e+01 1.96987083e+01
 2.78000000e+02 3.70000000e+01 1.97132663e+01
 2.79000000e+02 3.70000000e+01 1.97278561e+01
 2.80000000e+02 3.70000000e+01 1.97426388e+01
 2.81000000e+02 3.70000000e+01 1.97577756e+01
 2.82000000e+02 3.70000000e+01 1.97734277e+01
 2.83000000e+02 3.70000000e+01 1.97897563e+01
 2.84000000e+02 3.70000000e+01 1.98069227e+01
 2.85000000e+02 3.70000000e+01 1.98250879e+01
 2.86000000e+02 3.70000000e+01 1.98444133e+01
 2.87000000e+02 3.70000000e+01 1.98650600e+01
 2.88000000e+02 3.70000000e+01 1.98871891e+01
 2.89000000e+02 3.70000000e+01 1.99109620e+01
 2.90000000e+02 3.70000000e+01 1.99365397e+01
 2.91000000e+02 3.70000000e+01 1.99640836e+01
 2.92000000e+02 3.70000000e+01 1.99937547e+01
 2.93000000e+02 3.70000000e+01 2.00257143e+01
 2.94000000e+02 3.70000000e+01 2.00601235e+01
 2.95000000e+02 3.70000000e+01 2.00971437e+01
 2.96000000e+02 3.70000000e+01 2.01369359e+01
 2.97000000e+02 3.70000000e+01 2.01796613e+01
 2.98000000e+02 3.70000000e+01 2.02254812e+01
 2.99000000e+02 3.70000000e+01 2.02745568e+01
 3.00000000e+02 3.70000000e+01 2.03270492e+01
 3.01000000e+02 3.70000000e+01 2.00745417e+01
 3.02000000e+02 3.70000000e+01 2.01341482e+01
 3.03000000e+02 3.70000000e+01 2.01970302e+01
 3.04000000e+02 3.70000000e+01 2.02629117e+01
 3.05000000e+02 3.70000000e+01 2.03315164e+01
 3.06000000e+02 3.70000000e+01 2.04025682e+01
 3.07000000e+02 3.70000000e+01 2.04757909e+01
 3.08000000e+02 3.70000000e+01 2.05509082e+01
 3.09000000e+02 3.70000000e+01 2.06276442e+01
 3.10000000e+02 3.70000000e+01 2.07057224e+01
 3.11000000e+02 3.70000000e+01 2.07848668e+01
 3.12000000e+02 3.70000000e+01 2.08648012e+01
 3.13000000e+02 3.70000000e+01 2.09452494e+01
 3.14000000e+02 3.70000000e+01 2.10259352e+01
 3.15000000e+02 3.70000000e+01 2.11065824e+01
 3.16000000e+02 3.70000000e+01 2.11869149e+01
 3.17000000e+02 3.70000000e+01 2.12666565e+01
 3.18000000e+02 3.70000000e+01 2.13455310e+01
 3.19000000e+02 3.70000000e+01 2.14232622e+01
 3.20000000e+02 3.70000000e+01 2.14995739e+01
 3.21000000e+02 3.70000000e+01 2.15741899e+01
 3.22000000e+02 3.70000000e+01 2.16468341e+01
 3.23000000e+02 3.70000000e+01 2.17172303e+01
 3.24000000e+02 3.70000000e+01 2.17851024e+01
 3.25000000e+02 3.70000000e+01 2.18501740e+01
 3.26000000e+02 3.70000000e+01 2.19121691e+01
 3.27000000e+02 3.70000000e+01 2.19708114e+01
 3.28000000e+02 3.70000000e+01 2.20258248e+01
 3.29000000e+02 3.70000000e+01 2.20769331e+01
 3.30000000e+02 3.70000000e+01 2.21238602e+01
 3.31000000e+02 3.70000000e+01 2.21663297e+01
 3.32000000e+02 3.70000000e+01 2.22040657e+01
 3.33000000e+02 3.70000000e+01 2.22367918e+01
 3.34000000e+02 3.70000000e+01 2.22642319e+01
 3.35000000e+02 3.70000000e+01 2.22861097e+01
 3.36000000e+02 3.70000000e+01 2.23021493e+01
 3.37000000e+02 3.70000000e+01 2.23120742e+01
 3.38000000e+02 3.70000000e+01 2.23156085e+01
 3.39000000e+02 3.70000000e+01 2.23124758e+01
 3.40000000e+02 3.70000000e+01 2.23024000e+01
 3.41000000e+02 3.70000000e+01 2.22851050e+01
 3.42000000e+02 3.70000000e+01 2.22603145e+01
 3.43000000e+02 3.70000000e+01 2.22277523e+01
 3.44000000e+02 3.70000000e+01 2.21871424e+01
 3.45000000e+02 3.70000000e+01 2.21382084e+01
 3.46000000e+02 3.70000000e+01 2.20806743e+01
 3.47000000e+02 3.70000000e+01 2.20142637e+01
 3.48000000e+02 3.70000000e+01 2.19387007e+01
 3.49000000e+02 3.70000000e+01 2.18537089e+01
 3.50000000e+02 3.70000000e+01 2.17590122e+01
 3.51000000e+02 3.70000000e+01 2.22177722e+01
 3.52000000e+02 3.70000000e+01 2.21032157e+01
 3.53000000e+02 3.70000000e+01 2.19792083e+01
 3.54000000e+02 3.70000000e+01 2.18461955e+01
 3.55000000e+02 3.70000000e+01 2.17046228e+01
 3.56000000e+02 3.70000000e+01 2.15549356e+01
 3.57000000e+02 3.70000000e+01 2.13975795e+01
 3.58000000e+02 3.70000000e+01 2.12329999e+01
 3.59000000e+02 3.70000000e+01 2.10616425e+01
 3.60000000e+02 3.70000000e+01 2.08839525e+01
 3.61000000e+02 3.70000000e+01 2.07003757e+01
 3.62000000e+02 3.70000000e+01 2.05113574e+01
 3.63000000e+02 3.70000000e+01 2.03173431e+01
 3.64000000e+02 3.70000000e+01 2.01187784e+01
 3.65000000e+02 3.70000000e+01 1.99161088e+01
 3.66000000e+02 3.70000000e+01 1.97097797e+01
 3.67000000e+02 3.70000000e+01 1.95002367e+01
 3.68000000e+02 3.70000000e+01 1.92879253e+01
 3.69000000e+02 3.70000000e+01 1.90732909e+01
 3.70000000e+02 3.70000000e+01 1.88567790e+01
 3.71000000e+02 3.70000000e+01 1.86388352e+01
 3.72000000e+02 3.70000000e+01 1.84199050e+01
 3.73000000e+02 3.70000000e+01 1.82004338e+01
 3.74000000e+02 3.70000000e+01 1.79808671e+01
 3.75000000e+02 3.70000000e+01 1.77616505e+01
 3.76000000e+02 3.70000000e+01 1.75432295e+01
 3.77000000e+02 3.70000000e+01 1.73260494e+01
 3.78000000e+02 3.70000000e+01 1.71105560e+01
 3.79000000e+02 3.70000000e+01 1.68971946e+01
 3.80000000e+02 3.70000000e+01 1.66864107e+01
 3.81000000e+02 3.70000000e+01 1.64786498e+01
 3.82000000e+02 3.70000000e+01 1.62743575e+01
 3.83000000e+02 3.70000000e+01 1.60739793e+01
 3.84000000e+02 3.70000000e+01 1.58779606e+01
 3.85000000e+02 3.70000000e+01 1.56867469e+01
 3.86000000e+02 3.70000000e+01 1.55007837e+01
 3.87000000e+02 3.70000000e+01 1.53205166e+01
 3.88000000e+02 3.70000000e+01 1.51463910e+01
 3.89000000e+02 3.70000000e+01 1.49788525e+01
 3.90000000e+02 3.70000000e+01 1.48183465e+01
 3.91000000e+02 3.70000000e+01 1.46653185e+01
 3.92000000e+02 3.70000000e+01 1.45202141e+01
 3.93000000e+02 3.70000000e+01 1.43834787e+01
 3.94000000e+02 3.70000000e+01 1.42555578e+01
 3.95000000e+02 3.70000000e+01 1.41368969e+01
 3.96000000e+02 3.70000000e+01 1.40279416e+01
 3.97000000e+02 3.70000000e+01 1.39291373e+01
 3.98000000e+02 3.70000000e+01 1.38409295e+01
 3.99000000e+02 3.70000000e+01 1.37637637e+01
 4.00000000e+02 3.70000000e+01 1.36980855e+01
 4.01000000e+02 3.70000000e+01 1.39634565e+01
 4.02000000e+02 3.70000000e+01 1.39216239e+01
 4.03000000e+02 3.70000000e+01 1.38914094e+01
 4.04000000e+02 3.70000000e+01 1.38724909e+01
 4.05000000e+02 3.70000000e+01 1.38645466e+01
 4.06000000e+02 3.70000000e+01 1.38672544e+01
 4.07000000e+02 3.70000000e+01 1.38802924e+01
 4.08000000e+02 3.70000000e+01 1.39033387e+01
 4.09000000e+02 3.70000000e+01 1.39360714e+01
 4.10000000e+02 3.70000000e+01 1.39781684e+01
 4.11000000e+02 3.70000000e+01 1.40293078e+01
 4.12000000e+02 3.70000000e+01 1.40891677e+01
 4.13000000e+02 3.70000000e+01 1.41574260e+01
 4.14000000e+02 3.70000000e+01 1.42337610e+01
 4.15000000e+02 3.70000000e+01 1.43178505e+01
 4.16000000e+02 3.70000000e+01 1.44093727e+01
 4.17000000e+02 3.70000000e+01 1.45080056e+01
 4.18000000e+02 3.70000000e+01 1.46134273e+01
 4.19000000e+02 3.70000000e+01 1.47253158e+01
 4.20000000e+02 3.70000000e+01 1.48433491e+01
 4.21000000e+02 3.70000000e+01 1.49672053e+01
 4.22000000e+02 3.70000000e+01 1.50965625e+01
 4.23000000e+02 3.70000000e+01 1.52310986e+01
 4.24000000e+02 3.70000000e+01 1.53704918e+01
 4.25000000e+02 3.70000000e+01 1.55144201e+01
 4.26000000e+02 3.70000000e+01 1.56625616e+01
 4.27000000e+02 3.70000000e+01 1.58145942e+01
 4.28000000e+02 3.70000000e+01 1.59701961e+01
 4.29000000e+02 3.70000000e+01 1.61290452e+01
 4.30000000e+02 3.70000000e+01 1.62908197e+01
 4.31000000e+02 3.70000000e+01 1.64551976e+01
 4.32000000e+02 3.70000000e+01 1.66218569e+01
 4.33000000e+02 3.70000000e+01 1.67904757e+01
 4.34000000e+02 3.70000000e+01 1.69607320e+01
 4.35000000e+02 3.70000000e+01 1.71323039e+01
 4.36000000e+02 3.70000000e+01 1.73048694e+01
 4.37000000e+02 3.70000000e+01 1.74781066e+01
 4.38000000e+02 3.70000000e+01 1.76516935e+01
 4.39000000e+02 3.70000000e+01 1.78253082e+01
 4.40000000e+02 3.70000000e+01 1.79986287e+01
 4.41000000e+02 3.70000000e+01 1.81713331e+01
 4.42000000e+02 3.70000000e+01 1.83430994e+01
 4.43000000e+02 3.70000000e+01 1.85136056e+01
 4.44000000e+02 3.70000000e+01 1.86825299e+01
 4.45000000e+02 3.70000000e+01 1.88495503e+01
 4.46000000e+02 3.70000000e+01 1.90143447e+01
 4.47000000e+02 3.70000000e+01 1.91765913e+01
 4.48000000e+02 3.70000000e+01 1.93359682e+01
 4.49000000e+02 3.70000000e+01 1.94921532e+01
 4.50000000e+02 3.70000000e+01 1.96448246e+01
 4.51000000e+02 3.70000000e+01 1.92046087e+01
 4.52000000e+02 3.70000000e+01 1.93495540e+01
 4.53000000e+02 3.70000000e+01 1.94906629e+01
 4.54000000e+02 3.70000000e+01 1.96280050e+01
 4.55000000e+02 3.70000000e+01 1.97616498e+01
 4.56000000e+02 3.70000000e+01 1.98916669e+01
 4.57000000e+02 3.70000000e+01 2.00181257e+01
 4.58000000e+02 3.70000000e+01 2.01410959e+01
 4.59000000e+02 3.70000000e+01 2.02606470e+01
 4.60000000e+02 3.70000000e+01 2.03768485e+01
 4.61000000e+02 3.70000000e+01 2.04897699e+01
 4.62000000e+02 3.70000000e+01 2.05994809e+01
 4.63000000e+02 3.70000000e+01 2.07060509e+01
 4.64000000e+02 3.70000000e+01 2.08095495e+01
 4.65000000e+02 3.70000000e+01 2.09100462e+01
 4.66000000e+02 3.70000000e+01 2.10076107e+01
 4.67000000e+02 3.70000000e+01 2.11023123e+01
 4.68000000e+02 3.70000000e+01 2.11942207e+01
 4.69000000e+02 3.70000000e+01 2.12834054e+01
 4.70000000e+02 3.70000000e+01 2.13699360e+01
 4.71000000e+02 3.70000000e+01 2.14538820e+01
 4.72000000e+02 3.70000000e+01 2.15353129e+01
 4.73000000e+02 3.70000000e+01 2.16142982e+01
 4.74000000e+02 3.70000000e+01 2.16909077e+01
 4.75000000e+02 3.70000000e+01 2.17652106e+01
 4.76000000e+02 3.70000000e+01 2.18372767e+01
 4.77000000e+02 3.70000000e+01 2.19071754e+01
 4.78000000e+02 3.70000000e+01 2.19749764e+01
 4.79000000e+02 3.70000000e+01 2.20407490e+01
 4.80000000e+02 3.70000000e+01 2.21045630e+01
 4.81000000e+02 3.70000000e+01 2.21664878e+01
 4.82000000e+02 3.70000000e+01 2.22265929e+01
 4.83000000e+02 3.70000000e+01 2.22849479e+01
 4.84000000e+02 3.70000000e+01 2.23416224e+01
 4.85000000e+02 3.70000000e+01 2.23966859e+01
 4.86000000e+02 3.70000000e+01 2.24502080e+01
 4.87000000e+02 3.70000000e+01 2.25022581e+01
 4.88000000e+02 3.70000000e+01 2.25529058e+01
 4.89000000e+02 3.70000000e+01 2.26022207e+01
 4.90000000e+02 3.70000000e+01 2.26502724e+01
 4.91000000e+02 3.70000000e+01 2.26971302e+01
 4.92000000e+02 3.70000000e+01 2.27428639e+01
 4.93000000e+02 3.70000000e+01 2.27875429e+01
 4.94000000e+02 3.70000000e+01 2.28312368e+01
 4.95000000e+02 3.70000000e+01 2.28740151e+01
 4.96000000e+02 3.70000000e+01 2.29159474e+01
 4.97000000e+02 3.70000000e+01 2.29571032e+01
 4.98000000e+02 3.70000000e+01 2.29975521e+01
 4.99000000e+02 3.70000000e+01 2.30373635e+01
 5.00000000e+02 3.70000000e+01 2.30766071e+01
 5.01000000e+02 3.70000000e+01 2.28405614e+01
 5.02000000e+02 3.70000000e+01 2.28788822e+01
 5.03000000e+02 3.70000000e+01 2.29168691e+01
 5.04000000e+02 3.70000000e+01 2.29546065e+01
 5.05000000e+02 3.70000000e+01 2.29921787e+01
 5.06000000e+02 3.70000000e+01 2.30296700e+01
 5.07000000e+02 3.70000000e+01 2.30671648e+01
 5.08000000e+02 3.70000000e+01 2.31047474e+01
 5.09000000e+02 3.70000000e+01 2.31425021e+01
 5.10000000e+02 3.70000000e+01 2.31805132e+01
 5.11000000e+02 3.70000000e+01 2.32188652e+01
 5.12000000e+02 3.70000000e+01 2.32576423e+01
 5.13000000e+02 3.70000000e+01 2.32969288e+01
 5.14000000e+02 3.70000000e+01 2.33368092e+01
 5.15000000e+02 3.70000000e+01 2.33773676e+01
 5.16000000e+02 3.70000000e+01 2.34186886e+01
 5.17000000e+02 3.70000000e+01 2.34608563e+01
 5.18000000e+02 3.70000000e+01 2.35039552e+01
 5.19000000e+02 3.70000000e+01 2.35480695e+01
 5.20000000e+02 3.70000000e+01 2.35932836e+01
 5.21000000e+02 3.70000000e+01 2.36396819e+01
 5.22000000e+02 3.70000000e+01 2.36873486e+01
 5.23000000e+02 3.70000000e+01 2.37363681e+01
 5.24000000e+02 3.70000000e+01 2.37868248e+01
 5.25000000e+02 3.70000000e+01 2.38388029e+01
 5.26000000e+02 3.70000000e+01 2.38923869e+01
 5.27000000e+02 3.70000000e+01 2.39476609e+01
 5.28000000e+02 3.70000000e+01 2.40047095e+01
 5.29000000e+02 3.70000000e+01 2.40636168e+01
 5.30000000e+02 3.70000000e+01 2.41244673e+01
 5.31000000e+02 3.70000000e+01 2.41873452e+01
 5.32000000e+02 3.70000000e+01 2.42523350e+01
 5.33000000e+02 3.70000000e+01 2.43195209e+01
 5.34000000e+02 3.70000000e+01 2.43889872e+01
 5.35000000e+02 3.70000000e+01 2.44608184e+01
 5.36000000e+02 3.70000000e+01 2.45350987e+01
 5.37000000e+02 3.70000000e+01 2.46119124e+01
 5.38000000e+02 3.70000000e+01 2.46913440e+01
 5.39000000e+02 3.70000000e+01 2.47734777e+01
 5.40000000e+02 3.70000000e+01 2.48583979e+01
 5.41000000e+02 3.70000000e+01 2.49461889e+01
 5.42000000e+02 3.70000000e+01 2.50369351e+01
 5.43000000e+02 3.70000000e+01 2.51307207e+01
 5.44000000e+02 3.70000000e+01 2.52276301e+01
 5.45000000e+02 3.70000000e+01 2.53277477e+01
 5.46000000e+02 3.70000000e+01 2.54311577e+01
 5.47000000e+02 3.70000000e+01 2.55379446e+01
 5.48000000e+02 3.70000000e+01 2.56481926e+01
 5.49000000e+02 3.70000000e+01 2.57619860e+01
 5.50000000e+02 3.70000000e+01 2.58794093e+01
 5.51000000e+02 3.70000000e+01 2.63026482e+01
 5.52000000e+02 3.70000000e+01 2.64273938e+01
 5.53000000e+02 3.70000000e+01 2.65556383e+01
 5.54000000e+02 3.70000000e+01 2.66872511e+01
 5.55000000e+02 3.70000000e+01 2.68221016e+01
 5.56000000e+02 3.70000000e+01 2.69600590e+01
 5.57000000e+02 3.70000000e+01 2.71009927e+01
 5.58000000e+02 3.70000000e+01 2.72447722e+01
 5.59000000e+02 3.70000000e+01 2.73912666e+01
 5.60000000e+02 3.70000000e+01 2.75403455e+01
 5.61000000e+02 3.70000000e+01 2.76918782e+01
 5.62000000e+02 3.70000000e+01 2.78457339e+01
 5.63000000e+02 3.70000000e+01 2.80017821e+01
 5.64000000e+02 3.70000000e+01 2.81598922e+01
 5.65000000e+02 3.70000000e+01 2.83199334e+01
 5.66000000e+02 3.70000000e+01 2.84817751e+01
 5.67000000e+02 3.70000000e+01 2.86452868e+01
 5.68000000e+02 3.70000000e+01 2.88103376e+01
 5.69000000e+02 3.70000000e+01 2.89767971e+01
 5.70000000e+02 3.70000000e+01 2.91445345e+01
 5.71000000e+02 3.70000000e+01 2.93134192e+01
 5.72000000e+02 3.70000000e+01 2.94833206e+01
 5.73000000e+02 3.70000000e+01 2.96541079e+01
 5.74000000e+02 3.70000000e+01 2.98256507e+01
 5.75000000e+02 3.70000000e+01 2.99978181e+01
 5.76000000e+02 3.70000000e+01 3.01704796e+01
 5.77000000e+02 3.70000000e+01 3.03435046e+01
 5.78000000e+02 3.70000000e+01 3.05167623e+01
 5.79000000e+02 3.70000000e+01 3.06901222e+01
 5.80000000e+02 3.70000000e+01 3.08634536e+01
 5.81000000e+02 3.70000000e+01 3.10366258e+01
 5.82000000e+02 3.70000000e+01 3.12095082e+01
 5.83000000e+02 3.70000000e+01 3.13819702e+01
 5.84000000e+02 3.70000000e+01 3.15538810e+01
 5.85000000e+02 3.70000000e+01 3.17251102e+01
 5.86000000e+02 3.70000000e+01 3.18955269e+01
 5.87000000e+02 3.70000000e+01 3.20650007e+01
 5.88000000e+02 3.70000000e+01 3.22334007e+01
 5.89000000e+02 3.70000000e+01 3.24005965e+01
 5.90000000e+02 3.70000000e+01 3.25664572e+01
 5.91000000e+02 3.70000000e+01 3.27308524e+01
 5.92000000e+02 3.70000000e+01 3.28936513e+01
 5.93000000e+02 3.70000000e+01 3.30547233e+01
 5.94000000e+02 3.70000000e+01 3.32139378e+01
 5.95000000e+02 3.70000000e+01 3.33711641e+01
 5.96000000e+02 3.70000000e+01 3.35262715e+01
 5.97000000e+02 3.70000000e+01 3.36791295e+01
 5.98000000e+02 3.70000000e+01 3.38296073e+01
 5.99000000e+02 3.70000000e+01 3.39775743e+01
 6.00000000e+02 3.70000000e+01 3.41229000e+01
 6.01000000e+02 3.70000000e+01 3.43980817e+01
 6.02000000e+02 3.70000000e+01 3.45378706e+01
 6.03000000e+02 3.70000000e+01 3.46749021e+01
 6.04000000e+02 3.70000000e+01 3.48091940e+01
 6.05000000e+02 3.70000000e+01 3.49407642e+01
 6.06000000e+02 3.70000000e+01 3.50696306e+01
 6.07000000e+02 3.70000000e+01 3.51958112e+01
 6.08000000e+02 3.70000000e+01 3.53193238e+01
 6.09000000e+02 3.70000000e+01 3.54401863e+01
 6.10000000e+02 3.70000000e+01 3.55584167e+01
 6.11000000e+02 3.70000000e+01 3.56740329e+01
 6.12000000e+02 3.70000000e+01 3.57870527e+01
 6.13000000e+02 3.70000000e+01 3.58974941e+01
 6.14000000e+02 3.70000000e+01 3.60053749e+01
 6.15000000e+02 3.70000000e+01 3.61107131e+01
 6.16000000e+02 3.70000000e+01 3.62135266e+01
 6.17000000e+02 3.70000000e+01 3.63138332e+01
 6.18000000e+02 3.70000000e+01 3.64116509e+01
 6.19000000e+02 3.70000000e+01 3.65069976e+01
 6.20000000e+02 3.70000000e+01 3.65998912e+01
 6.21000000e+02 3.70000000e+01 3.66903496e+01
 6.22000000e+02 3.70000000e+01 3.67783906e+01
 6.23000000e+02 3.70000000e+01 3.68640323e+01
 6.24000000e+02 3.70000000e+01 3.69472925e+01
 6.25000000e+02 3.70000000e+01 3.70281890e+01
 6.26000000e+02 3.70000000e+01 3.71067399e+01
 6.27000000e+02 3.70000000e+01 3.71829630e+01
 6.28000000e+02 3.70000000e+01 3.72568762e+01
 6.29000000e+02 3.70000000e+01 3.73284974e+01
 6.30000000e+02 3.70000000e+01 3.73978446e+01
 6.31000000e+02 3.70000000e+01 3.74649356e+01
 6.32000000e+02 3.70000000e+01 3.75297883e+01
 6.33000000e+02 3.70000000e+01 3.75924206e+01
 6.34000000e+02 3.70000000e+01 3.76528505e+01
 6.35000000e+02 3.70000000e+01 3.77110958e+01
 6.36000000e+02 3.70000000e+01 3.77671744e+01
 6.37000000e+02 3.70000000e+01 3.78211044e+01
 6.38000000e+02 3.70000000e+01 3.78729034e+01
 6.39000000e+02 3.70000000e+01 3.79225895e+01
 6.40000000e+02 3.70000000e+01 3.79701806e+01
 6.41000000e+02 3.70000000e+01 3.80156946e+01
 6.42000000e+02 3.70000000e+01 3.80591493e+01
 6.43000000e+02 3.70000000e+01 3.81005627e+01
 6.44000000e+02 3.70000000e+01 3.81399526e+01
 6.45000000e+02 3.70000000e+01 3.81773371e+01
 6.46000000e+02 3.70000000e+01 3.82127339e+01
 6.47000000e+02 3.70000000e+01 3.82461610e+01
 6.48000000e+02 3.70000000e+01 3.82776363e+01
 6.49000000e+02 3.70000000e+01 3.83071777e+01
 6.50000000e+02 3.70000000e+01 3.83348031e+01
 6.51000000e+02 3.70000000e+01 3.81904599e+01
 6.52000000e+02 3.70000000e+01 3.82143246e+01
 6.53000000e+02 3.70000000e+01 3.82363487e+01
 6.54000000e+02 3.70000000e+01 3.82565614e+01
 6.55000000e+02 3.70000000e+01 3.82749917e+01
 6.56000000e+02 3.70000000e+01 3.82916688e+01
 6.57000000e+02 3.70000000e+01 3.83066219e+01
 6.58000000e+02 3.70000000e+01 3.83198801e+01
 6.59000000e+02 3.70000000e+01 3.83314725e+01
 6.60000000e+02 3.70000000e+01 3.83414284e+01
 6.61000000e+02 3.70000000e+01 3.83497768e+01
 6.62000000e+02 3.70000000e+01 3.83565468e+01
 6.63000000e+02 3.70000000e+01 3.83617677e+01
 6.64000000e+02 3.70000000e+01 3.83654686e+01
 6.65000000e+02 3.70000000e+01 3.83676786e+01
 6.66000000e+02 3.70000000e+01 3.83684269e+01
 6.67000000e+02 3.70000000e+01 3.83677425e+01
 6.68000000e+02 3.70000000e+01 3.83656547e+01
 6.69000000e+02 3.70000000e+01 3.83621926e+01
 6.70000000e+02 3.70000000e+01 3.83573853e+01
 6.71000000e+02 3.70000000e+01 3.83512621e+01
 6.72000000e+02 3.70000000e+01 3.83438519e+01
 6.73000000e+02 3.70000000e+01 3.83351840e+01
 6.74000000e+02 3.70000000e+01 3.83252875e+01
 6.75000000e+02 3.70000000e+01 3.83141916e+01
 6.76000000e+02 3.70000000e+01 3.83019254e+01
 6.77000000e+02 3.70000000e+01 3.82885180e+01
 6.78000000e+02 3.70000000e+01 3.82739986e+01
 6.79000000e+02 3.70000000e+01 3.82583964e+01
 6.80000000e+02 3.70000000e+01 3.82417404e+01
 6.81000000e+02 3.70000000e+01 3.82240598e+01
 6.82000000e+02 3.70000000e+01 3.82053838e+01
 6.83000000e+02 3.70000000e+01 3.81857416e+01
 6.84000000e+02 3.70000000e+01 3.81651621e+01
 6.85000000e+02 3.70000000e+01 3.81436747e+01
 6.86000000e+02 3.70000000e+01 3.81213084e+01
 6.87000000e+02 3.70000000e+01 3.80980924e+01
 6.88000000e+02 3.70000000e+01 3.80740559e+01
 6.89000000e+02 3.70000000e+01 3.80492279e+01
 6.90000000e+02 3.70000000e+01 3.80236376e+01
 6.91000000e+02 3.70000000e+01 3.79973142e+01
 6.92000000e+02 3.70000000e+01 3.79702868e+01
 6.93000000e+02 3.70000000e+01 3.79425845e+01
 6.94000000e+02 3.70000000e+01 3.79142366e+01
 6.95000000e+02 3.70000000e+01 3.78852721e+01
 6.96000000e+02 3.70000000e+01 3.78557201e+01
 6.97000000e+02 3.70000000e+01 3.78256099e+01
 6.98000000e+02 3.70000000e+01 3.77949706e+01
 6.99000000e+02 3.70000000e+01 3.77638312e+01
 7.00000000e+02 3.70000000e+01 3.77322211e+01
