 1.00000000e+00 1.90000000e+01 6.20574061e+01
 2.00000000e+00 1.90000000e+01 6.16192188e+01
 3.00000000e+00 1.90000000e+01 6.11866581e+01
 4.00000000e+00 1.90000000e+01 6.07596821e+01
 5.00000000e+00 1.90000000e+01 6.03382489e+01
 6.00000000e+00 1.90000000e+01 5.99223163e+01
 7.00000000e+00 1.90000000e+01 5.95118425e+01
 8.00000000e+00 1.90000000e+01 5.91067855e+01
 9.00000000e+00 1.90000000e+01 5.87071032e+01
 1.00000000e+01 1.90000000e+01 5.83127537e+01
 1.10000000e+01 1.90000000e+01 5.79236950e+01
 1.20000000e+01 1.90000000e+01 5.75398852e+01
 1.30000000e+01 1.90000000e+01 5.71612821e+01
 1.40000000e+01 1.90000000e+01 5.67878440e+01
 1.50000000e+01 1.90000000e+01 5.64195287e+01
 1.60000000e+01 1.90000000e+01 5.60562942e+01
 1.70000000e+01 1.90000000e+01 5.56980987e+01
 1.80000000e+01 1.90000000e+01 5.53449001e+01
 1.90000000e+01 1.90000000e+01 5.49966564e+01
 2.00000000e+01 1.90000000e+01 5.46533257e+01
 2.10000000e+01 1.90000000e+01 5.43148660e+01
 2.20000000e+01 1.90000000e+01 5.39812352e+01
 2.30000000e+01 1.90000000e+01 5.36523914e+01
 2.40000000e+01 1.90000000e+01 5.33282927e+01
 2.50000000e+01 1.90000000e+01 5.30088970e+01
 2.60000000e+01 1.90000000e+01 5.26941623e+01
 2.70000000e+01 1.90000000e+01 5.23840467e+01
 2.80000000e+01 1.90000000e+01 5.20785082e+01
 2.90000000e+01 1.90000000e+01 5.17775048e+01
 3.00000000e+01 1.90000000e+01 5.14809945e+01
 3.10000000e+01 1.90000000e+01 5.11889353e+01
 3.20000000e+01 1.90000000e+01 5.09012853e+01
 3.30000000e+01 1.90000000e+01 5.06180025e+01
 3.40000000e+01 1.90000000e+01 5.03390448e+01
 3.50000000e+01 1.90000000e+01 5.00643703e+01
 3.60000000e+01 1.90000000e+01 4.97939371e+01
 3.70000000e+01 1.90000000e+01 4.95277030e+01
 3.80000000e+01 1.90000000e+01 4.92656263e+01
 3.90000000e+01 1.90000000e+01 4.90076648e+01
 4.00000000e+01 1.90000000e+01 4.87537765e+01
 4.10000000e+01 1.90000000e+01 4.85039196e+01
 4.20000000e+01 1.90000000e+01 4.82580520e+01
 4.30000000e+01 1.90000000e+01 4.80161317e+01
 4.40000000e+01 1.90000000e+01 4.77781167e+01
 4.50000000e+01 1.90000000e+01 4.75439651e+01
 4.60000000e+01 1.90000000e+01 4.73136349e+01
 4.70000000e+01 1.90000000e+01 4.70870841e+01
 4.80000000e+01 1.90000000e+01 4.68642707e+01
 4.90000000e+01 1.90000000e+01 4.66451528e+01
 5.00000000e+01 1.90000000e+01 4.64296882e+01
 5.10000000e+01 1.90000000e+01 4.62178352e+01
 5.20000000e+01 1.90000000e+01 4.60095516e+01
 5.30000000e+01 1.90000000e+01 4.58047955e+01
 5.40000000e+01 1.90000000e+01 4.56035249e+01
 5.50000000e+01 1.90000000e+01 4.54056979e+01
 5.60000000e+01 1.90000000e+01 4.52112724e+01
 5.70000000e+01 1.90000000e+01 4.50202064e+01
 5.80000000e+01 1.90000000e+01 4.48324581e+01
 5.90000000e+01 1.90000000e+01 4.46479853e+01
 6.00000000e+01 1.90000000e+01 4.44667461e+01
 6.10000000e+01 1.90000000e+01 4.42886986e+01
 6.20000000e+01 1.90000000e+01 4.41138007e+01
 6.30000000e+01 1.90000000e+01 4.39420104e+01
 6.40000000e+01 1.90000000e+01 4.37732859e+01
 6.50000000e+01 1.90000000e+01 4.36075850e+01
 6.60000000e+01 1.90000000e+01 4.34448658e+01
 6.70000000e+01 1.90000000e+01 4.32850864e+01
 6.80000000e+01 1.90000000e+01 4.31282047e+01
 6.90000000e+01 1.90000000e+01 4.29741788e+01
 7.00000000e+01 1.90000000e+01 4.28229666e+01
 7.10000000e+01 1.90000000e+01 4.26745262e+01
 7.20000000e+01 1.90000000e+01 4.25288157e+01
 7.30000000e+01 1.90000000e+01 4.23857929e+01
 7.40000000e+01 1.90000000e+01 4.22454160e+01
 7.50000000e+01 1.90000000e+01 4.21076430e+01
 7.60000000e+01 1.90000000e+01 4.19724318e+01
 7.70000000e+01 1.90000000e+01 4.18397405e+01
 7.80000000e+01 1.90000000e+01 4.17095271e+01
 7.90000000e+01 1.90000000e+01 4.15817497e+01
 8.00000000e+01 1.90000000e+01 4.14563662e+01
 8.10000000e+01 1.90000000e+01 4.13333346e+01
 8.20000000e+01 1.90000000e+01 4.12126130e+01
 8.30000000e+01 1.90000000e+01 4.10941594e+01
 8.40000000e+01 1.90000000e+01 4.09779318e+01
 8.50000000e+01 1.90000000e+01 4.08638883e+01
 8.60000000e+01 1.90000000e+01 4.07519867e+01
 8.70000000e+01 1.90000000e+01 4.06421852e+01
 8.80000000e+01 1.90000000e+01 4.05344418e+01
 8.90000000e+01 1.90000000e+01 4.04287145e+01
 9.00000000e+01 1.90000000e+01 4.03249613e+01
 9.10000000e+01 1.90000000e+01 4.02231402e+01
 9.20000000e+01 1.90000000e+01 4.01232092e+01
 9.30000000e+01 1.90000000e+01 4.00251264e+01
 9.40000000e+01 1.90000000e+01 3.99288498e+01
 9.50000000e+01 1.90000000e+01 3.98343373e+01
 9.60000000e+01 1.90000000e+01 3.97415470e+01
 9.70000000e+01 1.90000000e+01 3.96504370e+01
 9.80000000e+01 1.90000000e+01 3.95609652e+01
 9.90000000e+01 1.90000000e+01 3.94730897e+01
 1.00000000e+02 1.90000000e+01 3.93867684e+01
 1.01000000e+02 1.90000000e+01 3.93019594e+01
 1.02000000e+02 1.90000000e+01 3.92186207e+01
 1.03000000e+02 1.90000000e+01 3.91367103e+01
 1.04000000e+02 1.90000000e+01 3.90561863e+01
 1.05000000e+02 1.90000000e+01 3.89770066e+01
 1.06000000e+02 1.90000000e+01 3.88991292e+01
 1.07000000e+02 1.90000000e+01 3.88225123e+01
 1.08000000e+02 1.90000000e+01 3.87471137e+01
 1.09000000e+02 1.90000000e+01 3.86728916e+01
 1.10000000e+02 1.90000000e+01 3.85998039e+01
 1.11000000e+02 1.90000000e+01 3.85278087e+01
 1.12000000e+02 1.90000000e+01 3.84568639e+01
 1.13000000e+02 1.90000000e+01 3.83869276e+01
 1.14000000e+02 1.90000000e+01 3.83179578e+01
 1.15000000e+02 1.90000000e+01 3.82499125e+01
 1.16000000e+02 1.90000000e+01 3.81827498e+01
 1.17000000e+02 1.90000000e+01 3.81164275e+01
 1.18000000e+02 1.90000000e+01 3.80509039e+01
 1.19000000e+02 1.90000000e+01 3.79861368e+01
 1.20000000e+02 1.90000000e+01 3.79220844e+01
 1.21000000e+02 1.90000000e+01 3.78587045e+01
 1.22000000e+02 1.90000000e+01 3.77959553e+01
 1.23000000e+02 1.90000000e+01 3.77337947e+01
 1.24000000e+02 1.90000000e+01 3.76721808e+01
 1.25000000e+02 1.90000000e+01 3.76110716e+01
 1.26000000e+02 1.90000000e+01 3.75504251e+01
 1.27000000e+02 1.90000000e+01 3.74901992e+01
 1.28000000e+02 1.90000000e+01 3.74303521e+01
 1.29000000e+02 1.90000000e+01 3.73708418e+01
 1.30000000e+02 1.90000000e+01 3.73116262e+01
 1.31000000e+02 1.90000000e+01 3.72526634e+01
 1.32000000e+02 1.90000000e+01 3.71939114e+01
 1.33000000e+02 1.90000000e+01 3.71353282e+01
 1.34000000e+02 1.90000000e+01 3.70768718e+01
 1.35000000e+02 1.90000000e+01 3.70185003e+01
 1.36000000e+02 1.90000000e+01 3.69601716e+01
 1.37000000e+02 1.90000000e+01 3.69018438e+01
 1.38000000e+02 1.90000000e+01 3.68434749e+01
 1.39000000e+02 1.90000000e+01 3.67850229e+01
 1.40000000e+02 1.90000000e+01 3.67264459e+01
 1.41000000e+02 1.90000000e+01 3.66677018e+01
 1.42000000e+02 1.90000000e+01 3.66087486e+01
 1.43000000e+02 1.90000000e+01 3.65495444e+01
 1.44000000e+02 1.90000000e+01 3.64900472e+01
 1.45000000e+02 1.90000000e+01 3.64302150e+01
 1.46000000e+02 1.90000000e+01 3.63700059e+01
 1.47000000e+02 1.90000000e+01 3.63093778e+01
 1.48000000e+02 1.90000000e+01 3.62482887e+01
 1.49000000e+02 1.90000000e+01 3.61866967e+01
 1.50000000e+02 1.90000000e+01 3.61245598e+01
 1.51000000e+02 1.90000000e+01 3.60618360e+01
 1.52000000e+02 1.90000000e+01 3.59984834e+01
 1.53000000e+02 1.90000000e+01 3.59344599e+01
 1.54000000e+02 1.90000000e+01 3.58697235e+01
 1.55000000e+02 1.90000000e+01 3.58042323e+01
 1.56000000e+02 1.90000000e+01 3.57379443e+01
 1.57000000e+02 1.90000000e+01 3.56708175e+01
 1.58000000e+02 1.90000000e+01 3.56028099e+01
 1.59000000e+02 1.90000000e+01 3.55338796e+01
 1.60000000e+02 1.90000000e+01 3.54639845e+01
 1.61000000e+02 1.90000000e+01 3.53930827e+01
 1.62000000e+02 1.90000000e+01 3.53211322e+01
 1.63000000e+02 1.90000000e+01 3.52480910e+01
 1.64000000e+02 1.90000000e+01 3.51739171e+01
 1.65000000e+02 1.90000000e+01 3.52366728e+01
 1.66000000e+02 1.90000000e+01 3.51602053e+01
 1.67000000e+02 1.90000000e+01 3.50826644e+01
 1.68000000e+02 1.90000000e+01 3.50041079e+01
 1.69000000e+02 1.90000000e+01 3.49245933e+01
 1.70000000e+02 1.90000000e+01 3.48441785e+01
 1.71000000e+02 1.90000000e+01 3.47629213e+01
 1.72000000e+02 1.90000000e+01 3.46808793e+01
 1.73000000e+02 1.90000000e+01 3.45981103e+01
 1.74000000e+02 1.90000000e+01 3.45146721e+01
 1.75000000e+02 1.90000000e+01 3.44306223e+01
 1.76000000e+02 1.90000000e+01 3.43460187e+01
 1.77000000e+02 1.90000000e+01 3.42609191e+01
 1.78000000e+02 1.90000000e+01 3.41753812e+01
 1.79000000e+02 1.90000000e+01 3.40894626e+01
 1.80000000e+02 1.90000000e+01 3.40032213e+01
 1.81000000e+02 1.90000000e+01 3.39167148e+01
 1.82000000e+02 1.90000000e+01 3.38300010e+01
 1.83000000e+02 1.90000000e+01 3.37431376e+01
 1.84000000e+02 1.90000000e+01 3.36561823e+01
 1.85000000e+02 1.90000000e+01 3.35691928e+01
 1.86000000e+02 1.90000000e+01 3.34822270e+01
 1.87000000e+02 1.90000000e+01 3.33953424e+01
 1.88000000e+02 1.90000000e+01 3.33085970e+01
 1.89000000e+02 1.90000000e+01 3.32220483e+01
 1.90000000e+02 1.90000000e+01 3.31357542e+01
 1.91000000e+02 1.90000000e+01 3.30497723e+01
 1.92000000e+02 1.90000000e+01 3.29641605e+01
 1.93000000e+02 1.90000000e+01 3.28789765e+01
 1.94000000e+02 1.90000000e+01 3.27942779e+01
 1.95000000e+02 1.90000000e+01 3.27101226e+01
 1.96000000e+02 1.90000000e+01 3.26265682e+01
 1.97000000e+02 1.90000000e+01 3.25436726e+01
 1.98000000e+02 1.90000000e+01 3.24614934e+01
 1.99000000e+02 1.90000000e+01 3.23800884e+01
 2.00000000e+02 1.90000000e+01 3.22995153e+01
 2.01000000e+02 1.90000000e+01 3.22198318e+01
 2.02000000e+02 1.90000000e+01 3.21410958e+01
 2.03000000e+02 1.90000000e+01 3.20633649e+01
 2.04000000e+02 1.90000000e+01 3.19866969e+01
 2.05000000e+02 1.90000000e+01 3.19111496e+01
 2.06000000e+02 1.90000000e+01 3.18367805e+01
 2.07000000e+02 1.90000000e+01 3.17636476e+01
 2.08000000e+02 1.90000000e+01 3.16918085e+01
 2.09000000e+02 1.90000000e+01 3.16213209e+01
 2.10000000e+02 1.90000000e+01 3.15522427e+01
 2.11000000e+02 1.90000000e+01 3.14817904e+01
 2.12000000e+02 1.90000000e+01 3.14156498e+01
 2.13000000e+02 1.90000000e+01 3.13509736e+01
 2.14000000e+02 1.90000000e+01 3.12877508e+01
 2.15000000e+02 1.90000000e+01 3.12259700e+01
 2.16000000e+02 1.90000000e+01 3.11656202e+01
 2.17000000e+02 1.90000000e+01 3.11066903e+01
 2.18000000e+02 1.90000000e+01 3.10491690e+01
 2.19000000e+02 1.90000000e+01 3.09930452e+01
 2.20000000e+02 1.90000000e+01 3.09383077e+01
 2.21000000e+02 1.90000000e+01 3.08849455e+01
 2.22000000e+02 1.90000000e+01 3.08329474e+01
 2.23000000e+02 1.90000000e+01 3.07823022e+01
 2.24000000e+02 1.90000000e+01 3.07329987e+01
 2.25000000e+02 1.90000000e+01 3.06850258e+01
 2.26000000e+02 1.90000000e+01 3.06383724e+01
 2.27000000e+02 1.90000000e+01 3.05930273e+01
 2.28000000e+02 1.90000000e+01 3.05489793e+01
 2.29000000e+02 1.90000000e+01 3.05062174e+01
 2.30000000e+02 1.90000000e+01 3.04647303e+01
 2.31000000e+02 1.90000000e+01 3.04245069e+01
 2.32000000e+02 1.90000000e+01 3.03855360e+01
 2.33000000e+02 1.90000000e+01 3.03478066e+01
 2.34000000e+02 1.90000000e+01 3.03113073e+01
 2.35000000e+02 1.90000000e+01 3.02760272e+01
 2.36000000e+02 1.90000000e+01 3.02419550e+01
 2.37000000e+02 1.90000000e+01 3.02090797e+01
 2.38000000e+02 1.90000000e+01 3.01773899e+01
 2.39000000e+02 1.90000000e+01 3.01468747e+01
 2.40000000e+02 1.90000000e+01 3.01175227e+01
 2.41000000e+02 1.90000000e+01 3.00893230e+01
 2.42000000e+02 1.90000000e+01 3.00622643e+01
 2.43000000e+02 1.90000000e+01 3.00363355e+01
 2.44000000e+02 1.90000000e+01 3.00115254e+01
 2.45000000e+02 1.90000000e+01 2.99878229e+01
 2.46000000e+02 1.90000000e+01 2.99652168e+01
 2.47000000e+02 1.90000000e+01 2.99436960e+01
 2.48000000e+02 1.90000000e+01 2.99232493e+01
 2.49000000e+02 1.90000000e+01 2.99038656e+01
 2.50000000e+02 1.90000000e+01 2.98855338e+01
 2.51000000e+02 1.90000000e+01 2.98682426e+01
 2.52000000e+02 1.90000000e+01 2.98519809e+01
 2.53000000e+02 1.90000000e+01 2.98367376e+01
 2.54000000e+02 1.90000000e+01 2.98225015e+01
 2.55000000e+02 1.90000000e+01 2.98092614e+01
 2.56000000e+02 1.90000000e+01 2.97970063e+01
 2.57000000e+02 1.90000000e+01 2.98152660e+01
 2.58000000e+02 1.90000000e+01 2.98049615e+01
 2.59000000e+02 1.90000000e+01 2.97956401e+01
 2.60000000e+02 1.90000000e+01 2.97873108e+01
 2.61000000e+02 1.90000000e+01 2.97799825e+01
 2.62000000e+02 1.90000000e+01 2.97736642e+01
 2.63000000e+02 1.90000000e+01 2.97683649e+01
 2.64000000e+02 1.90000000e+01 2.97640936e+01
 2.65000000e+02 1.90000000e+01 2.97608592e+01
 2.66000000e+02 1.90000000e+01 2.97586707e+01
 2.67000000e+02 1.90000000e+01 2.97575370e+01
 2.68000000e+02 1.90000000e+01 2.97574672e+01
 2.69000000e+02 1.90000000e+01 2.97584703e+01
 2.70000000e+02 1.90000000e+01 2.97605551e+01
 2.71000000e+02 1.90000000e+01 2.97637307e+01
 2.72000000e+02 1.90000000e+01 2.97680061e+01
 2.73000000e+02 1.90000000e+01 2.97733901e+01
 2.74000000e+02 1.90000000e+01 2.97798919e+01
 2.75000000e+02 1.90000000e+01 2.97875203e+01
 2.76000000e+02 1.90000000e+01 2.97962844e+01
 2.77000000e+02 1.90000000e+01 2.98061931e+01
 2.78000000e+02 1.90000000e+01 2.98172554e+01
 2.79000000e+02 1.90000000e+01 2.98294802e+01
 2.80000000e+02 1.90000000e+01 2.98428766e+01
 2.81000000e+02 1.90000000e+01 2.98574535e+01
 2.82000000e+02 1.90000000e+01 2.98732198e+01
 2.83000000e+02 1.90000000e+01 2.98901846e+01
 2.84000000e+02 1.90000000e+01 2.99083569e+01
 2.85000000e+02 1.90000000e+01 2.99277455e+01
 2.86000000e+02 1.90000000e+01 2.99483596e+01
 2.87000000e+02 1.90000000e+01 2.99702080e+01
 2.88000000e+02 1.90000000e+01 2.99932997e+01
 2.89000000e+02 1.90000000e+01 3.00176437e+01
 2.90000000e+02 1.90000000e+01 3.00432490e+01
 2.91000000e+02 1.90000000e+01 3.00701245e+01
 2.92000000e+02 1.90000000e+01 3.00982792e+01
 2.93000000e+02 1.90000000e+01 3.01277222e+01
 2.94000000e+02 1.90000000e+01 3.01584623e+01
 2.95000000e+02 1.90000000e+01 3.01905085e+01
 2.96000000e+02 1.90000000e+01 3.02238699e+01
 2.97000000e+02 1.90000000e+01 3.02585554e+01
 2.98000000e+02 1.90000000e+01 3.02945739e+01
 2.99000000e+02 1.90000000e+01 3.03319344e+01
 3.00000000e+02 1.90000000e+01 3.03706460e+01
 3.01000000e+02 1.90000000e+01 3.04107176e+01
 3.02000000e+02 1.90000000e+01 3.04521581e+01
 3.03000000e+02 1.90000000e+01 3.05072218e+01
 3.04000000e+02 1.90000000e+01 3.05513969e+01
 3.05000000e+02 1.90000000e+01 3.05968812e+01
 3.06000000e+02 1.90000000e+01 3.06436233e+01
 3.07000000e+02 1.90000000e+01 3.06915714e+01
 3.08000000e+02 1.90000000e+01 3.07406741e+01
 3.09000000e+02 1.90000000e+01 3.07908795e+01
 3.10000000e+02 1.90000000e+01 3.08421363e+01
 3.11000000e+02 1.90000000e+01 3.08943926e+01
 3.12000000e+02 1.90000000e+01 3.09475970e+01
 3.13000000e+02 1.90000000e+01 3.10016978e+01
 3.14000000e+02 1.90000000e+01 3.10566434e+01
 3.15000000e+02 1.90000000e+01 3.11123821e+01
 3.16000000e+02 1.90000000e+01 3.11688624e+01
 3.17000000e+02 1.90000000e+01 3.12260326e+01
 3.18000000e+02 1.90000000e+01 3.12838412e+01
 3.19000000e+02 1.90000000e+01 3.13422364e+01
 3.20000000e+02 1.90000000e+01 3.14011667e+01
 3.21000000e+02 1.90000000e+01 3.14605805e+01
 3.22000000e+02 1.90000000e+01 3.15204262e+01
 3.23000000e+02 1.90000000e+01 3.15806521e+01
 3.24000000e+02 1.90000000e+01 3.16412067e+01
 3.25000000e+02 1.90000000e+01 3.17020382e+01
 3.26000000e+02 1.90000000e+01 3.17630952e+01
 3.27000000e+02 1.90000000e+01 3.18243259e+01
 3.28000000e+02 1.90000000e+01 3.18856788e+01
 3.29000000e+02 1.90000000e+01 3.19471023e+01
 3.30000000e+02 1.90000000e+01 3.20085446e+01
 3.31000000e+02 1.90000000e+01 3.20699543e+01
 3.32000000e+02 1.90000000e+01 3.21312798e+01
 3.33000000e+02 1.90000000e+01 3.21924692e+01
 3.34000000e+02 1.90000000e+01 3.22534712e+01
 3.35000000e+02 1.90000000e+01 3.23142340e+01
 3.36000000e+02 1.90000000e+01 3.23747061e+01
 3.37000000e+02 1.90000000e+01 3.24348358e+01
 3.38000000e+02 1.90000000e+01 3.24945715e+01
 3.39000000e+02 1.90000000e+01 3.25538616e+01
 3.40000000e+02 1.90000000e+01 3.26126545e+01
 3.41000000e+02 1.90000000e+01 3.26708985e+01
 3.42000000e+02 1.90000000e+01 3.27285421e+01
 3.43000000e+02 1.90000000e+01 3.27855336e+01
 3.44000000e+02 1.90000000e+01 3.28418214e+01
 3.45000000e+02 1.90000000e+01 3.28973540e+01
 3.46000000e+02 1.90000000e+01 3.29520796e+01
 3.47000000e+02 1.90000000e+01 3.30059467e+01
 3.48000000e+02 1.90000000e+01 3.30589036e+01
 3.49000000e+02 1.90000000e+01 3.32420431e+01
 3.50000000e+02 1.90000000e+01 3.32930518e+01
 3.51000000e+02 1.90000000e+01 3.33430926e+01
 3.52000000e+02 1.90000000e+01 3.33921891e+01
 3.53000000e+02 1.90000000e+01 3.34403653e+01
 3.54000000e+02 1.90000000e+01 3.34876449e+01
 3.55000000e+02 1.90000000e+01 3.35340518e+01
 3.56000000e+02 1.90000000e+01 3.35796097e+01
 3.57000000e+02 1.90000000e+01 3.36243426e+01
 3.58000000e+02 1.90000000e+01 3.36682741e+01
 3.59000000e+02 1.90000000e+01 3.37114281e+01
 3.60000000e+02 1.90000000e+01 3.37538285e+01
 3.61000000e+02 1.90000000e+01 3.37954990e+01
 3.62000000e+02 1.90000000e+01 3.38364634e+01
 3.63000000e+02 1.90000000e+01 3.38767457e+01
 3.64000000e+02 1.90000000e+01 3.39163695e+01
 3.65000000e+02 1.90000000e+01 3.39553588e+01
 3.66000000e+02 1.90000000e+01 3.39937372e+01
 3.67000000e+02 1.90000000e+01 3.40315287e+01
 3.68000000e+02 1.90000000e+01 3.40687571e+01
 3.69000000e+02 1.90000000e+01 3.41054461e+01
 3.70000000e+02 1.90000000e+01 3.41416196e+01
 3.71000000e+02 1.90000000e+01 3.41773014e+01
 3.72000000e+02 1.90000000e+01 3.42125153e+01
 3.73000000e+02 1.90000000e+01 3.42472852e+01
 3.74000000e+02 1.90000000e+01 3.42816348e+01
 3.75000000e+02 1.90000000e+01 3.43155880e+01
 3.76000000e+02 1.90000000e+01 3.43491685e+01
 3.77000000e+02 1.90000000e+01 3.43824002e+01
 3.78000000e+02 1.90000000e+01 3.44153070e+01
 3.79000000e+02 1.90000000e+01 3.44479125e+01
 3.80000000e+02 1.90000000e+01 3.44802407e+01
 3.81000000e+02 1.90000000e+01 3.45123154e+01
 3.82000000e+02 1.90000000e+01 3.45441603e+01
 3.83000000e+02 1.90000000e+01 3.45757993e+01
 3.84000000e+02 1.90000000e+01 3.46072562e+01
 3.85000000e+02 1.90000000e+01 3.46385549e+01
 3.86000000e+02 1.90000000e+01 3.46697190e+01
 3.87000000e+02 1.90000000e+01 3.47007725e+01
 3.88000000e+02 1.90000000e+01 3.47317392e+01
 3.89000000e+02 1.90000000e+01 3.47626429e+01
 3.90000000e+02 1.90000000e+01 3.47935073e+01
 3.91000000e+02 1.90000000e+01 3.48243564e+01
 3.92000000e+02 1.90000000e+01 3.48552138e+01
 3.93000000e+02 1.90000000e+01 3.48861036e+01
 3.94000000e+02 1.90000000e+01 3.49170493e+01
 3.95000000e+02 1.90000000e+01 3.48762152e+01
 3.96000000e+02 1.90000000e+01 3.49073588e+01
 3.97000000e+02 1.90000000e+01 3.49386955e+01
 3.98000000e+02 1.90000000e+01 3.49703065e+01
 3.99000000e+02 1.90000000e+01 3.50022730e+01
 4.00000000e+02 1.90000000e+01 3.50346762e+01
 4.01000000e+02 1.90000000e+01 3.50675973e+01
 4.02000000e+02 1.90000000e+01 3.51011176e+01
 4.03000000e+02 1.90000000e+01 3.51353181e+01
 4.04000000e+02 1.90000000e+01 3.51702803e+01
 4.05000000e+02 1.90000000e+01 3.52060851e+01
 4.06000000e+02 1.90000000e+01 3.52428139e+01
 4.07000000e+02 1.90000000e+01 3.52805478e+01
 4.08000000e+02 1.90000000e+01 3.53193681e+01
 4.09000000e+02 1.90000000e+01 3.53593560e+01
 4.10000000e+02 1.90000000e+01 3.54005926e+01
 4.11000000e+02 1.90000000e+01 3.54431592e+01
 4.12000000e+02 1.90000000e+01 3.54871370e+01
 4.13000000e+02 1.90000000e+01 3.55326071e+01
 4.14000000e+02 1.90000000e+01 3.55796509e+01
 4.15000000e+02 1.90000000e+01 3.56283494e+01
 4.16000000e+02 1.90000000e+01 3.56787840e+01
 4.17000000e+02 1.90000000e+01 3.57310357e+01
 4.18000000e+02 1.90000000e+01 3.57851859e+01
 4.19000000e+02 1.90000000e+01 3.58413157e+01
 4.20000000e+02 1.90000000e+01 3.58995063e+01
 4.21000000e+02 1.90000000e+01 3.59598390e+01
 4.22000000e+02 1.90000000e+01 3.60223949e+01
 4.23000000e+02 1.90000000e+01 3.60872552e+01
 4.24000000e+02 1.90000000e+01 3.61545012e+01
 4.25000000e+02 1.90000000e+01 3.62242140e+01
 4.26000000e+02 1.90000000e+01 3.62964749e+01
 4.27000000e+02 1.90000000e+01 3.63713651e+01
 4.28000000e+02 1.90000000e+01 3.64489657e+01
 4.29000000e+02 1.90000000e+01 3.65293581e+01
 4.30000000e+02 1.90000000e+01 3.66126233e+01
 4.31000000e+02 1.90000000e+01 3.66988426e+01
 4.32000000e+02 1.90000000e+01 3.67880972e+01
 4.33000000e+02 1.90000000e+01 3.68804683e+01
 4.34000000e+02 1.90000000e+01 3.69760371e+01
 4.35000000e+02 1.90000000e+01 3.70748848e+01
 4.36000000e+02 1.90000000e+01 3.71770926e+01
 4.37000000e+02 1.90000000e+01 3.72827418e+01
 4.38000000e+02 1.90000000e+01 3.73919135e+01
 4.39000000e+02 1.90000000e+01 3.75046890e+01
 4.40000000e+02 1.90000000e+01 3.76211494e+01
 4.41000000e+02 1.90000000e+01 3.78983153e+01
 4.42000000e+02 1.90000000e+01 3.80223265e+01
 4.43000000e+02 1.90000000e+01 3.81498954e+01
 4.44000000e+02 1.90000000e+01 3.82807325e+01
 4.45000000e+02 1.90000000e+01 3.84145480e+01
 4.46000000e+02 1.90000000e+01 3.85510524e+01
 4.47000000e+02 1.90000000e+01 3.86899560e+01
 4.48000000e+02 1.90000000e+01 3.88309692e+01
 4.49000000e+02 1.90000000e+01 3.89738024e+01
 4.50000000e+02 1.90000000e+01 3.91181660e+01
 4.51000000e+02 1.90000000e+01 3.92637702e+01
 4.52000000e+02 1.90000000e+01 3.94103255e+01
 4.53000000e+02 1.90000000e+01 3.95575424e+01
 4.54000000e+02 1.90000000e+01 3.97051310e+01
 4.55000000e+02 1.90000000e+01 3.98528019e+01
 4.56000000e+02 1.90000000e+01 4.00002653e+01
 4.57000000e+02 1.90000000e+01 4.01472317e+01
 4.58000000e+02 1.90000000e+01 4.02934115e+01
 4.59000000e+02 1.90000000e+01 4.04385149e+01
 4.60000000e+02 1.90000000e+01 4.05822525e+01
 4.61000000e+02 1.90000000e+01 4.07243345e+01
 4.62000000e+02 1.90000000e+01 4.08644713e+01
 4.63000000e+02 1.90000000e+01 4.10023733e+01
 4.64000000e+02 1.90000000e+01 4.11377509e+01
 4.65000000e+02 1.90000000e+01 4.12703145e+01
 4.66000000e+02 1.90000000e+01 4.13997744e+01
 4.67000000e+02 1.90000000e+01 4.15258410e+01
 4.68000000e+02 1.90000000e+01 4.16482246e+01
 4.69000000e+02 1.90000000e+01 4.17666357e+01
 4.70000000e+02 1.90000000e+01 4.18807846e+01
 4.71000000e+02 1.90000000e+01 4.19903818e+01
 4.72000000e+02 1.90000000e+01 4.20951374e+01
 4.73000000e+02 1.90000000e+01 4.21947621e+01
 4.74000000e+02 1.90000000e+01 4.22889660e+01
 4.75000000e+02 1.90000000e+01 4.23774596e+01
 4.76000000e+02 1.90000000e+01 4.24599533e+01
 4.77000000e+02 1.90000000e+01 4.25361574e+01
 4.78000000e+02 1.90000000e+01 4.26057824e+01
 4.79000000e+02 1.90000000e+01 4.26685385e+01
 4.80000000e+02 1.90000000e+01 4.27241362e+01
 4.81000000e+02 1.90000000e+01 4.27722858e+01
 4.82000000e+02 1.90000000e+01 4.28126977e+01
 4.83000000e+02 1.90000000e+01 4.28450823e+01
 4.84000000e+02 1.90000000e+01 4.28691499e+01
 4.85000000e+02 1.90000000e+01 4.28846110e+01
 4.86000000e+02 1.90000000e+01 4.28911758e+01
 4.87000000e+02 1.90000000e+01 4.28885549e+01
 4.88000000e+02 1.90000000e+01 4.28678012e+01
 4.89000000e+02 1.90000000e+01 4.28465524e+01
 4.90000000e+02 1.90000000e+01 4.28164318e+01
 4.91000000e+02 1.90000000e+01 4.27777867e+01
 4.92000000e+02 1.90000000e+01 4.27309643e+01
 4.93000000e+02 1.90000000e+01 4.26763121e+01
 4.94000000e+02 1.90000000e+01 4.26141773e+01
 4.95000000e+02 1.90000000e+01 4.25449072e+01
 4.96000000e+02 1.90000000e+01 4.24688492e+01
 4.97000000e+02 1.90000000e+01 4.23863505e+01
 4.98000000e+02 1.90000000e+01 4.22977584e+01
 4.99000000e+02 1.90000000e+01 4.22034203e+01
 5.00000000e+02 1.90000000e+01 4.21036835e+01
 5.01000000e+02 1.90000000e+01 4.19988953e+01
 5.02000000e+02 1.90000000e+01 4.18894029e+01
 5.03000000e+02 1.90000000e+01 4.17755538e+01
 5.04000000e+02 1.90000000e+01 4.16576952e+01
 5.05000000e+02 1.90000000e+01 4.15361744e+01
 5.06000000e+02 1.90000000e+01 4.14113387e+01
 5.07000000e+02 1.90000000e+01 4.12835355e+01
 5.08000000e+02 1.90000000e+01 4.11531120e+01
 5.09000000e+02 1.90000000e+01 4.10204156e+01
 5.10000000e+02 1.90000000e+01 4.08857936e+01
 5.11000000e+02 1.90000000e+01 4.07495932e+01
 5.12000000e+02 1.90000000e+01 4.06121619e+01
 5.13000000e+02 1.90000000e+01 4.04738468e+01
 5.14000000e+02 1.90000000e+01 4.03349953e+01
 5.15000000e+02 1.90000000e+01 4.01959548e+01
 5.16000000e+02 1.90000000e+01 4.00570725e+01
 5.17000000e+02 1.90000000e+01 3.99186958e+01
 5.18000000e+02 1.90000000e+01 3.97811719e+01
 5.19000000e+02 1.90000000e+01 3.96448481e+01
 5.20000000e+02 1.90000000e+01 3.95100718e+01
 5.21000000e+02 1.90000000e+01 3.93771903e+01
 5.22000000e+02 1.90000000e+01 3.92465509e+01
 5.23000000e+02 1.90000000e+01 3.91185009e+01
 5.24000000e+02 1.90000000e+01 3.89933876e+01
 5.25000000e+02 1.90000000e+01 3.88715583e+01
 5.26000000e+02 1.90000000e+01 3.87533604e+01
 5.27000000e+02 1.90000000e+01 3.86391411e+01
 5.28000000e+02 1.90000000e+01 3.85292477e+01
 5.29000000e+02 1.90000000e+01 3.84240276e+01
 5.30000000e+02 1.90000000e+01 3.83238281e+01
 5.31000000e+02 1.90000000e+01 3.82289964e+01
 5.32000000e+02 1.90000000e+01 3.81398799e+01
 5.33000000e+02 1.90000000e+01 3.80568260e+01
 5.34000000e+02 1.90000000e+01 3.80920099e+01
 5.35000000e+02 1.90000000e+01 3.80216444e+01
 5.36000000e+02 1.90000000e+01 3.79573265e+01
 5.37000000e+02 1.90000000e+01 3.78987868e+01
 5.38000000e+02 1.90000000e+01 3.78457562e+01
 5.39000000e+02 1.90000000e+01 3.77979653e+01
 5.40000000e+02 1.90000000e+01 3.77551450e+01
 5.41000000e+02 1.90000000e+01 3.77170260e+01
 5.42000000e+02 1.90000000e+01 3.76833391e+01
 5.43000000e+02 1.90000000e+01 3.76538150e+01
 5.44000000e+02 1.90000000e+01 3.76281845e+01
 5.45000000e+02 1.90000000e+01 3.76061785e+01
 5.46000000e+02 1.90000000e+01 3.75875275e+01
 5.47000000e+02 1.90000000e+01 3.75719625e+01
 5.48000000e+02 1.90000000e+01 3.75592141e+01
 5.49000000e+02 1.90000000e+01 3.75490132e+01
 5.50000000e+02 1.90000000e+01 3.75410905e+01
 5.51000000e+02 1.90000000e+01 3.75351768e+01
 5.52000000e+02 1.90000000e+01 3.75310028e+01
 5.53000000e+02 1.90000000e+01 3.75282992e+01
 5.54000000e+02 1.90000000e+01 3.75267970e+01
 5.55000000e+02 1.90000000e+01 3.75262268e+01
 5.56000000e+02 1.90000000e+01 3.75263193e+01
 5.57000000e+02 1.90000000e+01 3.75268055e+01
 5.58000000e+02 1.90000000e+01 3.75274159e+01
 5.59000000e+02 1.90000000e+01 3.75278815e+01
 5.60000000e+02 1.90000000e+01 3.75279328e+01
 5.61000000e+02 1.90000000e+01 3.75273008e+01
 5.62000000e+02 1.90000000e+01 3.75257162e+01
 5.63000000e+02 1.90000000e+01 3.75229098e+01
 5.64000000e+02 1.90000000e+01 3.75186122e+01
 5.65000000e+02 1.90000000e+01 3.75125543e+01
 5.66000000e+02 1.90000000e+01 3.75044669e+01
 5.67000000e+02 1.90000000e+01 3.74940807e+01
 5.68000000e+02 1.90000000e+01 3.74811264e+01
 5.69000000e+02 1.90000000e+01 3.74653349e+01
 5.70000000e+02 1.90000000e+01 3.74464369e+01
 5.71000000e+02 1.90000000e+01 3.74241631e+01
 5.72000000e+02 1.90000000e+01 3.73982444e+01
 5.73000000e+02 1.90000000e+01 3.73684115e+01
 5.74000000e+02 1.90000000e+01 3.73343951e+01
 5.75000000e+02 1.90000000e+01 3.72959261e+01
 5.76000000e+02 1.90000000e+01 3.72527352e+01
 5.77000000e+02 1.90000000e+01 3.72045531e+01
 5.78000000e+02 1.90000000e+01 3.71511106e+01
 5.79000000e+02 1.90000000e+01 3.70921385e+01
 5.80000000e+02 1.90000000e+01 3.68382345e+01
 5.81000000e+02 1.90000000e+01 3.67676968e+01
 5.82000000e+02 1.90000000e+01 3.66915934e+01
 5.83000000e+02 1.90000000e+01 3.66101461e+01
 5.84000000e+02 1.90000000e+01 3.65235767e+01
 5.85000000e+02 1.90000000e+01 3.64321071e+01
 5.86000000e+02 1.90000000e+01 3.63359590e+01
 5.87000000e+02 1.90000000e+01 3.62353543e+01
 5.88000000e+02 1.90000000e+01 3.61305147e+01
 5.89000000e+02 1.90000000e+01 3.60216621e+01
 5.90000000e+02 1.90000000e+01 3.59090182e+01
 5.91000000e+02 1.90000000e+01 3.57928049e+01
 5.92000000e+02 1.90000000e+01 3.56732440e+01
 5.93000000e+02 1.90000000e+01 3.55505573e+01
 5.94000000e+02 1.90000000e+01 3.54249665e+01
 5.95000000e+02 1.90000000e+01 3.52966936e+01
 5.96000000e+02 1.90000000e+01 3.51659603e+01
 5.97000000e+02 1.90000000e+01 3.50329884e+01
 5.98000000e+02 1.90000000e+01 3.48979996e+01
 5.99000000e+02 1.90000000e+01 3.47612160e+01
 6.00000000e+02 1.90000000e+01 3.46228591e+01
 6.01000000e+02 1.90000000e+01 3.44831509e+01
 6.02000000e+02 1.90000000e+01 3.43423131e+01
 6.03000000e+02 1.90000000e+01 3.42005675e+01
 6.04000000e+02 1.90000000e+01 3.40581360e+01
 6.05000000e+02 1.90000000e+01 3.39152404e+01
 6.06000000e+02 1.90000000e+01 3.37721024e+01
 6.07000000e+02 1.90000000e+01 3.36289439e+01
 6.08000000e+02 1.90000000e+01 3.34859867e+01
 6.09000000e+02 1.90000000e+01 3.33434526e+01
 6.10000000e+02 1.90000000e+01 3.32015633e+01
 6.11000000e+02 1.90000000e+01 3.30605408e+01
 6.12000000e+02 1.90000000e+01 3.29206067e+01
 6.13000000e+02 1.90000000e+01 3.27819829e+01
 6.14000000e+02 1.90000000e+01 3.26448913e+01
 6.15000000e+02 1.90000000e+01 3.25095536e+01
 6.16000000e+02 1.90000000e+01 3.23761916e+01
 6.17000000e+02 1.90000000e+01 3.22450271e+01
 6.18000000e+02 1.90000000e+01 3.21162820e+01
 6.19000000e+02 1.90000000e+01 3.19901780e+01
 6.20000000e+02 1.90000000e+01 3.18669370e+01
 6.21000000e+02 1.90000000e+01 3.17467807e+01
 6.22000000e+02 1.90000000e+01 3.16299309e+01
 6.23000000e+02 1.90000000e+01 3.15166096e+01
 6.24000000e+02 1.90000000e+01 3.14070384e+01
 6.25000000e+02 1.90000000e+01 3.13014392e+01
 6.26000000e+02 1.90000000e+01 3.14485254e+01
 6.27000000e+02 1.90000000e+01 3.13514100e+01
 6.28000000e+02 1.90000000e+01 3.12585590e+01
 6.29000000e+02 1.90000000e+01 3.11699330e+01
 6.30000000e+02 1.90000000e+01 3.10854927e+01
 6.31000000e+02 1.90000000e+01 3.10051989e+01
 6.32000000e+02 1.90000000e+01 3.09290122e+01
 6.33000000e+02 1.90000000e+01 3.08568934e+01
 6.34000000e+02 1.90000000e+01 3.07888030e+01
 6.35000000e+02 1.90000000e+01 3.07247018e+01
 6.36000000e+02 1.90000000e+01 3.06645505e+01
 6.37000000e+02 1.90000000e+01 3.06083098e+01
 6.38000000e+02 1.90000000e+01 3.05559403e+01
 6.39000000e+02 1.90000000e+01 3.05074028e+01
 6.40000000e+02 1.90000000e+01 3.04626578e+01
 6.41000000e+02 1.90000000e+01 3.04216662e+01
 6.42000000e+02 1.90000000e+01 3.03843886e+01
 6.43000000e+02 1.90000000e+01 3.03507857e+01
 6.44000000e+02 1.90000000e+01 3.03208182e+01
 6.45000000e+02 1.90000000e+01 3.02944468e+01
 6.46000000e+02 1.90000000e+01 3.02716321e+01
 6.47000000e+02 1.90000000e+01 3.02523348e+01
 6.48000000e+02 1.90000000e+01 3.02365157e+01
 6.49000000e+02 1.90000000e+01 3.02241354e+01
 6.50000000e+02 1.90000000e+01 3.02151546e+01
 6.51000000e+02 1.90000000e+01 3.02095340e+01
 6.52000000e+02 1.90000000e+01 3.02072343e+01
 6.53000000e+02 1.90000000e+01 3.02082162e+01
 6.54000000e+02 1.90000000e+01 3.02124403e+01
 6.55000000e+02 1.90000000e+01 3.02198674e+01
 6.56000000e+02 1.90000000e+01 3.02304582e+01
 6.57000000e+02 1.90000000e+01 3.02441732e+01
 6.58000000e+02 1.90000000e+01 3.02609733e+01
 6.59000000e+02 1.90000000e+01 3.02808190e+01
 6.60000000e+02 1.90000000e+01 3.03036712e+01
 6.61000000e+02 1.90000000e+01 3.03294904e+01
 6.62000000e+02 1.90000000e+01 3.03582374e+01
 6.63000000e+02 1.90000000e+01 3.03898729e+01
 6.64000000e+02 1.90000000e+01 3.04243575e+01
 6.65000000e+02 1.90000000e+01 3.04616519e+01
 6.66000000e+02 1.90000000e+01 3.05017168e+01
 6.67000000e+02 1.90000000e+01 3.05445130e+01
 6.68000000e+02 1.90000000e+01 3.05900010e+01
 6.69000000e+02 1.90000000e+01 3.06381417e+01
 6.70000000e+02 1.90000000e+01 3.06888956e+01
 6.71000000e+02 1.90000000e+01 3.07422234e+01
 6.72000000e+02 1.90000000e+01 3.07837781e+01
 6.73000000e+02 1.90000000e+01 3.08421175e+01
 6.74000000e+02 1.90000000e+01 3.09028432e+01
 6.75000000e+02 1.90000000e+01 3.09658615e+01
 6.76000000e+02 1.90000000e+01 3.10310788e+01
 6.77000000e+02 1.90000000e+01 3.10984017e+01
 6.78000000e+02 1.90000000e+01 3.11677364e+01
 6.79000000e+02 1.90000000e+01 3.12389895e+01
 6.80000000e+02 1.90000000e+01 3.13120673e+01
 6.81000000e+02 1.90000000e+01 3.13868762e+01
 6.82000000e+02 1.90000000e+01 3.14633227e+01
 6.83000000e+02 1.90000000e+01 3.15413132e+01
 6.84000000e+02 1.90000000e+01 3.16207541e+01
 6.85000000e+02 1.90000000e+01 3.17015517e+01
 6.86000000e+02 1.90000000e+01 3.17836126e+01
 6.87000000e+02 1.90000000e+01 3.18668431e+01
 6.88000000e+02 1.90000000e+01 3.19511496e+01
 6.89000000e+02 1.90000000e+01 3.20364386e+01
 6.90000000e+02 1.90000000e+01 3.21226165e+01
 6.91000000e+02 1.90000000e+01 3.22095896e+01
 6.92000000e+02 1.90000000e+01 3.22972645e+01
 6.93000000e+02 1.90000000e+01 3.23855474e+01
 6.94000000e+02 1.90000000e+01 3.24743449e+01
 6.95000000e+02 1.90000000e+01 3.25635633e+01
 6.96000000e+02 1.90000000e+01 3.26531091e+01
 6.97000000e+02 1.90000000e+01 3.27428887e+01
 6.98000000e+02 1.90000000e+01 3.28328084e+01
 6.99000000e+02 1.90000000e+01 3.29227748e+01
 7.00000000e+02 1.90000000e+01 3.30126941e+01
 7.01000000e+02 1.90000000e+01 3.31024729e+01
 7.02000000e+02 1.90000000e+01 3.31920175e+01
 7.03000000e+02 1.90000000e+01 3.32812344e+01
 7.04000000e+02 1.90000000e+01 3.33700299e+01
 7.05000000e+02 1.90000000e+01 3.34583105e+01
 7.06000000e+02 1.90000000e+01 3.35459827e+01
 7.07000000e+02 1.90000000e+01 3.36329527e+01
 7.08000000e+02 1.90000000e+01 3.37191271e+01
 7.09000000e+02 1.90000000e+01 3.38044122e+01
 7.10000000e+02 1.90000000e+01 3.38887144e+01
 7.11000000e+02 1.90000000e+01 3.39719403e+01
 7.12000000e+02 1.90000000e+01 3.40539961e+01
 7.13000000e+02 1.90000000e+01 3.41347883e+01
 7.14000000e+02 1.90000000e+01 3.42142233e+01
 7.15000000e+02 1.90000000e+01 3.42922076e+01
 7.16000000e+02 1.90000000e+01 3.43686475e+01
 7.17000000e+02 1.90000000e+01 3.44434494e+01
 7.18000000e+02 1.90000000e+01 3.44973376e+01
 7.19000000e+02 1.90000000e+01 3.45685850e+01
 7.20000000e+02 1.90000000e+01 3.46379221e+01
 7.21000000e+02 1.90000000e+01 3.47052627e+01
 7.22000000e+02 1.90000000e+01 3.47705204e+01
 7.23000000e+02 1.90000000e+01 3.48336090e+01
 7.24000000e+02 1.90000000e+01 3.48944423e+01
 7.25000000e+02 1.90000000e+01 3.49529340e+01
 7.26000000e+02 1.90000000e+01 3.50089979e+01
 7.27000000e+02 1.90000000e+01 3.50625477e+01
 7.28000000e+02 1.90000000e+01 3.51134972e+01
 7.29000000e+02 1.90000000e+01 3.51617601e+01
 7.30000000e+02 1.90000000e+01 3.52072501e+01
 7.31000000e+02 1.90000000e+01 3.52498810e+01
 7.32000000e+02 1.90000000e+01 3.52895666e+01
 7.33000000e+02 1.90000000e+01 3.53262206e+01
 7.34000000e+02 1.90000000e+01 3.53597567e+01
 7.35000000e+02 1.90000000e+01 3.53900887e+01
 7.36000000e+02 1.90000000e+01 3.54171304e+01
 7.37000000e+02 1.90000000e+01 3.54407955e+01
 7.38000000e+02 1.90000000e+01 3.54609977e+01
 7.39000000e+02 1.90000000e+01 3.54776507e+01
 7.40000000e+02 1.90000000e+01 3.54906685e+01
 7.41000000e+02 1.90000000e+01 3.54999646e+01
 7.42000000e+02 1.90000000e+01 3.55054528e+01
 7.43000000e+02 1.90000000e+01 3.55070469e+01
 7.44000000e+02 1.90000000e+01 3.55046606e+01
 7.45000000e+02 1.90000000e+01 3.54982077e+01
 7.46000000e+02 1.90000000e+01 3.54876020e+01
 7.47000000e+02 1.90000000e+01 3.54727571e+01
 7.48000000e+02 1.90000000e+01 3.54535868e+01
 7.49000000e+02 1.90000000e+01 3.54300048e+01
 7.50000000e+02 1.90000000e+01 3.54019250e+01
 7.51000000e+02 1.90000000e+01 3.53692611e+01
 7.52000000e+02 1.90000000e+01 3.53319267e+01
 7.53000000e+02 1.90000000e+01 3.52898357e+01
 7.54000000e+02 1.90000000e+01 3.52429019e+01
 7.55000000e+02 1.90000000e+01 3.51910388e+01
 7.56000000e+02 1.90000000e+01 3.51341604e+01
 7.57000000e+02 1.90000000e+01 3.50721803e+01
 7.58000000e+02 1.90000000e+01 3.50050123e+01
 7.59000000e+02 1.90000000e+01 3.49325702e+01
 7.60000000e+02 1.90000000e+01 3.48547676e+01
 7.61000000e+02 1.90000000e+01 3.47715184e+01
 7.62000000e+02 1.90000000e+01 3.46827362e+01
 7.63000000e+02 1.90000000e+01 3.45883349e+01
 7.64000000e+02 1.90000000e+01 3.44882282e+01
