 1.00000000e+00 1.70000000e+01 3.21237289e+00
 2.00000000e+00 1.70000000e+01 3.71347304e+00
 3.00000000e+00 1.70000000e+01 4.18027333e+00
 4.00000000e+00 1.70000000e+01 4.61367405e+00
 5.00000000e+00 1.70000000e+01 5.01457550e+00
 6.00000000e+00 1.70000000e+01 5.38387797e+00
 7.00000000e+00 1.70000000e+01 5.72248174e+00
 8.00000000e+00 1.70000000e+01 6.03128710e+00
 9.00000000e+00 1.70000000e+01 6.31119436e+00
 1.00000000e+01 1.70000000e+01 6.56310380e+00
 1.10000000e+01 1.70000000e+01 6.78791570e+00
 1.20000000e+01 1.70000000e+01 6.98653037e+00
 1.30000000e+01 1.70000000e+01 7.15984810e+00
 1.40000000e+01 1.70000000e+01 7.30876916e+00
 1.50000000e+01 1.70000000e+01 7.43419386e+00
 1.60000000e+01 1.70000000e+01 7.53702249e+00
 1.70000000e+01 1.70000000e+01 7.61815533e+00
 1.80000000e+01 1.70000000e+01 7.67849268e+00
 1.90000000e+01 1.70000000e+01 7.71893483e+00
 2.00000000e+01 1.70000000e+01 7.74038207e+00
 2.10000000e+01 1.70000000e+01 7.74373469e+00
 2.20000000e+01 1.70000000e+01 7.72989299e+00
 2.30000000e+01 1.70000000e+01 7.69975725e+00
 2.40000000e+01 1.70000000e+01 7.65422776e+00
 2.50000000e+01 1.70000000e+01 7.59420481e+00
 2.60000000e+01 1.70000000e+01 7.52058871e+00
 2.70000000e+01 1.70000000e+01 7.43427973e+00
 2.80000000e+01 1.70000000e+01 7.33617817e+00
 2.90000000e+01 1.70000000e+01 7.22718432e+00
 3.00000000e+01 1.70000000e+01 7.10819847e+00
 3.10000000e+01 1.70000000e+01 6.98012091e+00
 3.20000000e+01 1.70000000e+01 6.84385193e+00
 3.30000000e+01 1.70000000e+01 6.70029183e+00
 3.40000000e+01 1.70000000e+01 6.55034089e+00
 3.50000000e+01 1.70000000e+01 6.39489941e+00
 3.60000000e+01 1.70000000e+01 6.23486768e+00
 3.70000000e+01 1.70000000e+01 6.07114598e+00
 3.80000000e+01 1.70000000e+01 5.90463461e+00
 3.90000000e+01 1.70000000e+01 5.73623387e+00
 4.00000000e+01 1.70000000e+01 5.56684403e+00
 4.10000000e+01 1.70000000e+01 5.39736540e+00
 4.20000000e+01 1.70000000e+01 5.22869826e+00
 4.30000000e+01 1.70000000e+01 5.06174290e+00
 4.40000000e+01 1.70000000e+01 4.89739962e+00
 4.50000000e+01 1.70000000e+01 4.73656870e+00
 4.60000000e+01 1.70000000e+01 4.58015045e+00
 4.70000000e+01 1.70000000e+01 4.42904514e+00
 4.80000000e+01 1.70000000e+01 4.28415307e+00
 4.90000000e+01 1.70000000e+01 4.14637453e+00
 5.00000000e+01 1.70000000e+01 4.01660981e+00
 5.10000000e+01 1.70000000e+01 3.89575921e+00
 5.20000000e+01 1.70000000e+01 3.78472301e+00
 5.30000000e+01 1.70000000e+01 3.68440150e+00
 5.40000000e+01 1.70000000e+01 3.59569498e+00
 5.50000000e+01 1.70000000e+01 3.51950374e+00
 5.60000000e+01 1.70000000e+01 3.45672807e+00
 5.70000000e+01 1.70000000e+01 3.40826825e+00
 5.80000000e+01 1.70000000e+01 3.37502459e+00
 5.90000000e+01 1.70000000e+01 3.35789736e+00
 6.00000000e+01 1.70000000e+01 3.17218185e+00
 6.10000000e+01 1.70000000e+01 3.18837777e+00
 6.20000000e+01 1.70000000e+01 3.22023778e+00
 6.30000000e+01 1.70000000e+01 3.26694222e+00
 6.40000000e+01 1.70000000e+01 3.32767144e+00
 6.50000000e+01 1.70000000e+01 3.40160580e+00
 6.60000000e+01 1.70000000e+01 3.48792565e+00
 6.70000000e+01 1.70000000e+01 3.58581132e+00
 6.80000000e+01 1.70000000e+01 3.69444317e+00
 6.90000000e+01 1.70000000e+01 3.81300155e+00
 7.00000000e+01 1.70000000e+01 3.94066680e+00
 7.10000000e+01 1.70000000e+01 4.07661928e+00
 7.20000000e+01 1.70000000e+01 4.22003934e+00
 7.30000000e+01 1.70000000e+01 4.37010731e+00
 7.40000000e+01 1.70000000e+01 4.52600356e+00
 7.50000000e+01 1.70000000e+01 4.68690843e+00
 7.60000000e+01 1.70000000e+01 4.85200226e+00
 7.70000000e+01 1.70000000e+01 5.02046542e+00
 7.80000000e+01 1.70000000e+01 5.19147823e+00
 7.90000000e+01 1.70000000e+01 5.36422107e+00
 8.00000000e+01 1.70000000e+01 5.53787426e+00
 8.10000000e+01 1.70000000e+01 5.71161817e+00
 8.20000000e+01 1.70000000e+01 5.88463314e+00
 8.30000000e+01 1.70000000e+01 6.05609952e+00
 8.40000000e+01 1.70000000e+01 6.22519766e+00
 8.50000000e+01 1.70000000e+01 6.39110790e+00
 8.60000000e+01 1.70000000e+01 6.55301060e+00
 8.70000000e+01 1.70000000e+01 6.71008610e+00
 8.80000000e+01 1.70000000e+01 6.86151476e+00
 8.90000000e+01 1.70000000e+01 7.00647691e+00
 9.00000000e+01 1.70000000e+01 7.14415292e+00
 9.10000000e+01 1.70000000e+01 7.27372312e+00
 9.20000000e+01 1.70000000e+01 7.39436788e+00
 9.30000000e+01 1.70000000e+01 7.50526753e+00
 9.40000000e+01 1.70000000e+01 7.60560242e+00
 9.50000000e+01 1.70000000e+01 7.69455291e+00
 9.60000000e+01 1.70000000e+01 7.77129934e+00
 9.70000000e+01 1.70000000e+01 7.83502206e+00
 9.80000000e+01 1.70000000e+01 7.88490142e+00
 9.90000000e+01 1.70000000e+01 7.92011776e+00
 1.00000000e+02 1.70000000e+01 7.93985145e+00
 1.01000000e+02 1.70000000e+01 7.94328282e+00
 1.02000000e+02 1.70000000e+01 7.92959223e+00
 1.03000000e+02 1.70000000e+01 7.89796001e+00
 1.04000000e+02 1.70000000e+01 7.84756653e+00
 1.05000000e+02 1.70000000e+01 7.77759213e+00
 1.06000000e+02 1.70000000e+01 7.68721716e+00
 1.07000000e+02 1.70000000e+01 7.57562197e+00
 1.08000000e+02 1.70000000e+01 7.44198690e+00
 1.09000000e+02 1.70000000e+01 7.28549231e+00
 1.10000000e+02 1.70000000e+01 7.10531854e+00
 1.11000000e+02 1.70000000e+01 6.90064595e+00
 1.12000000e+02 1.70000000e+01 6.67065487e+00
 1.13000000e+02 1.70000000e+01 6.41452567e+00
 1.14000000e+02 1.70000000e+01 6.13143868e+00
 1.15000000e+02 1.70000000e+01 5.82057426e+00
 1.16000000e+02 1.70000000e+01 5.48111276e+00
 1.17000000e+02 1.70000000e+01 5.11223452e+00
 1.18000000e+02 1.70000000e+01 5.14609068e+00
 1.19000000e+02 1.70000000e+01 4.71709221e+00
 1.20000000e+02 1.70000000e+01 4.25893180e+00
 1.21000000e+02 1.70000000e+01 3.77241803e+00
 1.22000000e+02 1.70000000e+01 3.25835950e+00
 1.23000000e+02 1.70000000e+01 2.71756481e+00
 1.24000000e+02 1.70000000e+01 2.15084254e+00
 1.25000000e+02 1.70000000e+01 1.55900129e+00
 1.26000000e+02 1.70000000e+01 9.42849666e-01
 1.27000000e+02 1.70000000e+01 3.03196246e-01
 1.28000000e+02 1.70000000e+01 -3.59150369e-01
 1.29000000e+02 1.70000000e+01 -1.04338159e+00
 1.30000000e+02 1.70000000e+01 -1.74868881e+00
 1.31000000e+02 1.70000000e+01 -2.47426346e+00
 1.32000000e+02 1.70000000e+01 -3.21929692e+00
 1.33000000e+02 1.70000000e+01 -3.98298061e+00
 1.34000000e+02 1.70000000e+01 -4.76450593e+00
 1.35000000e+02 1.70000000e+01 -5.56306430e+00
 1.36000000e+02 1.70000000e+01 -6.37784710e+00
 1.37000000e+02 1.70000000e+01 -7.20804576e+00
 1.38000000e+02 1.70000000e+01 -8.05285168e+00
 1.39000000e+02 1.70000000e+01 -8.91145626e+00
 1.40000000e+02 1.70000000e+01 -9.78305091e+00
 1.41000000e+02 1.70000000e+01 -1.06668270e+01
 1.42000000e+02 1.70000000e+01 -1.15619761e+01
 1.43000000e+02 1.70000000e+01 -1.24676893e+01
 1.44000000e+02 1.70000000e+01 -1.33831583e+01
 1.45000000e+02 1.70000000e+01 -1.43075744e+01
 1.46000000e+02 1.70000000e+01 -1.52401290e+01
 1.47000000e+02 1.70000000e+01 -1.61800135e+01
 1.48000000e+02 1.70000000e+01 -1.71264194e+01
 1.49000000e+02 1.70000000e+01 -1.80785379e+01
 1.50000000e+02 1.70000000e+01 -1.90355606e+01
 1.51000000e+02 1.70000000e+01 -1.99966788e+01
 1.52000000e+02 1.70000000e+01 -2.09610840e+01
 1.53000000e+02 1.70000000e+01 -2.19279675e+01
 1.54000000e+02 1.70000000e+01 -2.28965208e+01
 1.55000000e+02 1.70000000e+01 -2.38659352e+01
 1.56000000e+02 1.70000000e+01 -2.48354022e+01
 1.57000000e+02 1.70000000e+01 -2.58041132e+01
 1.58000000e+02 1.70000000e+01 -2.67712596e+01
 1.59000000e+02 1.70000000e+01 -2.77360327e+01
 1.60000000e+02 1.70000000e+01 -2.86976240e+01
 1.61000000e+02 1.70000000e+01 -2.96552250e+01
 1.62000000e+02 1.70000000e+01 -3.06080269e+01
 1.63000000e+02 1.70000000e+01 -3.15552213e+01
 1.64000000e+02 1.70000000e+01 -3.24959994e+01
 1.65000000e+02 1.70000000e+01 -3.34295528e+01
 1.66000000e+02 1.70000000e+01 -3.43550728e+01
 1.67000000e+02 1.70000000e+01 -3.52717509e+01
 1.68000000e+02 1.70000000e+01 -3.61787784e+01
 1.69000000e+02 1.70000000e+01 -3.70753467e+01
 1.70000000e+02 1.70000000e+01 -3.79606473e+01
 1.71000000e+02 1.70000000e+01 -3.88338716e+01
 1.72000000e+02 1.70000000e+01 -3.96942109e+01
 1.73000000e+02 1.70000000e+01 -4.05408567e+01
 1.74000000e+02 1.70000000e+01 -4.13730003e+01
 1.75000000e+02 1.70000000e+01 -4.21898333e+01
 1.76000000e+02 1.70000000e+01 -4.27387135e+01
 1.77000000e+02 1.70000000e+01 -4.35230463e+01
 1.78000000e+02 1.70000000e+01 -4.42911793e+01
 1.79000000e+02 1.70000000e+01 -4.50433287e+01
 1.80000000e+02 1.70000000e+01 -4.57797104e+01
 1.81000000e+02 1.70000000e+01 -4.65005404e+01
 1.82000000e+02 1.70000000e+01 -4.72060345e+01
 1.83000000e+02 1.70000000e+01 -4.78964089e+01
 1.84000000e+02 1.70000000e+01 -4.85718795e+01
 1.85000000e+02 1.70000000e+01 -4.92326621e+01
 1.86000000e+02 1.70000000e+01 -4.98789729e+01
 1.87000000e+02 1.70000000e+01 -5.05110278e+01
 1.88000000e+02 1.70000000e+01 -5.11290428e+01
 1.89000000e+02 1.70000000e+01 -5.17332337e+01
 1.90000000e+02 1.70000000e+01 -5.23238167e+01
 1.91000000e+02 1.70000000e+01 -5.29010076e+01
 1.92000000e+02 1.70000000e+01 -5.34650225e+01
 1.93000000e+02 1.70000000e+01 -5.40160773e+01
 1.94000000e+02 1.70000000e+01 -5.45543879e+01
 1.95000000e+02 1.70000000e+01 -5.50801704e+01
 1.96000000e+02 1.70000000e+01 -5.55936407e+01
 1.97000000e+02 1.70000000e+01 -5.60950148e+01
 1.98000000e+02 1.70000000e+01 -5.65845087e+01
 1.99000000e+02 1.70000000e+01 -5.70623383e+01
 2.00000000e+02 1.70000000e+01 -5.75287196e+01
 2.01000000e+02 1.70000000e+01 -5.79838685e+01
 2.02000000e+02 1.70000000e+01 -5.84280011e+01
 2.03000000e+02 1.70000000e+01 -5.88613333e+01
 2.04000000e+02 1.70000000e+01 -5.92840811e+01
 2.05000000e+02 1.70000000e+01 -5.96964605e+01
 2.06000000e+02 1.70000000e+01 -6.00986873e+01
 2.07000000e+02 1.70000000e+01 -6.04909777e+01
 2.08000000e+02 1.70000000e+01 -6.08735475e+01
 2.09000000e+02 1.70000000e+01 -6.12466128e+01
 2.10000000e+02 1.70000000e+01 -6.16103894e+01
 2.11000000e+02 1.70000000e+01 -6.19650935e+01
 2.12000000e+02 1.70000000e+01 -6.23109409e+01
 2.13000000e+02 1.70000000e+01 -6.26481476e+01
 2.14000000e+02 1.70000000e+01 -6.29769296e+01
 2.15000000e+02 1.70000000e+01 -6.32975028e+01
 2.16000000e+02 1.70000000e+01 -6.36100833e+01
 2.17000000e+02 1.70000000e+01 -6.39148869e+01
 2.18000000e+02 1.70000000e+01 -6.42121298e+01
 2.19000000e+02 1.70000000e+01 -6.45020278e+01
 2.20000000e+02 1.70000000e+01 -6.47847968e+01
 2.21000000e+02 1.70000000e+01 -6.50606530e+01
 2.22000000e+02 1.70000000e+01 -6.53298122e+01
 2.23000000e+02 1.70000000e+01 -6.55924905e+01
 2.24000000e+02 1.70000000e+01 -6.58489037e+01
 2.25000000e+02 1.70000000e+01 -6.60992679e+01
 2.26000000e+02 1.70000000e+01 -6.63437990e+01
 2.27000000e+02 1.70000000e+01 -6.65827130e+01
 2.28000000e+02 1.70000000e+01 -6.68162259e+01
 2.29000000e+02 1.70000000e+01 -6.70445537e+01
 2.30000000e+02 1.70000000e+01 -6.72679123e+01
 2.31000000e+02 1.70000000e+01 -6.74865176e+01
 2.32000000e+02 1.70000000e+01 -6.77005857e+01
 2.33000000e+02 1.70000000e+01 -6.79103325e+01
 2.34000000e+02 1.70000000e+01 -6.83002299e+01
 2.35000000e+02 1.70000000e+01 -6.85019192e+01
 2.36000000e+02 1.70000000e+01 -6.86997177e+01
 2.37000000e+02 1.70000000e+01 -6.88936783e+01
 2.38000000e+02 1.70000000e+01 -6.90838537e+01
 2.39000000e+02 1.70000000e+01 -6.92702969e+01
 2.40000000e+02 1.70000000e+01 -6.94530607e+01
 2.41000000e+02 1.70000000e+01 -6.96321979e+01
 2.42000000e+02 1.70000000e+01 -6.98077615e+01
 2.43000000e+02 1.70000000e+01 -6.99798043e+01
 2.44000000e+02 1.70000000e+01 -7.01483792e+01
 2.45000000e+02 1.70000000e+01 -7.03135390e+01
 2.46000000e+02 1.70000000e+01 -7.04753366e+01
 2.47000000e+02 1.70000000e+01 -7.06338249e+01
 2.48000000e+02 1.70000000e+01 -7.07890566e+01
 2.49000000e+02 1.70000000e+01 -7.09410848e+01
 2.50000000e+02 1.70000000e+01 -7.10899622e+01
 2.51000000e+02 1.70000000e+01 -7.12357417e+01
 2.52000000e+02 1.70000000e+01 -7.13784761e+01
 2.53000000e+02 1.70000000e+01 -7.15182184e+01
 2.54000000e+02 1.70000000e+01 -7.16550214e+01
 2.55000000e+02 1.70000000e+01 -7.17889380e+01
 2.56000000e+02 1.70000000e+01 -7.19200210e+01
 2.57000000e+02 1.70000000e+01 -7.20483232e+01
 2.58000000e+02 1.70000000e+01 -7.21738976e+01
 2.59000000e+02 1.70000000e+01 -7.22967971e+01
 2.60000000e+02 1.70000000e+01 -7.24170744e+01
 2.61000000e+02 1.70000000e+01 -7.25347824e+01
 2.62000000e+02 1.70000000e+01 -7.26499741e+01
 2.63000000e+02 1.70000000e+01 -7.27627022e+01
 2.64000000e+02 1.70000000e+01 -7.28730196e+01
 2.65000000e+02 1.70000000e+01 -7.29809792e+01
 2.66000000e+02 1.70000000e+01 -7.30866339e+01
 2.67000000e+02 1.70000000e+01 -7.31900365e+01
 2.68000000e+02 1.70000000e+01 -7.32912399e+01
 2.69000000e+02 1.70000000e+01 -7.33902969e+01
 2.70000000e+02 1.70000000e+01 -7.34872604e+01
 2.71000000e+02 1.70000000e+01 -7.35821833e+01
 2.72000000e+02 1.70000000e+01 -7.36751185e+01
 2.73000000e+02 1.70000000e+01 -7.37661187e+01
 2.74000000e+02 1.70000000e+01 -7.38552369e+01
 2.75000000e+02 1.70000000e+01 -7.39425259e+01
 2.76000000e+02 1.70000000e+01 -7.40280386e+01
 2.77000000e+02 1.70000000e+01 -7.41118278e+01
 2.78000000e+02 1.70000000e+01 -7.41939464e+01
 2.79000000e+02 1.70000000e+01 -7.42744474e+01
 2.80000000e+02 1.70000000e+01 -7.43533834e+01
 2.81000000e+02 1.70000000e+01 -7.44308075e+01
 2.82000000e+02 1.70000000e+01 -7.45067724e+01
 2.83000000e+02 1.70000000e+01 -7.45813311e+01
 2.84000000e+02 1.70000000e+01 -7.46545363e+01
 2.85000000e+02 1.70000000e+01 -7.47264410e+01
 2.86000000e+02 1.70000000e+01 -7.47970980e+01
 2.87000000e+02 1.70000000e+01 -7.48665602e+01
 2.88000000e+02 1.70000000e+01 -7.49348805e+01
 2.89000000e+02 1.70000000e+01 -7.50021116e+01
 2.90000000e+02 1.70000000e+01 -7.50683065e+01
 2.91000000e+02 1.70000000e+01 -7.51335180e+01
 2.92000000e+02 1.70000000e+01 -7.52107617e+01
 2.93000000e+02 1.70000000e+01 -7.52741493e+01
 2.94000000e+02 1.70000000e+01 -7.53366311e+01
 2.95000000e+02 1.70000000e+01 -7.53981908e+01
 2.96000000e+02 1.70000000e+01 -7.54588118e+01
 2.97000000e+02 1.70000000e+01 -7.55184776e+01
 2.98000000e+02 1.70000000e+01 -7.55771717e+01
 2.99000000e+02 1.70000000e+01 -7.56348776e+01
 3.00000000e+02 1.70000000e+01 -7.56915789e+01
 3.01000000e+02 1.70000000e+01 -7.57472590e+01
 3.02000000e+02 1.70000000e+01 -7.58019014e+01
 3.03000000e+02 1.70000000e+01 -7.58554897e+01
 3.04000000e+02 1.70000000e+01 -7.59080073e+01
 3.05000000e+02 1.70000000e+01 -7.59594378e+01
 3.06000000e+02 1.70000000e+01 -7.60097646e+01
 3.07000000e+02 1.70000000e+01 -7.60589713e+01
 3.08000000e+02 1.70000000e+01 -7.61070414e+01
 3.09000000e+02 1.70000000e+01 -7.61539583e+01
 3.10000000e+02 1.70000000e+01 -7.61997056e+01
 3.11000000e+02 1.70000000e+01 -7.62442667e+01
 3.12000000e+02 1.70000000e+01 -7.62876253e+01
 3.13000000e+02 1.70000000e+01 -7.63297647e+01
 3.14000000e+02 1.70000000e+01 -7.63706686e+01
 3.15000000e+02 1.70000000e+01 -7.64103203e+01
 3.16000000e+02 1.70000000e+01 -7.64487034e+01
 3.17000000e+02 1.70000000e+01 -7.64858015e+01
 3.18000000e+02 1.70000000e+01 -7.65215979e+01
 3.19000000e+02 1.70000000e+01 -7.65560763e+01
 3.20000000e+02 1.70000000e+01 -7.65892200e+01
 3.21000000e+02 1.70000000e+01 -7.66210127e+01
 3.22000000e+02 1.70000000e+01 -7.66514378e+01
 3.23000000e+02 1.70000000e+01 -7.66804789e+01
 3.24000000e+02 1.70000000e+01 -7.67081194e+01
 3.25000000e+02 1.70000000e+01 -7.67343428e+01
 3.26000000e+02 1.70000000e+01 -7.67591326e+01
 3.27000000e+02 1.70000000e+01 -7.67824725e+01
 3.28000000e+02 1.70000000e+01 -7.68043457e+01
 3.29000000e+02 1.70000000e+01 -7.68247359e+01
 3.30000000e+02 1.70000000e+01 -7.68436266e+01
 3.31000000e+02 1.70000000e+01 -7.68610013e+01
 3.32000000e+02 1.70000000e+01 -7.68768434e+01
 3.33000000e+02 1.70000000e+01 -7.68911365e+01
 3.34000000e+02 1.70000000e+01 -7.69038641e+01
 3.35000000e+02 1.70000000e+01 -7.69150096e+01
 3.36000000e+02 1.70000000e+01 -7.69245566e+01
 3.37000000e+02 1.70000000e+01 -7.69324887e+01
 3.38000000e+02 1.70000000e+01 -7.69387892e+01
 3.39000000e+02 1.70000000e+01 -7.69434417e+01
 3.40000000e+02 1.70000000e+01 -7.69464298e+01
 3.41000000e+02 1.70000000e+01 -7.69477368e+01
 3.42000000e+02 1.70000000e+01 -7.69473464e+01
 3.43000000e+02 1.70000000e+01 -7.69452420e+01
 3.44000000e+02 1.70000000e+01 -7.69414071e+01
 3.45000000e+02 1.70000000e+01 -7.69358252e+01
 3.46000000e+02 1.70000000e+01 -7.69284798e+01
 3.47000000e+02 1.70000000e+01 -7.69193545e+01
 3.48000000e+02 1.70000000e+01 -7.69084328e+01
 3.49000000e+02 1.70000000e+01 -7.68956981e+01
 3.50000000e+02 1.70000000e+01 -7.68473985e+01
 3.51000000e+02 1.70000000e+01 -7.68309967e+01
 3.52000000e+02 1.70000000e+01 -7.68127865e+01
 3.53000000e+02 1.70000000e+01 -7.67928056e+01
 3.54000000e+02 1.70000000e+01 -7.67710915e+01
 3.55000000e+02 1.70000000e+01 -7.67476819e+01
 3.56000000e+02 1.70000000e+01 -7.67226145e+01
 3.57000000e+02 1.70000000e+01 -7.66959267e+01
 3.58000000e+02 1.70000000e+01 -7.66676562e+01
 3.59000000e+02 1.70000000e+01 -7.66378406e+01
 3.60000000e+02 1.70000000e+01 -7.66065175e+01
 3.61000000e+02 1.70000000e+01 -7.65737245e+01
 3.62000000e+02 1.70000000e+01 -7.65394992e+01
 3.63000000e+02 1.70000000e+01 -7.65038793e+01
 3.64000000e+02 1.70000000e+01 -7.64669022e+01
 3.65000000e+02 1.70000000e+01 -7.64286058e+01
 3.66000000e+02 1.70000000e+01 -7.63890274e+01
 3.67000000e+02 1.70000000e+01 -7.63482048e+01
 3.68000000e+02 1.70000000e+01 -7.63061756e+01
 3.69000000e+02 1.70000000e+01 -7.62629773e+01
 3.70000000e+02 1.70000000e+01 -7.62186476e+01
 3.71000000e+02 1.70000000e+01 -7.61732241e+01
 3.72000000e+02 1.70000000e+01 -7.61267443e+01
 3.73000000e+02 1.70000000e+01 -7.60792459e+01
 3.74000000e+02 1.70000000e+01 -7.60307665e+01
 3.75000000e+02 1.70000000e+01 -7.59813437e+01
 3.76000000e+02 1.70000000e+01 -7.59310151e+01
 3.77000000e+02 1.70000000e+01 -7.58798183e+01
 3.78000000e+02 1.70000000e+01 -7.58277909e+01
 3.79000000e+02 1.70000000e+01 -7.57749705e+01
 3.80000000e+02 1.70000000e+01 -7.57213947e+01
 3.81000000e+02 1.70000000e+01 -7.56671012e+01
 3.82000000e+02 1.70000000e+01 -7.56121275e+01
 3.83000000e+02 1.70000000e+01 -7.55565113e+01
 3.84000000e+02 1.70000000e+01 -7.55002901e+01
 3.85000000e+02 1.70000000e+01 -7.54435015e+01
 3.86000000e+02 1.70000000e+01 -7.53861832e+01
 3.87000000e+02 1.70000000e+01 -7.53283728e+01
 3.88000000e+02 1.70000000e+01 -7.52701078e+01
 3.89000000e+02 1.70000000e+01 -7.52114259e+01
 3.90000000e+02 1.70000000e+01 -7.51523647e+01
 3.91000000e+02 1.70000000e+01 -7.50929618e+01
 3.92000000e+02 1.70000000e+01 -7.50332548e+01
 3.93000000e+02 1.70000000e+01 -7.49732812e+01
 3.94000000e+02 1.70000000e+01 -7.49130788e+01
 3.95000000e+02 1.70000000e+01 -7.48526851e+01
 3.96000000e+02 1.70000000e+01 -7.47921377e+01
 3.97000000e+02 1.70000000e+01 -7.47314742e+01
 3.98000000e+02 1.70000000e+01 -7.46707323e+01
 3.99000000e+02 1.70000000e+01 -7.46099494e+01
 4.00000000e+02 1.70000000e+01 -7.45491634e+01
 4.01000000e+02 1.70000000e+01 -7.44884116e+01
 4.02000000e+02 1.70000000e+01 -7.44277318e+01
 4.03000000e+02 1.70000000e+01 -7.43671616e+01
 4.04000000e+02 1.70000000e+01 -7.43067385e+01
 4.05000000e+02 1.70000000e+01 -7.42465002e+01
 4.06000000e+02 1.70000000e+01 -7.41864843e+01
 4.07000000e+02 1.70000000e+01 -7.41267284e+01
 4.08000000e+02 1.70000000e+01 -7.40672700e+01
 4.09000000e+02 1.70000000e+01 -7.40087047e+01
 4.10000000e+02 1.70000000e+01 -7.39498272e+01
 4.11000000e+02 1.70000000e+01 -7.38911081e+01
 4.12000000e+02 1.70000000e+01 -7.38324477e+01
 4.13000000e+02 1.70000000e+01 -7.37737463e+01
 4.14000000e+02 1.70000000e+01 -7.37149040e+01
 4.15000000e+02 1.70000000e+01 -7.36558211e+01
 4.16000000e+02 1.70000000e+01 -7.35963976e+01
 4.17000000e+02 1.70000000e+01 -7.35365340e+01
 4.18000000e+02 1.70000000e+01 -7.34761303e+01
 4.19000000e+02 1.70000000e+01 -7.34150868e+01
 4.20000000e+02 1.70000000e+01 -7.33533037e+01
 4.21000000e+02 1.70000000e+01 -7.32906811e+01
 4.22000000e+02 1.70000000e+01 -7.32271194e+01
 4.23000000e+02 1.70000000e+01 -7.31625187e+01
 4.24000000e+02 1.70000000e+01 -7.30967792e+01
 4.25000000e+02 1.70000000e+01 -7.30298011e+01
 4.26000000e+02 1.70000000e+01 -7.29614846e+01
 4.27000000e+02 1.70000000e+01 -7.28917300e+01
 4.28000000e+02 1.70000000e+01 -7.28204374e+01
 4.29000000e+02 1.70000000e+01 -7.27475071e+01
 4.30000000e+02 1.70000000e+01 -7.26728392e+01
 4.31000000e+02 1.70000000e+01 -7.25963341e+01
 4.32000000e+02 1.70000000e+01 -7.25178918e+01
 4.33000000e+02 1.70000000e+01 -7.24374126e+01
 4.34000000e+02 1.70000000e+01 -7.23547967e+01
 4.35000000e+02 1.70000000e+01 -7.22699443e+01
 4.36000000e+02 1.70000000e+01 -7.21827556e+01
 4.37000000e+02 1.70000000e+01 -7.20931308e+01
 4.38000000e+02 1.70000000e+01 -7.20009702e+01
 4.39000000e+02 1.70000000e+01 -7.19061739e+01
 4.40000000e+02 1.70000000e+01 -7.18086422e+01
 4.41000000e+02 1.70000000e+01 -7.17082752e+01
 4.42000000e+02 1.70000000e+01 -7.16049732e+01
 4.43000000e+02 1.70000000e+01 -7.14986363e+01
 4.44000000e+02 1.70000000e+01 -7.13891648e+01
 4.45000000e+02 1.70000000e+01 -7.12764590e+01
 4.46000000e+02 1.70000000e+01 -7.11604189e+01
 4.47000000e+02 1.70000000e+01 -7.10409448e+01
 4.48000000e+02 1.70000000e+01 -7.09179370e+01
 4.49000000e+02 1.70000000e+01 -7.07912955e+01
 4.50000000e+02 1.70000000e+01 -7.06609207e+01
 4.51000000e+02 1.70000000e+01 -7.05267127e+01
 4.52000000e+02 1.70000000e+01 -7.03885718e+01
 4.53000000e+02 1.70000000e+01 -7.02463982e+01
 4.54000000e+02 1.70000000e+01 -7.01000920e+01
 4.55000000e+02 1.70000000e+01 -6.99495534e+01
 4.56000000e+02 1.70000000e+01 -6.97946828e+01
 4.57000000e+02 1.70000000e+01 -6.96353803e+01
 4.58000000e+02 1.70000000e+01 -6.94715460e+01
 4.59000000e+02 1.70000000e+01 -6.93030802e+01
 4.60000000e+02 1.70000000e+01 -6.91298832e+01
 4.61000000e+02 1.70000000e+01 -6.89518551e+01
 4.62000000e+02 1.70000000e+01 -6.87688961e+01
 4.63000000e+02 1.70000000e+01 -6.85809065e+01
 4.64000000e+02 1.70000000e+01 -6.83877864e+01
 4.65000000e+02 1.70000000e+01 -6.81894360e+01
 4.66000000e+02 1.70000000e+01 -6.79857556e+01
 4.67000000e+02 1.70000000e+01 -6.77167247e+01
 4.68000000e+02 1.70000000e+01 -6.75020516e+01
 4.69000000e+02 1.70000000e+01 -6.72816819e+01
 4.70000000e+02 1.70000000e+01 -6.70554755e+01
 4.71000000e+02 1.70000000e+01 -6.68232925e+01
 4.72000000e+02 1.70000000e+01 -6.65849926e+01
 4.73000000e+02 1.70000000e+01 -6.63404359e+01
 4.74000000e+02 1.70000000e+01 -6.60894823e+01
 4.75000000e+02 1.70000000e+01 -6.58319916e+01
 4.76000000e+02 1.70000000e+01 -6.55678239e+01
 4.77000000e+02 1.70000000e+01 -6.52968389e+01
 4.78000000e+02 1.70000000e+01 -6.50188967e+01
 4.79000000e+02 1.70000000e+01 -6.47338572e+01
 4.80000000e+02 1.70000000e+01 -6.44415802e+01
 4.81000000e+02 1.70000000e+01 -6.41419258e+01
 4.82000000e+02 1.70000000e+01 -6.38347538e+01
 4.83000000e+02 1.70000000e+01 -6.35199241e+01
 4.84000000e+02 1.70000000e+01 -6.31972967e+01
 4.85000000e+02 1.70000000e+01 -6.28667316e+01
 4.86000000e+02 1.70000000e+01 -6.25280885e+01
 4.87000000e+02 1.70000000e+01 -6.21812275e+01
 4.88000000e+02 1.70000000e+01 -6.18260085e+01
 4.89000000e+02 1.70000000e+01 -6.14622913e+01
 4.90000000e+02 1.70000000e+01 -6.10899359e+01
 4.91000000e+02 1.70000000e+01 -6.07088023e+01
 4.92000000e+02 1.70000000e+01 -6.03187504e+01
 4.93000000e+02 1.70000000e+01 -5.99196400e+01
 4.94000000e+02 1.70000000e+01 -5.95113311e+01
 4.95000000e+02 1.70000000e+01 -5.90936836e+01
 4.96000000e+02 1.70000000e+01 -5.86665575e+01
 4.97000000e+02 1.70000000e+01 -5.82298126e+01
 4.98000000e+02 1.70000000e+01 -5.77833090e+01
 4.99000000e+02 1.70000000e+01 -5.73269064e+01
 5.00000000e+02 1.70000000e+01 -5.68604649e+01
 5.01000000e+02 1.70000000e+01 -5.63838443e+01
 5.02000000e+02 1.70000000e+01 -5.58969046e+01
 5.03000000e+02 1.70000000e+01 -5.53995056e+01
 5.04000000e+02 1.70000000e+01 -5.48915075e+01
 5.05000000e+02 1.70000000e+01 -5.43727699e+01
 5.06000000e+02 1.70000000e+01 -5.38431529e+01
 5.07000000e+02 1.70000000e+01 -5.33025164e+01
 5.08000000e+02 1.70000000e+01 -5.27507203e+01
 5.09000000e+02 1.70000000e+01 -5.21876245e+01
 5.10000000e+02 1.70000000e+01 -5.16130890e+01
 5.11000000e+02 1.70000000e+01 -5.10269737e+01
 5.12000000e+02 1.70000000e+01 -5.04291385e+01
 5.13000000e+02 1.70000000e+01 -4.98194432e+01
 5.14000000e+02 1.70000000e+01 -4.91977479e+01
 5.15000000e+02 1.70000000e+01 -4.85639125e+01
 5.16000000e+02 1.70000000e+01 -4.79177969e+01
 5.17000000e+02 1.70000000e+01 -4.72592609e+01
 5.18000000e+02 1.70000000e+01 -4.65881646e+01
 5.19000000e+02 1.70000000e+01 -4.59043679e+01
 5.20000000e+02 1.70000000e+01 -4.52077306e+01
 5.21000000e+02 1.70000000e+01 -4.44981127e+01
 5.22000000e+02 1.70000000e+01 -4.37753741e+01
 5.23000000e+02 1.70000000e+01 -4.30393748e+01
 5.24000000e+02 1.70000000e+01 -4.22899747e+01
 5.25000000e+02 1.70000000e+01 -4.17786100e+01
 5.26000000e+02 1.70000000e+01 -4.10024462e+01
 5.27000000e+02 1.70000000e+01 -4.02137524e+01
 5.28000000e+02 1.70000000e+01 -3.94132494e+01
 5.29000000e+02 1.70000000e+01 -3.86016577e+01
 5.30000000e+02 1.70000000e+01 -3.77796981e+01
 5.31000000e+02 1.70000000e+01 -3.69480913e+01
 5.32000000e+02 1.70000000e+01 -3.61075579e+01
 5.33000000e+02 1.70000000e+01 -3.52588186e+01
 5.34000000e+02 1.70000000e+01 -3.44025941e+01
 5.35000000e+02 1.70000000e+01 -3.35396050e+01
 5.36000000e+02 1.70000000e+01 -3.26705720e+01
 5.37000000e+02 1.70000000e+01 -3.17962159e+01
 5.38000000e+02 1.70000000e+01 -3.09172572e+01
 5.39000000e+02 1.70000000e+01 -3.00344167e+01
 5.40000000e+02 1.70000000e+01 -2.91484149e+01
 5.41000000e+02 1.70000000e+01 -2.82599727e+01
 5.42000000e+02 1.70000000e+01 -2.73698106e+01
 5.43000000e+02 1.70000000e+01 -2.64786494e+01
 5.44000000e+02 1.70000000e+01 -2.55872097e+01
 5.45000000e+02 1.70000000e+01 -2.46962122e+01
 5.46000000e+02 1.70000000e+01 -2.38063775e+01
 5.47000000e+02 1.70000000e+01 -2.29184264e+01
 5.48000000e+02 1.70000000e+01 -2.20330795e+01
 5.49000000e+02 1.70000000e+01 -2.11510575e+01
 5.50000000e+02 1.70000000e+01 -2.02730810e+01
 5.51000000e+02 1.70000000e+01 -1.93998708e+01
 5.52000000e+02 1.70000000e+01 -1.85321475e+01
 5.53000000e+02 1.70000000e+01 -1.76706317e+01
 5.54000000e+02 1.70000000e+01 -1.68160442e+01
 5.55000000e+02 1.70000000e+01 -1.59691057e+01
 5.56000000e+02 1.70000000e+01 -1.51305367e+01
 5.57000000e+02 1.70000000e+01 -1.43010581e+01
 5.58000000e+02 1.70000000e+01 -1.34813904e+01
 5.59000000e+02 1.70000000e+01 -1.26722543e+01
 5.60000000e+02 1.70000000e+01 -1.18743705e+01
 5.61000000e+02 1.70000000e+01 -1.10884597e+01
 5.62000000e+02 1.70000000e+01 -1.03152425e+01
 5.63000000e+02 1.70000000e+01 -9.55543966e+00
 5.64000000e+02 1.70000000e+01 -8.80977182e+00
 5.65000000e+02 1.70000000e+01 -8.07895964e+00
 5.66000000e+02 1.70000000e+01 -7.36372381e+00
 5.67000000e+02 1.70000000e+01 -6.66478501e+00
 5.68000000e+02 1.70000000e+01 -5.98286389e+00
 5.69000000e+02 1.70000000e+01 -5.31868114e+00
 5.70000000e+02 1.70000000e+01 -4.67295744e+00
 5.71000000e+02 1.70000000e+01 -4.04641345e+00
 5.72000000e+02 1.70000000e+01 -3.43976985e+00
 5.73000000e+02 1.70000000e+01 -2.85374732e+00
 5.74000000e+02 1.70000000e+01 -2.28906652e+00
 5.75000000e+02 1.70000000e+01 -1.74644813e+00
 5.76000000e+02 1.70000000e+01 -1.22661284e+00
 5.77000000e+02 1.70000000e+01 -7.30281299e-01
 5.78000000e+02 1.70000000e+01 -2.58174196e-01
 5.79000000e+02 1.70000000e+01 1.88987797e-01
 5.80000000e+02 1.70000000e+01 6.10484008e-01
 5.81000000e+02 1.70000000e+01 1.00559376e+00
 5.82000000e+02 1.70000000e+01 1.37359639e+00
 5.83000000e+02 1.70000000e+01 1.36328966e+00
 5.84000000e+02 1.70000000e+01 1.67548980e+00
 5.85000000e+02 1.70000000e+01 1.96039848e+00
 5.86000000e+02 1.70000000e+01 2.21877827e+00
 5.87000000e+02 1.70000000e+01 2.45139178e+00
 5.88000000e+02 1.70000000e+01 2.65900157e+00
 5.89000000e+02 1.70000000e+01 2.84237026e+00
 5.90000000e+02 1.70000000e+01 3.00226041e+00
 5.91000000e+02 1.70000000e+01 3.13943463e+00
 5.92000000e+02 1.70000000e+01 3.25465549e+00
 5.93000000e+02 1.70000000e+01 3.34868559e+00
 5.94000000e+02 1.70000000e+01 3.42228752e+00
 5.95000000e+02 1.70000000e+01 3.47622387e+00
 5.96000000e+02 1.70000000e+01 3.51125722e+00
 5.97000000e+02 1.70000000e+01 3.52815016e+00
 5.98000000e+02 1.70000000e+01 3.52766528e+00
 5.99000000e+02 1.70000000e+01 3.51056517e+00
 6.00000000e+02 1.70000000e+01 3.47761242e+00
 6.01000000e+02 1.70000000e+01 3.42956961e+00
 6.02000000e+02 1.70000000e+01 3.36719934e+00
 6.03000000e+02 1.70000000e+01 3.29126419e+00
 6.04000000e+02 1.70000000e+01 3.20252675e+00
 6.05000000e+02 1.70000000e+01 3.10174961e+00
 6.06000000e+02 1.70000000e+01 2.98969536e+00
 6.07000000e+02 1.70000000e+01 2.86712659e+00
 6.08000000e+02 1.70000000e+01 2.73480588e+00
 6.09000000e+02 1.70000000e+01 2.59349582e+00
 6.10000000e+02 1.70000000e+01 2.44395901e+00
 6.11000000e+02 1.70000000e+01 2.28695803e+00
 6.12000000e+02 1.70000000e+01 2.12325547e+00
 6.13000000e+02 1.70000000e+01 1.95361391e+00
 6.14000000e+02 1.70000000e+01 1.77879595e+00
 6.15000000e+02 1.70000000e+01 1.59956418e+00
 6.16000000e+02 1.70000000e+01 1.41668118e+00
 6.17000000e+02 1.70000000e+01 1.23090954e+00
 6.18000000e+02 1.70000000e+01 1.04301185e+00
 6.19000000e+02 1.70000000e+01 8.53750699e-01
 6.20000000e+02 1.70000000e+01 6.63888675e-01
 6.21000000e+02 1.70000000e+01 4.74188367e-01
 6.22000000e+02 1.70000000e+01 2.85412362e-01
 6.23000000e+02 1.70000000e+01 9.83232506e-02
 6.24000000e+02 1.70000000e+01 -8.63163804e-02
 6.25000000e+02 1.70000000e+01 -2.67743942e-01
 6.26000000e+02 1.70000000e+01 -4.45196846e-01
 6.27000000e+02 1.70000000e+01 -6.17912503e-01
 6.28000000e+02 1.70000000e+01 -7.85128325e-01
 6.29000000e+02 1.70000000e+01 -9.46081724e-01
 6.30000000e+02 1.70000000e+01 -1.10001011e+00
 6.31000000e+02 1.70000000e+01 -1.24615090e+00
 6.32000000e+02 1.70000000e+01 -1.38374150e+00
 6.33000000e+02 1.70000000e+01 -1.51201932e+00
 6.34000000e+02 1.70000000e+01 -1.63022177e+00
 6.35000000e+02 1.70000000e+01 -1.73758627e+00
 6.36000000e+02 1.70000000e+01 -1.83335023e+00
 6.37000000e+02 1.70000000e+01 -1.91675106e+00
 6.38000000e+02 1.70000000e+01 -1.98702617e+00
 6.39000000e+02 1.70000000e+01 -2.04341297e+00
 6.40000000e+02 1.70000000e+01 -2.08514887e+00
 6.41000000e+02 1.70000000e+01 -1.95361301e+00
 6.42000000e+02 1.70000000e+01 -1.96418444e+00
 6.43000000e+02 1.70000000e+01 -1.95965585e+00
 6.44000000e+02 1.70000000e+01 -1.94084060e+00
 6.45000000e+02 1.70000000e+01 -1.90855209e+00
 6.46000000e+02 1.70000000e+01 -1.86360369e+00
 6.47000000e+02 1.70000000e+01 -1.80680879e+00
 6.48000000e+02 1.70000000e+01 -1.73898077e+00
 6.49000000e+02 1.70000000e+01 -1.66093301e+00
 6.50000000e+02 1.70000000e+01 -1.57347890e+00
 6.51000000e+02 1.70000000e+01 -1.47743181e+00
 6.52000000e+02 1.70000000e+01 -1.37360512e+00
 6.53000000e+02 1.70000000e+01 -1.26281223e+00
 6.54000000e+02 1.70000000e+01 -1.14586650e+00
 6.55000000e+02 1.70000000e+01 -1.02358133e+00
 6.56000000e+02 1.70000000e+01 -8.96770090e-01
 6.57000000e+02 1.70000000e+01 -7.66246166e-01
 6.58000000e+02 1.70000000e+01 -6.32822940e-01
 6.59000000e+02 1.70000000e+01 -4.97313794e-01
 6.60000000e+02 1.70000000e+01 -3.60532108e-01
 6.61000000e+02 1.70000000e+01 -2.23291266e-01
 6.62000000e+02 1.70000000e+01 -8.64046480e-02
 6.63000000e+02 1.70000000e+01 4.93143631e-02
 6.64000000e+02 1.70000000e+01 1.83052386e-01
 6.65000000e+02 1.70000000e+01 3.13996038e-01
 6.66000000e+02 1.70000000e+01 4.41331938e-01
 6.67000000e+02 1.70000000e+01 5.64246704e-01
 6.68000000e+02 1.70000000e+01 6.81926955e-01
 6.69000000e+02 1.70000000e+01 7.93559308e-01
 6.70000000e+02 1.70000000e+01 8.98330381e-01
 6.71000000e+02 1.70000000e+01 9.95426794e-01
 6.72000000e+02 1.70000000e+01 1.08403516e+00
 6.73000000e+02 1.70000000e+01 1.16334211e+00
 6.74000000e+02 1.70000000e+01 1.23253425e+00
 6.75000000e+02 1.70000000e+01 1.29079819e+00
 6.76000000e+02 1.70000000e+01 1.33732057e+00
 6.77000000e+02 1.70000000e+01 1.37128800e+00
 6.78000000e+02 1.70000000e+01 1.39188709e+00
 6.79000000e+02 1.70000000e+01 1.39830447e+00
 6.80000000e+02 1.70000000e+01 1.38972675e+00
 6.81000000e+02 1.70000000e+01 1.36534055e+00
 6.82000000e+02 1.70000000e+01 1.32433249e+00
 6.83000000e+02 1.70000000e+01 1.26588919e+00
 6.84000000e+02 1.70000000e+01 1.18919726e+00
 6.85000000e+02 1.70000000e+01 1.09344332e+00
 6.86000000e+02 1.70000000e+01 9.77813998e-01
 6.87000000e+02 1.70000000e+01 8.41495903e-01
 6.88000000e+02 1.70000000e+01 6.83675657e-01
 6.89000000e+02 1.70000000e+01 5.03539876e-01
 6.90000000e+02 1.70000000e+01 3.00275180e-01
 6.91000000e+02 1.70000000e+01 7.30681863e-02
 6.92000000e+02 1.70000000e+01 -1.78894487e-01
 6.93000000e+02 1.70000000e+01 -4.56426221e-01
 6.94000000e+02 1.70000000e+01 -7.60340399e-01
 6.95000000e+02 1.70000000e+01 -1.09145040e+00
 6.96000000e+02 1.70000000e+01 -1.45056961e+00
 6.97000000e+02 1.70000000e+01 -1.83851141e+00
 6.98000000e+02 1.70000000e+01 -2.25608918e+00
 6.99000000e+02 1.70000000e+01 -2.70411630e+00
