 1.00000000e+00 1.70000000e+01 3.61361076e+01
 2.00000000e+00 1.70000000e+01 3.62358654e+01
 3.00000000e+00 1.70000000e+01 3.63343738e+01
 4.00000000e+00 1.70000000e+01 3.64316384e+01
 5.00000000e+00 1.70000000e+01 3.65276653e+01
 6.00000000e+00 1.70000000e+01 3.66224603e+01
 7.00000000e+00 1.70000000e+01 3.67160293e+01
 8.00000000e+00 1.70000000e+01 3.68083781e+01
 9.00000000e+00 1.70000000e+01 3.68995127e+01
 1.00000000e+01 1.70000000e+01 3.69894390e+01
 1.10000000e+01 1.70000000e+01 3.70781628e+01
 1.20000000e+01 1.70000000e+01 3.71656900e+01
 1.30000000e+01 1.70000000e+01 3.72520265e+01
 1.40000000e+01 1.70000000e+01 3.73371781e+01
 1.50000000e+01 1.70000000e+01 3.74211509e+01
 1.60000000e+01 1.70000000e+01 3.75039506e+01
 1.70000000e+01 1.70000000e+01 3.75855831e+01
 1.80000000e+01 1.70000000e+01 3.76660544e+01
 1.90000000e+01 1.70000000e+01 3.77453702e+01
 2.00000000e+01 1.70000000e+01 3.78235366e+01
 2.10000000e+01 1.70000000e+01 3.79005593e+01
 2.20000000e+01 1.70000000e+01 3.79764443e+01
 2.30000000e+01 1.70000000e+01 3.80511974e+01
 2.40000000e+01 1.70000000e+01 3.81248245e+01
 2.50000000e+01 1.70000000e+01 3.81973316e+01
 2.60000000e+01 1.70000000e+01 3.82687244e+01
 2.70000000e+01 1.70000000e+01 3.83390090e+01
 2.80000000e+01 1.70000000e+01 3.84081911e+01
 2.90000000e+01 1.70000000e+01 3.84762766e+01
 3.00000000e+01 1.70000000e+01 3.85432715e+01
 3.10000000e+01 1.70000000e+01 3.86091816e+01
 3.20000000e+01 1.70000000e+01 3.86740128e+01
 3.30000000e+01 1.70000000e+01 3.87377710e+01
 3.40000000e+01 1.70000000e+01 3.88004621e+01
 3.50000000e+01 1.70000000e+01 3.88620919e+01
 3.60000000e+01 1.70000000e+01 3.89226664e+01
 3.70000000e+01 1.70000000e+01 3.89821914e+01
 3.80000000e+01 1.70000000e+01 3.90406728e+01
 3.90000000e+01 1.70000000e+01 3.90981165e+01
 4.00000000e+01 1.70000000e+01 3.91545283e+01
 4.10000000e+01 1.70000000e+01 3.92099143e+01
 4.20000000e+01 1.70000000e+01 3.92642802e+01
 4.30000000e+01 1.70000000e+01 3.93176319e+01
 4.40000000e+01 1.70000000e+01 3.93699753e+01
 4.50000000e+01 1.70000000e+01 3.94213164e+01
 4.60000000e+01 1.70000000e+01 3.94716609e+01
 4.70000000e+01 1.70000000e+01 3.95210148e+01
 4.80000000e+01 1.70000000e+01 3.95693839e+01
 4.90000000e+01 1.70000000e+01 3.96167742e+01
 5.00000000e+01 1.70000000e+01 3.96631915e+01
 5.10000000e+01 1.70000000e+01 3.97086418e+01
 5.20000000e+01 1.70000000e+01 3.97531308e+01
 5.30000000e+01 1.70000000e+01 3.97966645e+01
 5.40000000e+01 1.70000000e+01 3.98392487e+01
 5.50000000e+01 1.70000000e+01 3.98808894e+01
 5.60000000e+01 1.70000000e+01 3.99215925e+01
 5.70000000e+01 1.70000000e+01 3.99613637e+01
 5.80000000e+01 1.70000000e+01 4.00002091e+01
 5.90000000e+01 1.70000000e+01 4.00381344e+01
 6.00000000e+01 1.70000000e+01 4.00751456e+01
 6.10000000e+01 1.70000000e+01 4.01112486e+01
 6.20000000e+01 1.70000000e+01 4.01464492e+01
 6.30000000e+01 1.70000000e+01 4.01807533e+01
 6.40000000e+01 1.70000000e+01 4.02141668e+01
 6.50000000e+01 1.70000000e+01 4.02466956e+01
 6.60000000e+01 1.70000000e+01 4.02783456e+01
 6.70000000e+01 1.70000000e+01 4.03091227e+01
 6.80000000e+01 1.70000000e+01 4.03390327e+01
 6.90000000e+01 1.70000000e+01 4.03680815e+01
 7.00000000e+01 1.70000000e+01 4.03962751e+01
 7.10000000e+01 1.70000000e+01 4.04236192e+01
 7.20000000e+01 1.70000000e+01 4.04501198e+01
 7.30000000e+01 1.70000000e+01 4.04757828e+01
 7.40000000e+01 1.70000000e+01 4.05006141e+01
 7.50000000e+01 1.70000000e+01 4.05246195e+01
 7.60000000e+01 1.70000000e+01 4.05478049e+01
 7.70000000e+01 1.70000000e+01 4.05701762e+01
 7.80000000e+01 1.70000000e+01 4.05917393e+01
 7.90000000e+01 1.70000000e+01 4.06125001e+01
 8.00000000e+01 1.70000000e+01 4.06324644e+01
 8.10000000e+01 1.70000000e+01 4.06516382e+01
 8.20000000e+01 1.70000000e+01 4.06700273e+01
 8.30000000e+01 1.70000000e+01 4.06876376e+01
 8.40000000e+01 1.70000000e+01 4.07044750e+01
 8.50000000e+01 1.70000000e+01 4.07205454e+01
 8.60000000e+01 1.70000000e+01 4.07358547e+01
 8.70000000e+01 1.70000000e+01 4.07504087e+01
 8.80000000e+01 1.70000000e+01 4.07642134e+01
 8.90000000e+01 1.70000000e+01 4.07772745e+01
 9.00000000e+01 1.70000000e+01 4.07895981e+01
 9.10000000e+01 1.70000000e+01 4.08011900e+01
 9.20000000e+01 1.70000000e+01 4.08120560e+01
 9.30000000e+01 1.70000000e+01 4.08222021e+01
 9.40000000e+01 1.70000000e+01 4.08316341e+01
 9.50000000e+01 1.70000000e+01 4.08403580e+01
 9.60000000e+01 1.70000000e+01 4.08483796e+01
 9.70000000e+01 1.70000000e+01 4.08557048e+01
 9.80000000e+01 1.70000000e+01 4.08623394e+01
 9.90000000e+01 1.70000000e+01 4.08682894e+01
 1.00000000e+02 1.70000000e+01 4.08735607e+01
 1.01000000e+02 1.70000000e+01 4.08781591e+01
 1.02000000e+02 1.70000000e+01 4.08820905e+01
 1.03000000e+02 1.70000000e+01 4.08853608e+01
 1.04000000e+02 1.70000000e+01 4.08879759e+01
 1.05000000e+02 1.70000000e+01 4.08899417e+01
 1.06000000e+02 1.70000000e+01 4.08912640e+01
 1.07000000e+02 1.70000000e+01 4.08919488e+01
 1.08000000e+02 1.70000000e+01 4.08920019e+01
 1.09000000e+02 1.70000000e+01 4.08914292e+01
 1.10000000e+02 1.70000000e+01 4.08902366e+01
 1.11000000e+02 1.70000000e+01 4.08884300e+01
 1.12000000e+02 1.70000000e+01 4.08860153e+01
 1.13000000e+02 1.70000000e+01 4.08829983e+01
 1.14000000e+02 1.70000000e+01 4.08793849e+01
 1.15000000e+02 1.70000000e+01 4.08751810e+01
 1.16000000e+02 1.70000000e+01 4.08703926e+01
 1.17000000e+02 1.70000000e+01 4.08650254e+01
 1.18000000e+02 1.70000000e+01 4.08590854e+01
 1.19000000e+02 1.70000000e+01 4.08525785e+01
 1.20000000e+02 1.70000000e+01 4.08455105e+01
 1.21000000e+02 1.70000000e+01 4.08378873e+01
 1.22000000e+02 1.70000000e+01 4.08297148e+01
 1.23000000e+02 1.70000000e+01 4.08209989e+01
 1.24000000e+02 1.70000000e+01 4.08117455e+01
 1.25000000e+02 1.70000000e+01 4.08019605e+01
 1.26000000e+02 1.70000000e+01 4.07916497e+01
 1.27000000e+02 1.70000000e+01 4.07808190e+01
 1.28000000e+02 1.70000000e+01 4.07694744e+01
 1.29000000e+02 1.70000000e+01 4.07576217e+01
 1.30000000e+02 1.70000000e+01 4.07452667e+01
 1.31000000e+02 1.70000000e+01 4.07324154e+01
 1.32000000e+02 1.70000000e+01 4.07190737e+01
 1.33000000e+02 1.70000000e+01 4.07052473e+01
 1.34000000e+02 1.70000000e+01 4.06909424e+01
 1.35000000e+02 1.70000000e+01 4.06761646e+01
 1.36000000e+02 1.70000000e+01 4.06609199e+01
 1.37000000e+02 1.70000000e+01 4.06452142e+01
 1.38000000e+02 1.70000000e+01 4.06290534e+01
 1.39000000e+02 1.70000000e+01 4.06124433e+01
 1.40000000e+02 1.70000000e+01 4.05953898e+01
 1.41000000e+02 1.70000000e+01 4.05778988e+01
 1.42000000e+02 1.70000000e+01 4.05599763e+01
 1.43000000e+02 1.70000000e+01 4.05416280e+01
 1.44000000e+02 1.70000000e+01 4.05228599e+01
 1.45000000e+02 1.70000000e+01 4.05036778e+01
 1.46000000e+02 1.70000000e+01 4.04840877e+01
 1.47000000e+02 1.70000000e+01 4.04640954e+01
 1.48000000e+02 1.70000000e+01 4.15658085e+01
 1.49000000e+02 1.70000000e+01 4.15449615e+01
 1.50000000e+02 1.70000000e+01 4.15237862e+01
 1.51000000e+02 1.70000000e+01 4.15023244e+01
 1.52000000e+02 1.70000000e+01 4.14806178e+01
 1.53000000e+02 1.70000000e+01 4.14587080e+01
 1.54000000e+02 1.70000000e+01 4.14366367e+01
 1.55000000e+02 1.70000000e+01 4.14144457e+01
 1.56000000e+02 1.70000000e+01 4.13921766e+01
 1.57000000e+02 1.70000000e+01 4.13698712e+01
 1.58000000e+02 1.70000000e+01 4.13475711e+01
 1.59000000e+02 1.70000000e+01 4.13253181e+01
 1.60000000e+02 1.70000000e+01 4.13031538e+01
 1.61000000e+02 1.70000000e+01 4.12811199e+01
 1.62000000e+02 1.70000000e+01 4.12592582e+01
 1.63000000e+02 1.70000000e+01 4.12376103e+01
 1.64000000e+02 1.70000000e+01 4.12162179e+01
 1.65000000e+02 1.70000000e+01 4.11951228e+01
 1.66000000e+02 1.70000000e+01 4.11743666e+01
 1.67000000e+02 1.70000000e+01 4.11539910e+01
 1.68000000e+02 1.70000000e+01 4.11340378e+01
 1.69000000e+02 1.70000000e+01 4.11145486e+01
 1.70000000e+02 1.70000000e+01 4.10955651e+01
 1.71000000e+02 1.70000000e+01 4.10771290e+01
 1.72000000e+02 1.70000000e+01 4.10592820e+01
 1.73000000e+02 1.70000000e+01 4.10420658e+01
 1.74000000e+02 1.70000000e+01 4.10255222e+01
 1.75000000e+02 1.70000000e+01 4.10096928e+01
 1.76000000e+02 1.70000000e+01 4.09946193e+01
 1.77000000e+02 1.70000000e+01 4.09803434e+01
 1.78000000e+02 1.70000000e+01 4.09669068e+01
 1.79000000e+02 1.70000000e+01 4.09543512e+01
 1.80000000e+02 1.70000000e+01 4.09427183e+01
 1.81000000e+02 1.70000000e+01 4.09320498e+01
 1.82000000e+02 1.70000000e+01 4.09223874e+01
 1.83000000e+02 1.70000000e+01 4.09137728e+01
 1.84000000e+02 1.70000000e+01 4.09062477e+01
 1.85000000e+02 1.70000000e+01 4.08998538e+01
 1.86000000e+02 1.70000000e+01 4.08946328e+01
 1.87000000e+02 1.70000000e+01 4.08906264e+01
 1.88000000e+02 1.70000000e+01 4.08878763e+01
 1.89000000e+02 1.70000000e+01 4.08864242e+01
 1.90000000e+02 1.70000000e+01 4.08863117e+01
 1.91000000e+02 1.70000000e+01 4.08875806e+01
 1.92000000e+02 1.70000000e+01 4.08902727e+01
 1.93000000e+02 1.70000000e+01 4.08944295e+01
 1.94000000e+02 1.70000000e+01 4.09000927e+01
 1.95000000e+02 1.70000000e+01 4.05059266e+01
 1.96000000e+02 1.70000000e+01 4.05147140e+01
 1.97000000e+02 1.70000000e+01 4.05250930e+01
 1.98000000e+02 1.70000000e+01 4.05370707e+01
 1.99000000e+02 1.70000000e+01 4.05506539e+01
 2.00000000e+02 1.70000000e+01 4.05658495e+01
 2.01000000e+02 1.70000000e+01 4.05826642e+01
 2.02000000e+02 1.70000000e+01 4.06011051e+01
 2.03000000e+02 1.70000000e+01 4.06211789e+01
 2.04000000e+02 1.70000000e+01 4.06428924e+01
 2.05000000e+02 1.70000000e+01 4.06662527e+01
 2.06000000e+02 1.70000000e+01 4.06912664e+01
 2.07000000e+02 1.70000000e+01 4.07179406e+01
 2.08000000e+02 1.70000000e+01 4.07462820e+01
 2.09000000e+02 1.70000000e+01 4.07762975e+01
 2.10000000e+02 1.70000000e+01 4.08079940e+01
 2.11000000e+02 1.70000000e+01 4.08413783e+01
 2.12000000e+02 1.70000000e+01 4.08764573e+01
 2.13000000e+02 1.70000000e+01 4.09132379e+01
 2.14000000e+02 1.70000000e+01 4.09517269e+01
 2.15000000e+02 1.70000000e+01 4.09919312e+01
 2.16000000e+02 1.70000000e+01 4.10338577e+01
 2.17000000e+02 1.70000000e+01 4.10775131e+01
 2.18000000e+02 1.70000000e+01 4.11229045e+01
 2.19000000e+02 1.70000000e+01 4.11700386e+01
 2.20000000e+02 1.70000000e+01 4.12189222e+01
 2.21000000e+02 1.70000000e+01 4.12695624e+01
 2.22000000e+02 1.70000000e+01 4.13219659e+01
 2.23000000e+02 1.70000000e+01 4.13761395e+01
 2.24000000e+02 1.70000000e+01 4.14320902e+01
 2.25000000e+02 1.70000000e+01 4.14898249e+01
 2.26000000e+02 1.70000000e+01 4.15493503e+01
 2.27000000e+02 1.70000000e+01 4.16106733e+01
 2.28000000e+02 1.70000000e+01 4.16738009e+01
 2.29000000e+02 1.70000000e+01 4.17387398e+01
 2.30000000e+02 1.70000000e+01 4.18054969e+01
 2.31000000e+02 1.70000000e+01 4.18740791e+01
 2.32000000e+02 1.70000000e+01 4.19444933e+01
 2.33000000e+02 1.70000000e+01 4.20167463e+01
 2.34000000e+02 1.70000000e+01 4.20908450e+01
 2.35000000e+02 1.70000000e+01 4.21667962e+01
 2.36000000e+02 1.70000000e+01 4.22446068e+01
 2.37000000e+02 1.70000000e+01 4.23242836e+01
 2.38000000e+02 1.70000000e+01 4.24058336e+01
 2.39000000e+02 1.70000000e+01 4.24892636e+01
 2.40000000e+02 1.70000000e+01 4.25745805e+01
 2.41000000e+02 1.70000000e+01 4.26617910e+01
 2.42000000e+02 1.70000000e+01 4.27509022e+01
 2.43000000e+02 1.70000000e+01 4.34340004e+01
 2.44000000e+02 1.70000000e+01 4.35268635e+01
 2.45000000e+02 1.70000000e+01 4.36214696e+01
 2.46000000e+02 1.70000000e+01 4.37177217e+01
 2.47000000e+02 1.70000000e+01 4.38155227e+01
 2.48000000e+02 1.70000000e+01 4.39147757e+01
 2.49000000e+02 1.70000000e+01 4.40153837e+01
 2.50000000e+02 1.70000000e+01 4.41172494e+01
 2.51000000e+02 1.70000000e+01 4.42202760e+01
 2.52000000e+02 1.70000000e+01 4.43243664e+01
 2.53000000e+02 1.70000000e+01 4.44294236e+01
 2.54000000e+02 1.70000000e+01 4.45353504e+01
 2.55000000e+02 1.70000000e+01 4.46420499e+01
 2.56000000e+02 1.70000000e+01 4.47494251e+01
 2.57000000e+02 1.70000000e+01 4.48573789e+01
 2.58000000e+02 1.70000000e+01 4.49658142e+01
 2.59000000e+02 1.70000000e+01 4.50746340e+01
 2.60000000e+02 1.70000000e+01 4.51837414e+01
 2.61000000e+02 1.70000000e+01 4.52930391e+01
 2.62000000e+02 1.70000000e+01 4.54024303e+01
 2.63000000e+02 1.70000000e+01 4.55118179e+01
 2.64000000e+02 1.70000000e+01 4.56211048e+01
 2.65000000e+02 1.70000000e+01 4.57301940e+01
 2.66000000e+02 1.70000000e+01 4.58389884e+01
 2.67000000e+02 1.70000000e+01 4.59473911e+01
 2.68000000e+02 1.70000000e+01 4.60553050e+01
 2.69000000e+02 1.70000000e+01 4.61626330e+01
 2.70000000e+02 1.70000000e+01 4.62692781e+01
 2.71000000e+02 1.70000000e+01 4.63751433e+01
 2.72000000e+02 1.70000000e+01 4.64801316e+01
 2.73000000e+02 1.70000000e+01 4.65841458e+01
 2.74000000e+02 1.70000000e+01 4.66870890e+01
 2.75000000e+02 1.70000000e+01 4.67888641e+01
 2.76000000e+02 1.70000000e+01 4.68893741e+01
 2.77000000e+02 1.70000000e+01 4.69885220e+01
 2.78000000e+02 1.70000000e+01 4.70862106e+01
 2.79000000e+02 1.70000000e+01 4.71823430e+01
 2.80000000e+02 1.70000000e+01 4.72768222e+01
 2.81000000e+02 1.70000000e+01 4.73695511e+01
 2.82000000e+02 1.70000000e+01 4.74604326e+01
 2.83000000e+02 1.70000000e+01 4.75493697e+01
 2.84000000e+02 1.70000000e+01 4.76362654e+01
 2.85000000e+02 1.70000000e+01 4.77210227e+01
 2.86000000e+02 1.70000000e+01 4.78035445e+01
 2.87000000e+02 1.70000000e+01 4.78837337e+01
 2.88000000e+02 1.70000000e+01 4.79614934e+01
 2.89000000e+02 1.70000000e+01 4.80367265e+01
 2.90000000e+02 1.70000000e+01 4.81098797e+01
 2.91000000e+02 1.70000000e+01 4.81798154e+01
 2.92000000e+02 1.70000000e+01 4.82471057e+01
 2.93000000e+02 1.70000000e+01 4.83117876e+01
 2.94000000e+02 1.70000000e+01 4.83738982e+01
 2.95000000e+02 1.70000000e+01 4.84334744e+01
 2.96000000e+02 1.70000000e+01 4.84905533e+01
 2.97000000e+02 1.70000000e+01 4.85451718e+01
 2.98000000e+02 1.70000000e+01 4.85973669e+01
 2.99000000e+02 1.70000000e+01 4.86471758e+01
 3.00000000e+02 1.70000000e+01 4.86946353e+01
 3.01000000e+02 1.70000000e+01 4.87397824e+01
 3.02000000e+02 1.70000000e+01 4.87826543e+01
 3.03000000e+02 1.70000000e+01 4.88232878e+01
 3.04000000e+02 1.70000000e+01 4.88617200e+01
 3.05000000e+02 1.70000000e+01 4.88979879e+01
 3.06000000e+02 1.70000000e+01 4.89321285e+01
 3.07000000e+02 1.70000000e+01 4.89641788e+01
 3.08000000e+02 1.70000000e+01 4.89941758e+01
 3.09000000e+02 1.70000000e+01 4.90221565e+01
 3.10000000e+02 1.70000000e+01 4.90481579e+01
 3.11000000e+02 1.70000000e+01 4.90722171e+01
 3.12000000e+02 1.70000000e+01 4.90943710e+01
 3.13000000e+02 1.70000000e+01 4.91146566e+01
 3.14000000e+02 1.70000000e+01 4.91331110e+01
 3.15000000e+02 1.70000000e+01 4.91497711e+01
 3.16000000e+02 1.70000000e+01 4.91646739e+01
 3.17000000e+02 1.70000000e+01 4.91778566e+01
 3.18000000e+02 1.70000000e+01 4.91893559e+01
 3.19000000e+02 1.70000000e+01 4.91992091e+01
 3.20000000e+02 1.70000000e+01 4.92074530e+01
 3.21000000e+02 1.70000000e+01 4.92141247e+01
 3.22000000e+02 1.70000000e+01 4.92192611e+01
 3.23000000e+02 1.70000000e+01 4.92228994e+01
 3.24000000e+02 1.70000000e+01 4.92250764e+01
 3.25000000e+02 1.70000000e+01 4.92258293e+01
 3.26000000e+02 1.70000000e+01 4.92251949e+01
 3.27000000e+02 1.70000000e+01 4.92232103e+01
 3.28000000e+02 1.70000000e+01 4.92199126e+01
 3.29000000e+02 1.70000000e+01 4.92153387e+01
 3.30000000e+02 1.70000000e+01 4.92095256e+01
 3.31000000e+02 1.70000000e+01 4.92025103e+01
 3.32000000e+02 1.70000000e+01 4.91943299e+01
 3.33000000e+02 1.70000000e+01 4.91850213e+01
 3.34000000e+02 1.70000000e+01 4.91746215e+01
 3.35000000e+02 1.70000000e+01 4.91631676e+01
 3.36000000e+02 1.70000000e+01 4.91506966e+01
 3.37000000e+02 1.70000000e+01 4.91372454e+01
 3.38000000e+02 1.70000000e+01 4.91252454e+01
 3.39000000e+02 1.70000000e+01 4.91099268e+01
 3.40000000e+02 1.70000000e+01 4.90937046e+01
 3.41000000e+02 1.70000000e+01 4.90765971e+01
 3.42000000e+02 1.70000000e+01 4.90586229e+01
 3.43000000e+02 1.70000000e+01 4.90398003e+01
 3.44000000e+02 1.70000000e+01 4.90201477e+01
 3.45000000e+02 1.70000000e+01 4.89996836e+01
 3.46000000e+02 1.70000000e+01 4.89784264e+01
 3.47000000e+02 1.70000000e+01 4.89563946e+01
 3.48000000e+02 1.70000000e+01 4.89336064e+01
 3.49000000e+02 1.70000000e+01 4.89100804e+01
 3.50000000e+02 1.70000000e+01 4.88858350e+01
 3.51000000e+02 1.70000000e+01 4.88608886e+01
 3.52000000e+02 1.70000000e+01 4.88352596e+01
 3.53000000e+02 1.70000000e+01 4.88089665e+01
 3.54000000e+02 1.70000000e+01 4.87820276e+01
 3.55000000e+02 1.70000000e+01 4.87544614e+01
 3.56000000e+02 1.70000000e+01 4.87262863e+01
 3.57000000e+02 1.70000000e+01 4.86975208e+01
 3.58000000e+02 1.70000000e+01 4.86681832e+01
 3.59000000e+02 1.70000000e+01 4.86382919e+01
 3.60000000e+02 1.70000000e+01 4.86078655e+01
 3.61000000e+02 1.70000000e+01 4.85769223e+01
 3.62000000e+02 1.70000000e+01 4.85454807e+01
 3.63000000e+02 1.70000000e+01 4.85135592e+01
 3.64000000e+02 1.70000000e+01 4.84811762e+01
 3.65000000e+02 1.70000000e+01 4.84483500e+01
 3.66000000e+02 1.70000000e+01 4.84150992e+01
 3.67000000e+02 1.70000000e+01 4.83814421e+01
 3.68000000e+02 1.70000000e+01 4.83473972e+01
 3.69000000e+02 1.70000000e+01 4.83129829e+01
 3.70000000e+02 1.70000000e+01 4.82782176e+01
 3.71000000e+02 1.70000000e+01 4.82431197e+01
 3.72000000e+02 1.70000000e+01 4.82077077e+01
 3.73000000e+02 1.70000000e+01 4.81720000e+01
 3.74000000e+02 1.70000000e+01 4.81360149e+01
 3.75000000e+02 1.70000000e+01 4.80997710e+01
 3.76000000e+02 1.70000000e+01 4.80632866e+01
 3.77000000e+02 1.70000000e+01 4.80265802e+01
 3.78000000e+02 1.70000000e+01 4.79896702e+01
 3.79000000e+02 1.70000000e+01 4.79525749e+01
 3.80000000e+02 1.70000000e+01 4.79153129e+01
 3.81000000e+02 1.70000000e+01 4.78779026e+01
 3.82000000e+02 1.70000000e+01 4.78403623e+01
 3.83000000e+02 1.70000000e+01 4.78027105e+01
 3.84000000e+02 1.70000000e+01 4.77649656e+01
 3.85000000e+02 1.70000000e+01 4.77940923e+01
 3.86000000e+02 1.70000000e+01 4.77562019e+01
 3.87000000e+02 1.70000000e+01 4.77182281e+01
 3.88000000e+02 1.70000000e+01 4.76801576e+01
 3.89000000e+02 1.70000000e+01 4.76419769e+01
 3.90000000e+02 1.70000000e+01 4.76036726e+01
 3.91000000e+02 1.70000000e+01 4.75652313e+01
 3.92000000e+02 1.70000000e+01 4.75266395e+01
 3.93000000e+02 1.70000000e+01 4.74878838e+01
 3.94000000e+02 1.70000000e+01 4.74489509e+01
 3.95000000e+02 1.70000000e+01 4.74098272e+01
 3.96000000e+02 1.70000000e+01 4.73704994e+01
 3.97000000e+02 1.70000000e+01 4.73309539e+01
 3.98000000e+02 1.70000000e+01 4.72911775e+01
 3.99000000e+02 1.70000000e+01 4.72511566e+01
 4.00000000e+02 1.70000000e+01 4.72108779e+01
 4.01000000e+02 1.70000000e+01 4.71703279e+01
 4.02000000e+02 1.70000000e+01 4.71294931e+01
 4.03000000e+02 1.70000000e+01 4.70883602e+01
 4.04000000e+02 1.70000000e+01 4.70469158e+01
 4.05000000e+02 1.70000000e+01 4.70051463e+01
 4.06000000e+02 1.70000000e+01 4.69630385e+01
 4.07000000e+02 1.70000000e+01 4.69205787e+01
 4.08000000e+02 1.70000000e+01 4.68777538e+01
 4.09000000e+02 1.70000000e+01 4.68345501e+01
 4.10000000e+02 1.70000000e+01 4.67909543e+01
 4.11000000e+02 1.70000000e+01 4.67469529e+01
 4.12000000e+02 1.70000000e+01 4.67025325e+01
 4.13000000e+02 1.70000000e+01 4.66576798e+01
 4.14000000e+02 1.70000000e+01 4.66123812e+01
 4.15000000e+02 1.70000000e+01 4.65666233e+01
 4.16000000e+02 1.70000000e+01 4.65203928e+01
 4.17000000e+02 1.70000000e+01 4.64736762e+01
 4.18000000e+02 1.70000000e+01 4.64264600e+01
 4.19000000e+02 1.70000000e+01 4.63787308e+01
 4.20000000e+02 1.70000000e+01 4.63304753e+01
 4.21000000e+02 1.70000000e+01 4.62816799e+01
 4.22000000e+02 1.70000000e+01 4.62323313e+01
 4.23000000e+02 1.70000000e+01 4.61824161e+01
 4.24000000e+02 1.70000000e+01 4.61319207e+01
 4.25000000e+02 1.70000000e+01 4.60808318e+01
 4.26000000e+02 1.70000000e+01 4.60291360e+01
 4.27000000e+02 1.70000000e+01 4.59768197e+01
 4.28000000e+02 1.70000000e+01 4.59238697e+01
 4.29000000e+02 1.70000000e+01 4.58702725e+01
 4.30000000e+02 1.70000000e+01 4.58160146e+01
 4.31000000e+02 1.70000000e+01 4.57610826e+01
 4.32000000e+02 1.70000000e+01 4.56745838e+01
 4.33000000e+02 1.70000000e+01 4.56182603e+01
 4.34000000e+02 1.70000000e+01 4.55612050e+01
 4.35000000e+02 1.70000000e+01 4.55033871e+01
 4.36000000e+02 1.70000000e+01 4.54447756e+01
 4.37000000e+02 1.70000000e+01 4.53853397e+01
 4.38000000e+02 1.70000000e+01 4.53250486e+01
 4.39000000e+02 1.70000000e+01 4.52638712e+01
 4.40000000e+02 1.70000000e+01 4.52017769e+01
 4.41000000e+02 1.70000000e+01 4.51387346e+01
 4.42000000e+02 1.70000000e+01 4.50747136e+01
 4.43000000e+02 1.70000000e+01 4.50096830e+01
 4.44000000e+02 1.70000000e+01 4.49436119e+01
 4.45000000e+02 1.70000000e+01 4.48764694e+01
 4.46000000e+02 1.70000000e+01 4.48082246e+01
 4.47000000e+02 1.70000000e+01 4.47388468e+01
 4.48000000e+02 1.70000000e+01 4.46683050e+01
 4.49000000e+02 1.70000000e+01 4.45965683e+01
 4.50000000e+02 1.70000000e+01 4.45236059e+01
 4.51000000e+02 1.70000000e+01 4.44493869e+01
 4.52000000e+02 1.70000000e+01 4.43738805e+01
 4.53000000e+02 1.70000000e+01 4.42970557e+01
 4.54000000e+02 1.70000000e+01 4.42188818e+01
 4.55000000e+02 1.70000000e+01 4.41393278e+01
 4.56000000e+02 1.70000000e+01 4.40583628e+01
 4.57000000e+02 1.70000000e+01 4.39759561e+01
 4.58000000e+02 1.70000000e+01 4.38920766e+01
 4.59000000e+02 1.70000000e+01 4.38066937e+01
 4.60000000e+02 1.70000000e+01 4.37197763e+01
 4.61000000e+02 1.70000000e+01 4.36312936e+01
 4.62000000e+02 1.70000000e+01 4.35412148e+01
 4.63000000e+02 1.70000000e+01 4.34495089e+01
 4.64000000e+02 1.70000000e+01 4.33561452e+01
 4.65000000e+02 1.70000000e+01 4.32610927e+01
 4.66000000e+02 1.70000000e+01 4.31643206e+01
 4.67000000e+02 1.70000000e+01 4.30657979e+01
 4.68000000e+02 1.70000000e+01 4.29654939e+01
 4.69000000e+02 1.70000000e+01 4.28633777e+01
 4.70000000e+02 1.70000000e+01 4.27594184e+01
 4.71000000e+02 1.70000000e+01 4.26535850e+01
 4.72000000e+02 1.70000000e+01 4.25458469e+01
 4.73000000e+02 1.70000000e+01 4.24361730e+01
 4.74000000e+02 1.70000000e+01 4.23245325e+01
 4.75000000e+02 1.70000000e+01 4.22108946e+01
 4.76000000e+02 1.70000000e+01 4.20952283e+01
 4.77000000e+02 1.70000000e+01 4.19775029e+01
 4.78000000e+02 1.70000000e+01 4.18576873e+01
 4.79000000e+02 1.70000000e+01 4.17357509e+01
 4.80000000e+02 1.70000000e+01 4.16624987e+01
 4.81000000e+02 1.70000000e+01 4.15362505e+01
 4.82000000e+02 1.70000000e+01 4.14078478e+01
 4.83000000e+02 1.70000000e+01 4.12772971e+01
 4.84000000e+02 1.70000000e+01 4.11446053e+01
 4.85000000e+02 1.70000000e+01 4.10097789e+01
 4.86000000e+02 1.70000000e+01 4.08728247e+01
 4.87000000e+02 1.70000000e+01 4.07337493e+01
 4.88000000e+02 1.70000000e+01 4.05925593e+01
 4.89000000e+02 1.70000000e+01 4.04492615e+01
 4.90000000e+02 1.70000000e+01 4.03038625e+01
 4.91000000e+02 1.70000000e+01 4.01563690e+01
 4.92000000e+02 1.70000000e+01 4.00067877e+01
 4.93000000e+02 1.70000000e+01 3.98551252e+01
 4.94000000e+02 1.70000000e+01 3.97013882e+01
 4.95000000e+02 1.70000000e+01 3.95455833e+01
 4.96000000e+02 1.70000000e+01 3.93877173e+01
 4.97000000e+02 1.70000000e+01 3.92277969e+01
 4.98000000e+02 1.70000000e+01 3.90658286e+01
 4.99000000e+02 1.70000000e+01 3.89018192e+01
 5.00000000e+02 1.70000000e+01 3.87357753e+01
 5.01000000e+02 1.70000000e+01 3.85677036e+01
 5.02000000e+02 1.70000000e+01 3.83976108e+01
 5.03000000e+02 1.70000000e+01 3.82255035e+01
 5.04000000e+02 1.70000000e+01 3.80513884e+01
 5.05000000e+02 1.70000000e+01 3.78752722e+01
 5.06000000e+02 1.70000000e+01 3.76971616e+01
 5.07000000e+02 1.70000000e+01 3.75170632e+01
 5.08000000e+02 1.70000000e+01 3.73349837e+01
 5.09000000e+02 1.70000000e+01 3.71509298e+01
 5.10000000e+02 1.70000000e+01 3.69649081e+01
 5.11000000e+02 1.70000000e+01 3.67769253e+01
 5.12000000e+02 1.70000000e+01 3.65869882e+01
 5.13000000e+02 1.70000000e+01 3.63951032e+01
 5.14000000e+02 1.70000000e+01 3.62012772e+01
 5.15000000e+02 1.70000000e+01 3.60055168e+01
 5.16000000e+02 1.70000000e+01 3.58078287e+01
 5.17000000e+02 1.70000000e+01 3.56082195e+01
 5.18000000e+02 1.70000000e+01 3.54066959e+01
 5.19000000e+02 1.70000000e+01 3.52032646e+01
 5.20000000e+02 1.70000000e+01 3.49979322e+01
 5.21000000e+02 1.70000000e+01 3.47907055e+01
 5.22000000e+02 1.70000000e+01 3.45815911e+01
 5.23000000e+02 1.70000000e+01 3.43705956e+01
 5.24000000e+02 1.70000000e+01 3.41577258e+01
 5.25000000e+02 1.70000000e+01 3.39429882e+01
 5.26000000e+02 1.70000000e+01 3.37263897e+01
 5.27000000e+02 1.70000000e+01 3.36706158e+01
 5.28000000e+02 1.70000000e+01 3.34503376e+01
 5.29000000e+02 1.70000000e+01 3.32283136e+01
 5.30000000e+02 1.70000000e+01 3.30046334e+01
 5.31000000e+02 1.70000000e+01 3.27793871e+01
 5.32000000e+02 1.70000000e+01 3.25526644e+01
 5.33000000e+02 1.70000000e+01 3.23245553e+01
 5.34000000e+02 1.70000000e+01 3.20951496e+01
 5.35000000e+02 1.70000000e+01 3.18645371e+01
 5.36000000e+02 1.70000000e+01 3.16328077e+01
 5.37000000e+02 1.70000000e+01 3.14000514e+01
 5.38000000e+02 1.70000000e+01 3.11663579e+01
 5.39000000e+02 1.70000000e+01 3.09318171e+01
 5.40000000e+02 1.70000000e+01 3.06965189e+01
 5.41000000e+02 1.70000000e+01 3.04605532e+01
 5.42000000e+02 1.70000000e+01 3.02240098e+01
 5.43000000e+02 1.70000000e+01 2.99869785e+01
 5.44000000e+02 1.70000000e+01 2.97495494e+01
 5.45000000e+02 1.70000000e+01 2.95118121e+01
 5.46000000e+02 1.70000000e+01 2.92738566e+01
 5.47000000e+02 1.70000000e+01 2.90357728e+01
 5.48000000e+02 1.70000000e+01 2.87976504e+01
 5.49000000e+02 1.70000000e+01 2.85595795e+01
 5.50000000e+02 1.70000000e+01 2.83216497e+01
 5.51000000e+02 1.70000000e+01 2.80839511e+01
 5.52000000e+02 1.70000000e+01 2.78465734e+01
 5.53000000e+02 1.70000000e+01 2.76096066e+01
 5.54000000e+02 1.70000000e+01 2.73731405e+01
 5.55000000e+02 1.70000000e+01 2.71372650e+01
 5.56000000e+02 1.70000000e+01 2.69020698e+01
 5.57000000e+02 1.70000000e+01 2.66676450e+01
 5.58000000e+02 1.70000000e+01 2.64340803e+01
 5.59000000e+02 1.70000000e+01 2.62014657e+01
 5.60000000e+02 1.70000000e+01 2.59698909e+01
 5.61000000e+02 1.70000000e+01 2.57394459e+01
 5.62000000e+02 1.70000000e+01 2.55102205e+01
 5.63000000e+02 1.70000000e+01 2.52823046e+01
 5.64000000e+02 1.70000000e+01 2.50557881e+01
 5.65000000e+02 1.70000000e+01 2.48307607e+01
 5.66000000e+02 1.70000000e+01 2.46073125e+01
 5.67000000e+02 1.70000000e+01 2.43855331e+01
 5.68000000e+02 1.70000000e+01 2.41655126e+01
 5.69000000e+02 1.70000000e+01 2.39473408e+01
 5.70000000e+02 1.70000000e+01 2.37311075e+01
 5.71000000e+02 1.70000000e+01 2.35169026e+01
 5.72000000e+02 1.70000000e+01 2.33048160e+01
 5.73000000e+02 1.70000000e+01 2.30949376e+01
 5.74000000e+02 1.70000000e+01 2.28873571e+01
 5.75000000e+02 1.70000000e+01 2.25472414e+01
 5.76000000e+02 1.70000000e+01 2.23444858e+01
 5.77000000e+02 1.70000000e+01 2.21442053e+01
 5.78000000e+02 1.70000000e+01 2.19464359e+01
 5.79000000e+02 1.70000000e+01 2.17512136e+01
 5.80000000e+02 1.70000000e+01 2.15585742e+01
 5.81000000e+02 1.70000000e+01 2.13685537e+01
 5.82000000e+02 1.70000000e+01 2.11811881e+01
 5.83000000e+02 1.70000000e+01 2.09965134e+01
 5.84000000e+02 1.70000000e+01 2.08145653e+01
 5.85000000e+02 1.70000000e+01 2.06353800e+01
 5.86000000e+02 1.70000000e+01 2.04589933e+01
 5.87000000e+02 1.70000000e+01 2.02854412e+01
 5.88000000e+02 1.70000000e+01 2.01147596e+01
 5.89000000e+02 1.70000000e+01 1.99469844e+01
 5.90000000e+02 1.70000000e+01 1.97821517e+01
 5.91000000e+02 1.70000000e+01 1.96202973e+01
 5.92000000e+02 1.70000000e+01 1.94614571e+01
 5.93000000e+02 1.70000000e+01 1.93056673e+01
 5.94000000e+02 1.70000000e+01 1.91529635e+01
 5.95000000e+02 1.70000000e+01 1.90033819e+01
 5.96000000e+02 1.70000000e+01 1.88569584e+01
 5.97000000e+02 1.70000000e+01 1.87137288e+01
 5.98000000e+02 1.70000000e+01 1.85737292e+01
 5.99000000e+02 1.70000000e+01 1.84369954e+01
 6.00000000e+02 1.70000000e+01 1.83035635e+01
 6.01000000e+02 1.70000000e+01 1.81734693e+01
 6.02000000e+02 1.70000000e+01 1.80467488e+01
 6.03000000e+02 1.70000000e+01 1.79234380e+01
 6.04000000e+02 1.70000000e+01 1.78035728e+01
 6.05000000e+02 1.70000000e+01 1.76871891e+01
 6.06000000e+02 1.70000000e+01 1.75743229e+01
 6.07000000e+02 1.70000000e+01 1.74650101e+01
 6.08000000e+02 1.70000000e+01 1.73592866e+01
 6.09000000e+02 1.70000000e+01 1.72571884e+01
 6.10000000e+02 1.70000000e+01 1.71587515e+01
 6.11000000e+02 1.70000000e+01 1.70640118e+01
 6.12000000e+02 1.70000000e+01 1.69730052e+01
 6.13000000e+02 1.70000000e+01 1.68857676e+01
 6.14000000e+02 1.70000000e+01 1.68023351e+01
 6.15000000e+02 1.70000000e+01 1.67227435e+01
 6.16000000e+02 1.70000000e+01 1.66470288e+01
 6.17000000e+02 1.70000000e+01 1.65752269e+01
 6.18000000e+02 1.70000000e+01 1.65073738e+01
 6.19000000e+02 1.70000000e+01 1.64435055e+01
 6.20000000e+02 1.70000000e+01 1.63836578e+01
 6.21000000e+02 1.70000000e+01 1.63278667e+01
 6.22000000e+02 1.70000000e+01 1.62658495e+01
 6.23000000e+02 1.70000000e+01 1.62182547e+01
 6.24000000e+02 1.70000000e+01 1.61747363e+01
 6.25000000e+02 1.70000000e+01 1.61352616e+01
 6.26000000e+02 1.70000000e+01 1.60997981e+01
 6.27000000e+02 1.70000000e+01 1.60683133e+01
 6.28000000e+02 1.70000000e+01 1.60407745e+01
 6.29000000e+02 1.70000000e+01 1.60171491e+01
 6.30000000e+02 1.70000000e+01 1.59974047e+01
 6.31000000e+02 1.70000000e+01 1.59815087e+01
 6.32000000e+02 1.70000000e+01 1.59694284e+01
 6.33000000e+02 1.70000000e+01 1.59611313e+01
 6.34000000e+02 1.70000000e+01 1.59565848e+01
 6.35000000e+02 1.70000000e+01 1.59557564e+01
 6.36000000e+02 1.70000000e+01 1.59586134e+01
 6.37000000e+02 1.70000000e+01 1.59651234e+01
 6.38000000e+02 1.70000000e+01 1.59752537e+01
 6.39000000e+02 1.70000000e+01 1.59889718e+01
 6.40000000e+02 1.70000000e+01 1.60062451e+01
 6.41000000e+02 1.70000000e+01 1.60270410e+01
 6.42000000e+02 1.70000000e+01 1.60513270e+01
 6.43000000e+02 1.70000000e+01 1.60790704e+01
 6.44000000e+02 1.70000000e+01 1.61102388e+01
 6.45000000e+02 1.70000000e+01 1.61447995e+01
 6.46000000e+02 1.70000000e+01 1.61827200e+01
 6.47000000e+02 1.70000000e+01 1.62239676e+01
 6.48000000e+02 1.70000000e+01 1.62685099e+01
 6.49000000e+02 1.70000000e+01 1.63163143e+01
 6.50000000e+02 1.70000000e+01 1.63673481e+01
 6.51000000e+02 1.70000000e+01 1.64215789e+01
 6.52000000e+02 1.70000000e+01 1.64789740e+01
 6.53000000e+02 1.70000000e+01 1.65395009e+01
 6.54000000e+02 1.70000000e+01 1.66031269e+01
 6.55000000e+02 1.70000000e+01 1.66698196e+01
 6.56000000e+02 1.70000000e+01 1.67395464e+01
 6.57000000e+02 1.70000000e+01 1.68122747e+01
 6.58000000e+02 1.70000000e+01 1.68879718e+01
 6.59000000e+02 1.70000000e+01 1.69666053e+01
 6.60000000e+02 1.70000000e+01 1.70481426e+01
 6.61000000e+02 1.70000000e+01 1.71325511e+01
 6.62000000e+02 1.70000000e+01 1.72197982e+01
 6.63000000e+02 1.70000000e+01 1.73098514e+01
 6.64000000e+02 1.70000000e+01 1.74026780e+01
 6.65000000e+02 1.70000000e+01 1.74982456e+01
 6.66000000e+02 1.70000000e+01 1.75965215e+01
 6.67000000e+02 1.70000000e+01 1.76974732e+01
 6.68000000e+02 1.70000000e+01 1.78010681e+01
 6.69000000e+02 1.70000000e+01 1.79072736e+01
 6.70000000e+02 1.70000000e+01 1.80991392e+01
 6.71000000e+02 1.70000000e+01 1.82104958e+01
 6.72000000e+02 1.70000000e+01 1.83244152e+01
 6.73000000e+02 1.70000000e+01 1.84408919e+01
 6.74000000e+02 1.70000000e+01 1.85599202e+01
 6.75000000e+02 1.70000000e+01 1.86814944e+01
 6.76000000e+02 1.70000000e+01 1.88056088e+01
 6.77000000e+02 1.70000000e+01 1.89322579e+01
 6.78000000e+02 1.70000000e+01 1.90614358e+01
 6.79000000e+02 1.70000000e+01 1.91931371e+01
 6.80000000e+02 1.70000000e+01 1.93273560e+01
 6.81000000e+02 1.70000000e+01 1.94640869e+01
 6.82000000e+02 1.70000000e+01 1.96033241e+01
 6.83000000e+02 1.70000000e+01 1.97450619e+01
 6.84000000e+02 1.70000000e+01 1.98892947e+01
 6.85000000e+02 1.70000000e+01 2.00360169e+01
 6.86000000e+02 1.70000000e+01 2.01852227e+01
 6.87000000e+02 1.70000000e+01 2.03369065e+01
 6.88000000e+02 1.70000000e+01 2.04910627e+01
 6.89000000e+02 1.70000000e+01 2.06476855e+01
 6.90000000e+02 1.70000000e+01 2.08067695e+01
 6.91000000e+02 1.70000000e+01 2.09683087e+01
 6.92000000e+02 1.70000000e+01 2.11322977e+01
 6.93000000e+02 1.70000000e+01 2.12987308e+01
 6.94000000e+02 1.70000000e+01 2.14676023e+01
 6.95000000e+02 1.70000000e+01 2.16389064e+01
 6.96000000e+02 1.70000000e+01 2.18126377e+01
 6.97000000e+02 1.70000000e+01 2.19887904e+01
 6.98000000e+02 1.70000000e+01 2.21673589e+01
 6.99000000e+02 1.70000000e+01 2.23483375e+01
 7.00000000e+02 1.70000000e+01 2.25317205e+01
 7.01000000e+02 1.70000000e+01 2.27175023e+01
 7.02000000e+02 1.70000000e+01 2.29056772e+01
 7.03000000e+02 1.70000000e+01 2.30962396e+01
 7.04000000e+02 1.70000000e+01 2.32891838e+01
 7.05000000e+02 1.70000000e+01 2.34845041e+01
 7.06000000e+02 1.70000000e+01 2.36821949e+01
 7.07000000e+02 1.70000000e+01 2.38822506e+01
 7.08000000e+02 1.70000000e+01 2.40846655e+01
 7.09000000e+02 1.70000000e+01 2.42894338e+01
 7.10000000e+02 1.70000000e+01 2.44965500e+01
 7.11000000e+02 1.70000000e+01 2.47060084e+01
 7.12000000e+02 1.70000000e+01 2.49178034e+01
 7.13000000e+02 1.70000000e+01 2.51319292e+01
 7.14000000e+02 1.70000000e+01 2.53483802e+01
 7.15000000e+02 1.70000000e+01 2.55671508e+01
 7.16000000e+02 1.70000000e+01 2.57882353e+01
 7.17000000e+02 1.70000000e+01 2.60005226e+01
 7.18000000e+02 1.70000000e+01 2.62260376e+01
 7.19000000e+02 1.70000000e+01 2.64533015e+01
 7.20000000e+02 1.70000000e+01 2.66819250e+01
 7.21000000e+02 1.70000000e+01 2.69115190e+01
 7.22000000e+02 1.70000000e+01 2.71416942e+01
 7.23000000e+02 1.70000000e+01 2.73720614e+01
 7.24000000e+02 1.70000000e+01 2.76022312e+01
 7.25000000e+02 1.70000000e+01 2.78318145e+01
 7.26000000e+02 1.70000000e+01 2.80604220e+01
 7.27000000e+02 1.70000000e+01 2.82876645e+01
 7.28000000e+02 1.70000000e+01 2.85131526e+01
 7.29000000e+02 1.70000000e+01 2.87364972e+01
 7.30000000e+02 1.70000000e+01 2.89573090e+01
 7.31000000e+02 1.70000000e+01 2.91751988e+01
 7.32000000e+02 1.70000000e+01 2.93897773e+01
 7.33000000e+02 1.70000000e+01 2.96006553e+01
 7.34000000e+02 1.70000000e+01 2.98074434e+01
 7.35000000e+02 1.70000000e+01 3.00097526e+01
 7.36000000e+02 1.70000000e+01 3.02071934e+01
 7.37000000e+02 1.70000000e+01 3.03993767e+01
 7.38000000e+02 1.70000000e+01 3.05859133e+01
 7.39000000e+02 1.70000000e+01 3.07664138e+01
 7.40000000e+02 1.70000000e+01 3.09404891e+01
 7.41000000e+02 1.70000000e+01 3.11077498e+01
 7.42000000e+02 1.70000000e+01 3.12678067e+01
 7.43000000e+02 1.70000000e+01 3.14202707e+01
 7.44000000e+02 1.70000000e+01 3.15647523e+01
 7.45000000e+02 1.70000000e+01 3.17008625e+01
 7.46000000e+02 1.70000000e+01 3.18282119e+01
 7.47000000e+02 1.70000000e+01 3.19464113e+01
 7.48000000e+02 1.70000000e+01 3.20550714e+01
 7.49000000e+02 1.70000000e+01 3.21538030e+01
 7.50000000e+02 1.70000000e+01 3.22422169e+01
 7.51000000e+02 1.70000000e+01 3.23199237e+01
 7.52000000e+02 1.70000000e+01 3.23865343e+01
 7.53000000e+02 1.70000000e+01 3.24416594e+01
 7.54000000e+02 1.70000000e+01 3.24849098e+01
 7.55000000e+02 1.70000000e+01 3.25158962e+01
 7.56000000e+02 1.70000000e+01 3.25342293e+01
 7.57000000e+02 1.70000000e+01 3.25395199e+01
 7.58000000e+02 1.70000000e+01 3.25313788e+01
 7.59000000e+02 1.70000000e+01 3.25094167e+01
 7.60000000e+02 1.70000000e+01 3.24732443e+01
 7.61000000e+02 1.70000000e+01 3.24224725e+01
 7.62000000e+02 1.70000000e+01 3.23567119e+01
 7.63000000e+02 1.70000000e+01 3.22755734e+01
 7.64000000e+02 1.70000000e+01 3.21786676e+01
