 2.00000000e+00 7.00000000e+00 2.43898680e+00
 3.00000000e+00 7.00000000e+00 3.09175795e+00
 4.00000000e+00 7.00000000e+00 3.69933584e+00
 5.00000000e+00 7.00000000e+00 4.26290277e+00
 6.00000000e+00 7.00000000e+00 4.78364104e+00
 7.00000000e+00 7.00000000e+00 5.26273293e+00
 8.00000000e+00 7.00000000e+00 5.70136074e+00
 9.00000000e+00 7.00000000e+00 6.10070677e+00
 1.00000000e+01 7.00000000e+00 6.46195331e+00
 1.10000000e+01 7.00000000e+00 6.78628266e+00
 1.20000000e+01 7.00000000e+00 7.07487711e+00
 1.30000000e+01 7.00000000e+00 7.32891897e+00
 1.40000000e+01 7.00000000e+00 7.54959051e+00
 1.50000000e+01 7.00000000e+00 7.73807405e+00
 1.60000000e+01 7.00000000e+00 7.89555187e+00
 1.70000000e+01 7.00000000e+00 8.02320627e+00
 1.80000000e+01 7.00000000e+00 8.12221955e+00
 1.90000000e+01 7.00000000e+00 8.19377400e+00
 2.00000000e+01 7.00000000e+00 8.23905191e+00
 2.10000000e+01 7.00000000e+00 8.25923558e+00
 2.20000000e+01 7.00000000e+00 8.25550731e+00
 2.30000000e+01 7.00000000e+00 8.22904940e+00
 2.40000000e+01 7.00000000e+00 8.18104412e+00
 2.50000000e+01 7.00000000e+00 8.11267380e+00
 2.60000000e+01 7.00000000e+00 8.02512071e+00
 2.70000000e+01 7.00000000e+00 7.91956715e+00
 2.80000000e+01 7.00000000e+00 7.79719542e+00
 2.90000000e+01 7.00000000e+00 7.65918781e+00
 3.00000000e+01 7.00000000e+00 7.50672662e+00
 3.10000000e+01 7.00000000e+00 7.34099415e+00
 3.20000000e+01 7.00000000e+00 7.16317268e+00
 3.30000000e+01 7.00000000e+00 6.97444452e+00
 3.40000000e+01 7.00000000e+00 6.77599196e+00
 3.50000000e+01 7.00000000e+00 6.56899730e+00
 3.60000000e+01 7.00000000e+00 6.35464283e+00
 3.70000000e+01 7.00000000e+00 6.13411084e+00
 3.80000000e+01 7.00000000e+00 5.90858363e+00
 3.90000000e+01 7.00000000e+00 5.67924350e+00
 4.00000000e+01 7.00000000e+00 5.44727274e+00
 4.10000000e+01 7.00000000e+00 5.21385365e+00
 4.20000000e+01 7.00000000e+00 4.98016852e+00
 4.30000000e+01 7.00000000e+00 4.74739964e+00
 4.40000000e+01 7.00000000e+00 4.51672932e+00
 4.50000000e+01 7.00000000e+00 4.28933985e+00
 4.60000000e+01 7.00000000e+00 4.06641353e+00
 4.70000000e+01 7.00000000e+00 3.84913264e+00
 4.80000000e+01 7.00000000e+00 3.63867948e+00
 4.90000000e+01 7.00000000e+00 3.43623635e+00
 5.00000000e+01 7.00000000e+00 3.24298555e+00
 5.10000000e+01 7.00000000e+00 3.06010937e+00
 5.20000000e+01 7.00000000e+00 2.88879010e+00
 5.30000000e+01 7.00000000e+00 2.73021005e+00
 5.40000000e+01 7.00000000e+00 2.58555150e+00
 5.50000000e+01 7.00000000e+00 2.45599675e+00
 5.60000000e+01 7.00000000e+00 2.34272810e+00
 5.70000000e+01 7.00000000e+00 2.24692783e+00
 5.80000000e+01 7.00000000e+00 2.16977826e+00
 5.90000000e+01 7.00000000e+00 2.11246167e+00
 6.00000000e+01 7.00000000e+00 2.07616035e+00
 6.10000000e+01 7.00000000e+00 1.85129515e+00
 6.20000000e+01 7.00000000e+00 1.85835762e+00
 6.30000000e+01 7.00000000e+00 1.88595477e+00
 6.40000000e+01 7.00000000e+00 1.93316757e+00
 6.50000000e+01 7.00000000e+00 1.99907703e+00
 6.60000000e+01 7.00000000e+00 2.08276413e+00
 6.70000000e+01 7.00000000e+00 2.18330988e+00
 6.80000000e+01 7.00000000e+00 2.29979525e+00
 6.90000000e+01 7.00000000e+00 2.43130126e+00
 7.00000000e+01 7.00000000e+00 2.57690888e+00
 7.10000000e+01 7.00000000e+00 2.73569911e+00
 7.20000000e+01 7.00000000e+00 2.90675295e+00
 7.30000000e+01 7.00000000e+00 3.08915139e+00
 7.40000000e+01 7.00000000e+00 3.28197542e+00
 7.50000000e+01 7.00000000e+00 3.48430603e+00
 7.60000000e+01 7.00000000e+00 3.69522422e+00
 7.70000000e+01 7.00000000e+00 3.91381097e+00
 7.80000000e+01 7.00000000e+00 4.13914729e+00
 7.90000000e+01 7.00000000e+00 4.37031417e+00
 8.00000000e+01 7.00000000e+00 4.60639260e+00
 8.10000000e+01 7.00000000e+00 4.84646357e+00
 8.20000000e+01 7.00000000e+00 5.08960807e+00
 8.30000000e+01 7.00000000e+00 5.33490710e+00
 8.40000000e+01 7.00000000e+00 5.58144165e+00
 8.50000000e+01 7.00000000e+00 5.82829272e+00
 8.60000000e+01 7.00000000e+00 6.07454129e+00
 8.70000000e+01 7.00000000e+00 6.31926836e+00
 8.80000000e+01 7.00000000e+00 6.56155493e+00
 8.90000000e+01 7.00000000e+00 6.80048198e+00
 9.00000000e+01 7.00000000e+00 7.03513051e+00
 9.10000000e+01 7.00000000e+00 7.26458151e+00
 9.20000000e+01 7.00000000e+00 7.48791598e+00
 9.30000000e+01 7.00000000e+00 7.70421490e+00
 9.40000000e+01 7.00000000e+00 7.91255928e+00
 9.50000000e+01 7.00000000e+00 8.11203010e+00
 9.60000000e+01 7.00000000e+00 8.30170835e+00
 9.70000000e+01 7.00000000e+00 8.48067504e+00
 9.80000000e+01 7.00000000e+00 8.64801115e+00
 9.90000000e+01 7.00000000e+00 8.80279768e+00
 1.00000000e+02 7.00000000e+00 8.94411561e+00
 1.01000000e+02 7.00000000e+00 9.07104595e+00
 1.02000000e+02 7.00000000e+00 9.18266968e+00
 1.03000000e+02 7.00000000e+00 9.27806780e+00
 1.04000000e+02 7.00000000e+00 9.35632130e+00
 1.05000000e+02 7.00000000e+00 9.41651118e+00
 1.06000000e+02 7.00000000e+00 9.45771842e+00
 1.07000000e+02 7.00000000e+00 9.47902402e+00
 1.08000000e+02 7.00000000e+00 9.47950898e+00
 1.09000000e+02 7.00000000e+00 9.45825428e+00
 1.10000000e+02 7.00000000e+00 9.41434092e+00
 1.11000000e+02 7.00000000e+00 9.34684989e+00
 1.12000000e+02 7.00000000e+00 9.25486218e+00
 1.13000000e+02 7.00000000e+00 9.13745880e+00
 1.14000000e+02 7.00000000e+00 8.99372073e+00
 1.15000000e+02 7.00000000e+00 8.82272896e+00
 1.16000000e+02 7.00000000e+00 8.62356448e+00
 1.17000000e+02 7.00000000e+00 8.39530830e+00
 1.18000000e+02 7.00000000e+00 8.13704140e+00
 1.19000000e+02 7.00000000e+00 9.10388694e+00
 1.20000000e+02 7.00000000e+00 8.78443105e+00
 1.21000000e+02 7.00000000e+00 8.43530330e+00
 1.22000000e+02 7.00000000e+00 8.05727334e+00
 1.23000000e+02 7.00000000e+00 7.65111083e+00
 1.24000000e+02 7.00000000e+00 7.21758543e+00
 1.25000000e+02 7.00000000e+00 6.75746679e+00
 1.26000000e+02 7.00000000e+00 6.27152457e+00
 1.27000000e+02 7.00000000e+00 5.76052841e+00
 1.28000000e+02 7.00000000e+00 5.22524798e+00
 1.29000000e+02 7.00000000e+00 4.66645292e+00
 1.30000000e+02 7.00000000e+00 4.08491291e+00
 1.31000000e+02 7.00000000e+00 3.48139758e+00
 1.32000000e+02 7.00000000e+00 2.85667659e+00
 1.33000000e+02 7.00000000e+00 2.21151960e+00
 1.34000000e+02 7.00000000e+00 1.54669627e+00
 1.35000000e+02 7.00000000e+00 8.62976241e-01
 1.36000000e+02 7.00000000e+00 1.61129178e-01
 1.37000000e+02 7.00000000e+00 -5.58075267e-01
 1.38000000e+02 7.00000000e+00 -1.29386744e+00
 1.39000000e+02 7.00000000e+00 -2.04547768e+00
 1.40000000e+02 7.00000000e+00 -2.81213635e+00
 1.41000000e+02 7.00000000e+00 -3.59307377e+00
 1.42000000e+02 7.00000000e+00 -4.38752030e+00
 1.43000000e+02 7.00000000e+00 -5.19470629e+00
 1.44000000e+02 7.00000000e+00 -6.01386207e+00
 1.45000000e+02 7.00000000e+00 -6.84421800e+00
 1.46000000e+02 7.00000000e+00 -7.68500441e+00
 1.47000000e+02 7.00000000e+00 -8.53545166e+00
 1.48000000e+02 7.00000000e+00 -9.39479009e+00
 1.49000000e+02 7.00000000e+00 -1.02622500e+01
 1.50000000e+02 7.00000000e+00 -1.11370619e+01
 1.51000000e+02 7.00000000e+00 -1.20184559e+01
 1.52000000e+02 7.00000000e+00 -1.29056625e+01
 1.53000000e+02 7.00000000e+00 -1.37979120e+01
 1.54000000e+02 7.00000000e+00 -1.46944347e+01
 1.55000000e+02 7.00000000e+00 -1.55944611e+01
 1.56000000e+02 7.00000000e+00 -1.64972214e+01
 1.57000000e+02 7.00000000e+00 -1.74019459e+01
 1.58000000e+02 7.00000000e+00 -1.83078651e+01
 1.59000000e+02 7.00000000e+00 -1.92142093e+01
 1.60000000e+02 7.00000000e+00 -2.01202088e+01
 1.61000000e+02 7.00000000e+00 -2.10250940e+01
 1.62000000e+02 7.00000000e+00 -2.19280951e+01
 1.63000000e+02 7.00000000e+00 -2.28284427e+01
 1.64000000e+02 7.00000000e+00 -2.37253669e+01
 1.65000000e+02 7.00000000e+00 -2.46180982e+01
 1.66000000e+02 7.00000000e+00 -2.55058668e+01
 1.67000000e+02 7.00000000e+00 -2.63879033e+01
 1.68000000e+02 7.00000000e+00 -2.72634377e+01
 1.69000000e+02 7.00000000e+00 -2.81317007e+01
 1.70000000e+02 7.00000000e+00 -2.89919223e+01
 1.71000000e+02 7.00000000e+00 -2.98433331e+01
 1.72000000e+02 7.00000000e+00 -3.06851634e+01
 1.73000000e+02 7.00000000e+00 -3.15166435e+01
 1.74000000e+02 7.00000000e+00 -3.23370037e+01
 1.75000000e+02 7.00000000e+00 -3.31454744e+01
 1.76000000e+02 7.00000000e+00 -3.39412860e+01
 1.77000000e+02 7.00000000e+00 -3.50106064e+01
 1.78000000e+02 7.00000000e+00 -3.57795410e+01
 1.79000000e+02 7.00000000e+00 -3.65351196e+01
 1.80000000e+02 7.00000000e+00 -3.72774938e+01
 1.81000000e+02 7.00000000e+00 -3.80068153e+01
 1.82000000e+02 7.00000000e+00 -3.87232356e+01
 1.83000000e+02 7.00000000e+00 -3.94269063e+01
 1.84000000e+02 7.00000000e+00 -4.01179790e+01
 1.85000000e+02 7.00000000e+00 -4.07966053e+01
 1.86000000e+02 7.00000000e+00 -4.14629367e+01
 1.87000000e+02 7.00000000e+00 -4.21171248e+01
 1.88000000e+02 7.00000000e+00 -4.27593213e+01
 1.89000000e+02 7.00000000e+00 -4.33896777e+01
 1.90000000e+02 7.00000000e+00 -4.40083456e+01
 1.91000000e+02 7.00000000e+00 -4.46154766e+01
 1.92000000e+02 7.00000000e+00 -4.52112223e+01
 1.93000000e+02 7.00000000e+00 -4.57957342e+01
 1.94000000e+02 7.00000000e+00 -4.63691640e+01
 1.95000000e+02 7.00000000e+00 -4.69316632e+01
 1.96000000e+02 7.00000000e+00 -4.74833834e+01
 1.97000000e+02 7.00000000e+00 -4.80244763e+01
 1.98000000e+02 7.00000000e+00 -4.85550933e+01
 1.99000000e+02 7.00000000e+00 -4.90753862e+01
 2.00000000e+02 7.00000000e+00 -4.95855064e+01
 2.01000000e+02 7.00000000e+00 -5.00856055e+01
 2.02000000e+02 7.00000000e+00 -5.05758352e+01
 2.03000000e+02 7.00000000e+00 -5.10563471e+01
 2.04000000e+02 7.00000000e+00 -5.15272926e+01
 2.05000000e+02 7.00000000e+00 -5.19888235e+01
 2.06000000e+02 7.00000000e+00 -5.24410912e+01
 2.07000000e+02 7.00000000e+00 -5.28842474e+01
 2.08000000e+02 7.00000000e+00 -5.33184437e+01
 2.09000000e+02 7.00000000e+00 -5.37438316e+01
 2.10000000e+02 7.00000000e+00 -5.41605628e+01
 2.11000000e+02 7.00000000e+00 -5.45687888e+01
 2.12000000e+02 7.00000000e+00 -5.49686612e+01
 2.13000000e+02 7.00000000e+00 -5.53603316e+01
 2.14000000e+02 7.00000000e+00 -5.57439515e+01
 2.15000000e+02 7.00000000e+00 -5.61196727e+01
 2.16000000e+02 7.00000000e+00 -5.64876466e+01
 2.17000000e+02 7.00000000e+00 -5.68480248e+01
 2.18000000e+02 7.00000000e+00 -5.72009590e+01
 2.19000000e+02 7.00000000e+00 -5.75466006e+01
 2.20000000e+02 7.00000000e+00 -5.78851014e+01
 2.21000000e+02 7.00000000e+00 -5.82166129e+01
 2.22000000e+02 7.00000000e+00 -5.85412866e+01
 2.23000000e+02 7.00000000e+00 -5.88592743e+01
 2.24000000e+02 7.00000000e+00 -5.91707273e+01
 2.25000000e+02 7.00000000e+00 -5.94757974e+01
 2.26000000e+02 7.00000000e+00 -5.97746361e+01
 2.27000000e+02 7.00000000e+00 -6.00673950e+01
 2.28000000e+02 7.00000000e+00 -6.03542257e+01
 2.29000000e+02 7.00000000e+00 -6.06352798e+01
 2.30000000e+02 7.00000000e+00 -6.09107089e+01
 2.31000000e+02 7.00000000e+00 -6.11806645e+01
 2.32000000e+02 7.00000000e+00 -6.14452983e+01
 2.33000000e+02 7.00000000e+00 -6.17047618e+01
 2.34000000e+02 7.00000000e+00 -6.19592066e+01
 2.35000000e+02 7.00000000e+00 -6.22251470e+01
 2.36000000e+02 7.00000000e+00 -6.24699653e+01
 2.37000000e+02 7.00000000e+00 -6.27101105e+01
 2.38000000e+02 7.00000000e+00 -6.29456685e+01
 2.39000000e+02 7.00000000e+00 -6.31767255e+01
 2.40000000e+02 7.00000000e+00 -6.34033675e+01
 2.41000000e+02 7.00000000e+00 -6.36256805e+01
 2.42000000e+02 7.00000000e+00 -6.38437505e+01
 2.43000000e+02 7.00000000e+00 -6.40576637e+01
 2.44000000e+02 7.00000000e+00 -6.42675061e+01
 2.45000000e+02 7.00000000e+00 -6.44733637e+01
 2.46000000e+02 7.00000000e+00 -6.46753226e+01
 2.47000000e+02 7.00000000e+00 -6.48734688e+01
 2.48000000e+02 7.00000000e+00 -6.50678884e+01
 2.49000000e+02 7.00000000e+00 -6.52586673e+01
 2.50000000e+02 7.00000000e+00 -6.54458918e+01
 2.51000000e+02 7.00000000e+00 -6.56296477e+01
 2.52000000e+02 7.00000000e+00 -6.58100212e+01
 2.53000000e+02 7.00000000e+00 -6.59870983e+01
 2.54000000e+02 7.00000000e+00 -6.61609650e+01
 2.55000000e+02 7.00000000e+00 -6.63317075e+01
 2.56000000e+02 7.00000000e+00 -6.64994117e+01
 2.57000000e+02 7.00000000e+00 -6.66641637e+01
 2.58000000e+02 7.00000000e+00 -6.68260495e+01
 2.59000000e+02 7.00000000e+00 -6.69851552e+01
 2.60000000e+02 7.00000000e+00 -6.71415668e+01
 2.61000000e+02 7.00000000e+00 -6.72953705e+01
 2.62000000e+02 7.00000000e+00 -6.74466521e+01
 2.63000000e+02 7.00000000e+00 -6.75954979e+01
 2.64000000e+02 7.00000000e+00 -6.77419937e+01
 2.65000000e+02 7.00000000e+00 -6.78862258e+01
 2.66000000e+02 7.00000000e+00 -6.80282800e+01
 2.67000000e+02 7.00000000e+00 -6.81682425e+01
 2.68000000e+02 7.00000000e+00 -6.83061994e+01
 2.69000000e+02 7.00000000e+00 -6.84422366e+01
 2.70000000e+02 7.00000000e+00 -6.85764402e+01
 2.71000000e+02 7.00000000e+00 -6.87088963e+01
 2.72000000e+02 7.00000000e+00 -6.88396909e+01
 2.73000000e+02 7.00000000e+00 -6.89689100e+01
 2.74000000e+02 7.00000000e+00 -6.90966397e+01
 2.75000000e+02 7.00000000e+00 -6.92229661e+01
 2.76000000e+02 7.00000000e+00 -6.93479752e+01
 2.77000000e+02 7.00000000e+00 -6.94717530e+01
 2.78000000e+02 7.00000000e+00 -6.95943856e+01
 2.79000000e+02 7.00000000e+00 -6.97159591e+01
 2.80000000e+02 7.00000000e+00 -6.98365594e+01
 2.81000000e+02 7.00000000e+00 -6.99562727e+01
 2.82000000e+02 7.00000000e+00 -7.00751849e+01
 2.83000000e+02 7.00000000e+00 -7.01933822e+01
 2.84000000e+02 7.00000000e+00 -7.03109505e+01
 2.85000000e+02 7.00000000e+00 -7.04279760e+01
 2.86000000e+02 7.00000000e+00 -7.05445447e+01
 2.87000000e+02 7.00000000e+00 -7.06607425e+01
 2.88000000e+02 7.00000000e+00 -7.07766557e+01
 2.89000000e+02 7.00000000e+00 -7.08923701e+01
 2.90000000e+02 7.00000000e+00 -7.10079719e+01
 2.91000000e+02 7.00000000e+00 -7.11235471e+01
 2.92000000e+02 7.00000000e+00 -7.12391818e+01
 2.93000000e+02 7.00000000e+00 -7.12487015e+01
 2.94000000e+02 7.00000000e+00 -7.13645956e+01
 2.95000000e+02 7.00000000e+00 -7.14805180e+01
 2.96000000e+02 7.00000000e+00 -7.15963718e+01
 2.97000000e+02 7.00000000e+00 -7.17120603e+01
 2.98000000e+02 7.00000000e+00 -7.18274867e+01
 2.99000000e+02 7.00000000e+00 -7.19425544e+01
 3.00000000e+02 7.00000000e+00 -7.20571666e+01
 3.01000000e+02 7.00000000e+00 -7.21712265e+01
 3.02000000e+02 7.00000000e+00 -7.22846373e+01
 3.03000000e+02 7.00000000e+00 -7.23973025e+01
 3.04000000e+02 7.00000000e+00 -7.25091252e+01
 3.05000000e+02 7.00000000e+00 -7.26200086e+01
 3.06000000e+02 7.00000000e+00 -7.27298561e+01
 3.07000000e+02 7.00000000e+00 -7.28385709e+01
 3.08000000e+02 7.00000000e+00 -7.29460562e+01
 3.09000000e+02 7.00000000e+00 -7.30522153e+01
 3.10000000e+02 7.00000000e+00 -7.31569515e+01
 3.11000000e+02 7.00000000e+00 -7.32601681e+01
 3.12000000e+02 7.00000000e+00 -7.33617682e+01
 3.13000000e+02 7.00000000e+00 -7.34616552e+01
 3.14000000e+02 7.00000000e+00 -7.35597323e+01
 3.15000000e+02 7.00000000e+00 -7.36559027e+01
 3.16000000e+02 7.00000000e+00 -7.37500698e+01
 3.17000000e+02 7.00000000e+00 -7.38421368e+01
 3.18000000e+02 7.00000000e+00 -7.39320069e+01
 3.19000000e+02 7.00000000e+00 -7.40195834e+01
 3.20000000e+02 7.00000000e+00 -7.41047696e+01
 3.21000000e+02 7.00000000e+00 -7.41874687e+01
 3.22000000e+02 7.00000000e+00 -7.42675840e+01
 3.23000000e+02 7.00000000e+00 -7.43450187e+01
 3.24000000e+02 7.00000000e+00 -7.44196761e+01
 3.25000000e+02 7.00000000e+00 -7.44914595e+01
 3.26000000e+02 7.00000000e+00 -7.45602721e+01
 3.27000000e+02 7.00000000e+00 -7.46260171e+01
 3.28000000e+02 7.00000000e+00 -7.46885980e+01
 3.29000000e+02 7.00000000e+00 -7.47479178e+01
 3.30000000e+02 7.00000000e+00 -7.48038798e+01
 3.31000000e+02 7.00000000e+00 -7.48563874e+01
 3.32000000e+02 7.00000000e+00 -7.49053437e+01
 3.33000000e+02 7.00000000e+00 -7.49506521e+01
 3.34000000e+02 7.00000000e+00 -7.49922158e+01
 3.35000000e+02 7.00000000e+00 -7.50299380e+01
 3.36000000e+02 7.00000000e+00 -7.50637220e+01
 3.37000000e+02 7.00000000e+00 -7.50934711e+01
 3.38000000e+02 7.00000000e+00 -7.51190886e+01
 3.39000000e+02 7.00000000e+00 -7.51404776e+01
 3.40000000e+02 7.00000000e+00 -7.51575414e+01
 3.41000000e+02 7.00000000e+00 -7.51701834e+01
 3.42000000e+02 7.00000000e+00 -7.51783067e+01
 3.43000000e+02 7.00000000e+00 -7.51818147e+01
 3.44000000e+02 7.00000000e+00 -7.51806105e+01
 3.45000000e+02 7.00000000e+00 -7.51745975e+01
 3.46000000e+02 7.00000000e+00 -7.51636789e+01
 3.47000000e+02 7.00000000e+00 -7.51477579e+01
 3.48000000e+02 7.00000000e+00 -7.51267379e+01
 3.49000000e+02 7.00000000e+00 -7.51005220e+01
 3.50000000e+02 7.00000000e+00 -7.50690136e+01
 3.51000000e+02 7.00000000e+00 -7.52176966e+01
 3.52000000e+02 7.00000000e+00 -7.51754355e+01
 3.53000000e+02 7.00000000e+00 -7.51279356e+01
 3.54000000e+02 7.00000000e+00 -7.50753293e+01
 3.55000000e+02 7.00000000e+00 -7.50177493e+01
 3.56000000e+02 7.00000000e+00 -7.49553281e+01
 3.57000000e+02 7.00000000e+00 -7.48881982e+01
 3.58000000e+02 7.00000000e+00 -7.48164922e+01
 3.59000000e+02 7.00000000e+00 -7.47403426e+01
 3.60000000e+02 7.00000000e+00 -7.46598820e+01
 3.61000000e+02 7.00000000e+00 -7.45752429e+01
 3.62000000e+02 7.00000000e+00 -7.44865578e+01
 3.63000000e+02 7.00000000e+00 -7.43939594e+01
 3.64000000e+02 7.00000000e+00 -7.42975801e+01
 3.65000000e+02 7.00000000e+00 -7.41975526e+01
 3.66000000e+02 7.00000000e+00 -7.40940092e+01
 3.67000000e+02 7.00000000e+00 -7.39870827e+01
 3.68000000e+02 7.00000000e+00 -7.38769056e+01
 3.69000000e+02 7.00000000e+00 -7.37636103e+01
 3.70000000e+02 7.00000000e+00 -7.36473294e+01
 3.71000000e+02 7.00000000e+00 -7.35281956e+01
 3.72000000e+02 7.00000000e+00 -7.34063413e+01
 3.73000000e+02 7.00000000e+00 -7.32818990e+01
 3.74000000e+02 7.00000000e+00 -7.31550014e+01
 3.75000000e+02 7.00000000e+00 -7.30257810e+01
 3.76000000e+02 7.00000000e+00 -7.28943702e+01
 3.77000000e+02 7.00000000e+00 -7.27609018e+01
 3.78000000e+02 7.00000000e+00 -7.26255081e+01
 3.79000000e+02 7.00000000e+00 -7.24883218e+01
 3.80000000e+02 7.00000000e+00 -7.23494754e+01
 3.81000000e+02 7.00000000e+00 -7.22091014e+01
 3.82000000e+02 7.00000000e+00 -7.20673325e+01
 3.83000000e+02 7.00000000e+00 -7.19243011e+01
 3.84000000e+02 7.00000000e+00 -7.17801398e+01
 3.85000000e+02 7.00000000e+00 -7.16349811e+01
 3.86000000e+02 7.00000000e+00 -7.14889576e+01
 3.87000000e+02 7.00000000e+00 -7.13422018e+01
 3.88000000e+02 7.00000000e+00 -7.11948464e+01
 3.89000000e+02 7.00000000e+00 -7.10470237e+01
 3.90000000e+02 7.00000000e+00 -7.08988664e+01
 3.91000000e+02 7.00000000e+00 -7.07505070e+01
 3.92000000e+02 7.00000000e+00 -7.06020781e+01
 3.93000000e+02 7.00000000e+00 -7.04537122e+01
 3.94000000e+02 7.00000000e+00 -7.03055418e+01
 3.95000000e+02 7.00000000e+00 -7.01576996e+01
 3.96000000e+02 7.00000000e+00 -7.00103180e+01
 3.97000000e+02 7.00000000e+00 -6.98635296e+01
 3.98000000e+02 7.00000000e+00 -6.97174669e+01
 3.99000000e+02 7.00000000e+00 -6.95722625e+01
 4.00000000e+02 7.00000000e+00 -6.94280490e+01
 4.01000000e+02 7.00000000e+00 -6.92849589e+01
 4.02000000e+02 7.00000000e+00 -6.91431246e+01
 4.03000000e+02 7.00000000e+00 -6.90026789e+01
 4.04000000e+02 7.00000000e+00 -6.88637542e+01
 4.05000000e+02 7.00000000e+00 -6.87264830e+01
 4.06000000e+02 7.00000000e+00 -6.85909979e+01
 4.07000000e+02 7.00000000e+00 -6.84574316e+01
 4.08000000e+02 7.00000000e+00 -6.83259164e+01
 4.09000000e+02 7.00000000e+00 -6.82064467e+01
 4.10000000e+02 7.00000000e+00 -6.80792700e+01
 4.11000000e+02 7.00000000e+00 -6.79540533e+01
 4.12000000e+02 7.00000000e+00 -6.78305839e+01
 4.13000000e+02 7.00000000e+00 -6.77086493e+01
 4.14000000e+02 7.00000000e+00 -6.75880368e+01
 4.15000000e+02 7.00000000e+00 -6.74685340e+01
 4.16000000e+02 7.00000000e+00 -6.73499281e+01
 4.17000000e+02 7.00000000e+00 -6.72320067e+01
 4.18000000e+02 7.00000000e+00 -6.71145571e+01
 4.19000000e+02 7.00000000e+00 -6.69973668e+01
 4.20000000e+02 7.00000000e+00 -6.68802232e+01
 4.21000000e+02 7.00000000e+00 -6.67629137e+01
 4.22000000e+02 7.00000000e+00 -6.66452257e+01
 4.23000000e+02 7.00000000e+00 -6.65269467e+01
 4.24000000e+02 7.00000000e+00 -6.64078641e+01
 4.25000000e+02 7.00000000e+00 -6.62877652e+01
 4.26000000e+02 7.00000000e+00 -6.61664375e+01
 4.27000000e+02 7.00000000e+00 -6.60436685e+01
 4.28000000e+02 7.00000000e+00 -6.59192454e+01
 4.29000000e+02 7.00000000e+00 -6.57929559e+01
 4.30000000e+02 7.00000000e+00 -6.56645872e+01
 4.31000000e+02 7.00000000e+00 -6.55339269e+01
 4.32000000e+02 7.00000000e+00 -6.54007622e+01
 4.33000000e+02 7.00000000e+00 -6.52648807e+01
 4.34000000e+02 7.00000000e+00 -6.51260697e+01
 4.35000000e+02 7.00000000e+00 -6.49841167e+01
 4.36000000e+02 7.00000000e+00 -6.48388091e+01
 4.37000000e+02 7.00000000e+00 -6.46899344e+01
 4.38000000e+02 7.00000000e+00 -6.45372798e+01
 4.39000000e+02 7.00000000e+00 -6.43806329e+01
 4.40000000e+02 7.00000000e+00 -6.42197811e+01
 4.41000000e+02 7.00000000e+00 -6.40545118e+01
 4.42000000e+02 7.00000000e+00 -6.38846123e+01
 4.43000000e+02 7.00000000e+00 -6.37098702e+01
 4.44000000e+02 7.00000000e+00 -6.35300729e+01
 4.45000000e+02 7.00000000e+00 -6.33450077e+01
 4.46000000e+02 7.00000000e+00 -6.31544621e+01
 4.47000000e+02 7.00000000e+00 -6.29582235e+01
 4.48000000e+02 7.00000000e+00 -6.27560793e+01
 4.49000000e+02 7.00000000e+00 -6.25478170e+01
 4.50000000e+02 7.00000000e+00 -6.23332239e+01
 4.51000000e+02 7.00000000e+00 -6.21120875e+01
 4.52000000e+02 7.00000000e+00 -6.18841952e+01
 4.53000000e+02 7.00000000e+00 -6.16493344e+01
 4.54000000e+02 7.00000000e+00 -6.14072926e+01
 4.55000000e+02 7.00000000e+00 -6.11578571e+01
 4.56000000e+02 7.00000000e+00 -6.09008154e+01
 4.57000000e+02 7.00000000e+00 -6.06359549e+01
 4.58000000e+02 7.00000000e+00 -6.03630630e+01
 4.59000000e+02 7.00000000e+00 -6.00819271e+01
 4.60000000e+02 7.00000000e+00 -5.97923347e+01
 4.61000000e+02 7.00000000e+00 -5.94940732e+01
 4.62000000e+02 7.00000000e+00 -5.91869299e+01
 4.63000000e+02 7.00000000e+00 -5.88706923e+01
 4.64000000e+02 7.00000000e+00 -5.85451479e+01
 4.65000000e+02 7.00000000e+00 -5.82100840e+01
 4.66000000e+02 7.00000000e+00 -5.78652881e+01
 4.67000000e+02 7.00000000e+00 -5.79750855e+01
 4.68000000e+02 7.00000000e+00 -5.76103327e+01
 4.69000000e+02 7.00000000e+00 -5.72356970e+01
 4.70000000e+02 7.00000000e+00 -5.68513310e+01
 4.71000000e+02 7.00000000e+00 -5.64573873e+01
 4.72000000e+02 7.00000000e+00 -5.60540183e+01
 4.73000000e+02 7.00000000e+00 -5.56413768e+01
 4.74000000e+02 7.00000000e+00 -5.52196152e+01
 4.75000000e+02 7.00000000e+00 -5.47888861e+01
 4.76000000e+02 7.00000000e+00 -5.43493421e+01
 4.77000000e+02 7.00000000e+00 -5.39011358e+01
 4.78000000e+02 7.00000000e+00 -5.34444198e+01
 4.79000000e+02 7.00000000e+00 -5.29793466e+01
 4.80000000e+02 7.00000000e+00 -5.25060688e+01
 4.81000000e+02 7.00000000e+00 -5.20247389e+01
 4.82000000e+02 7.00000000e+00 -5.15355096e+01
 4.83000000e+02 7.00000000e+00 -5.10385334e+01
 4.84000000e+02 7.00000000e+00 -5.05339629e+01
 4.85000000e+02 7.00000000e+00 -5.00219507e+01
 4.86000000e+02 7.00000000e+00 -4.95026493e+01
 4.87000000e+02 7.00000000e+00 -4.89762113e+01
 4.88000000e+02 7.00000000e+00 -4.84427893e+01
 4.89000000e+02 7.00000000e+00 -4.79025358e+01
 4.90000000e+02 7.00000000e+00 -4.73556035e+01
 4.91000000e+02 7.00000000e+00 -4.68021449e+01
 4.92000000e+02 7.00000000e+00 -4.62423125e+01
 4.93000000e+02 7.00000000e+00 -4.56762590e+01
 4.94000000e+02 7.00000000e+00 -4.51041369e+01
 4.95000000e+02 7.00000000e+00 -4.45260988e+01
 4.96000000e+02 7.00000000e+00 -4.39422973e+01
 4.97000000e+02 7.00000000e+00 -4.33528849e+01
 4.98000000e+02 7.00000000e+00 -4.27580142e+01
 4.99000000e+02 7.00000000e+00 -4.21578378e+01
 5.00000000e+02 7.00000000e+00 -4.15525083e+01
 5.01000000e+02 7.00000000e+00 -4.09421781e+01
 5.02000000e+02 7.00000000e+00 -4.03270000e+01
 5.03000000e+02 7.00000000e+00 -3.97071265e+01
 5.04000000e+02 7.00000000e+00 -3.90827101e+01
 5.05000000e+02 7.00000000e+00 -3.84539034e+01
 5.06000000e+02 7.00000000e+00 -3.78208591e+01
 5.07000000e+02 7.00000000e+00 -3.71837296e+01
 5.08000000e+02 7.00000000e+00 -3.65426675e+01
 5.09000000e+02 7.00000000e+00 -3.58978255e+01
 5.10000000e+02 7.00000000e+00 -3.52493560e+01
 5.11000000e+02 7.00000000e+00 -3.45974117e+01
 5.12000000e+02 7.00000000e+00 -3.39421451e+01
 5.13000000e+02 7.00000000e+00 -3.32837089e+01
 5.14000000e+02 7.00000000e+00 -3.26222555e+01
 5.15000000e+02 7.00000000e+00 -3.19579375e+01
 5.16000000e+02 7.00000000e+00 -3.12909076e+01
 5.17000000e+02 7.00000000e+00 -3.06213183e+01
 5.18000000e+02 7.00000000e+00 -2.99493222e+01
 5.19000000e+02 7.00000000e+00 -2.92750718e+01
 5.20000000e+02 7.00000000e+00 -2.85987197e+01
 5.21000000e+02 7.00000000e+00 -2.79204185e+01
 5.22000000e+02 7.00000000e+00 -2.72403208e+01
 5.23000000e+02 7.00000000e+00 -2.65585791e+01
 5.24000000e+02 7.00000000e+00 -2.58753460e+01
 5.25000000e+02 7.00000000e+00 -2.41512288e+01
 5.26000000e+02 7.00000000e+00 -2.34655418e+01
 5.27000000e+02 7.00000000e+00 -2.27790988e+01
 5.28000000e+02 7.00000000e+00 -2.20922744e+01
 5.29000000e+02 7.00000000e+00 -2.14054434e+01
 5.30000000e+02 7.00000000e+00 -2.07189804e+01
 5.31000000e+02 7.00000000e+00 -2.00332601e+01
 5.32000000e+02 7.00000000e+00 -1.93486572e+01
 5.33000000e+02 7.00000000e+00 -1.86655464e+01
 5.34000000e+02 7.00000000e+00 -1.79843023e+01
 5.35000000e+02 7.00000000e+00 -1.73052998e+01
 5.36000000e+02 7.00000000e+00 -1.66289133e+01
 5.37000000e+02 7.00000000e+00 -1.59555177e+01
 5.38000000e+02 7.00000000e+00 -1.52854876e+01
 5.39000000e+02 7.00000000e+00 -1.46191978e+01
 5.40000000e+02 7.00000000e+00 -1.39570228e+01
 5.41000000e+02 7.00000000e+00 -1.32993374e+01
 5.42000000e+02 7.00000000e+00 -1.26465162e+01
 5.43000000e+02 7.00000000e+00 -1.19989340e+01
 5.44000000e+02 7.00000000e+00 -1.13569654e+01
 5.45000000e+02 7.00000000e+00 -1.07209852e+01
 5.46000000e+02 7.00000000e+00 -1.00913679e+01
 5.47000000e+02 7.00000000e+00 -9.46848834e+00
 5.48000000e+02 7.00000000e+00 -8.85272116e+00
 5.49000000e+02 7.00000000e+00 -8.24444104e+00
 5.50000000e+02 7.00000000e+00 -7.64402267e+00
 5.51000000e+02 7.00000000e+00 -7.05184073e+00
 5.52000000e+02 7.00000000e+00 -6.46826992e+00
 5.53000000e+02 7.00000000e+00 -5.89368491e+00
 5.54000000e+02 7.00000000e+00 -5.32846040e+00
 5.55000000e+02 7.00000000e+00 -4.77297107e+00
 5.56000000e+02 7.00000000e+00 -4.22759160e+00
 5.57000000e+02 7.00000000e+00 -3.69269669e+00
 5.58000000e+02 7.00000000e+00 -3.16866101e+00
 5.59000000e+02 7.00000000e+00 -2.65585926e+00
 5.60000000e+02 7.00000000e+00 -2.15466612e+00
 5.61000000e+02 7.00000000e+00 -1.66545627e+00
 5.62000000e+02 7.00000000e+00 -1.18860441e+00
 5.63000000e+02 7.00000000e+00 -7.24485211e-01
 5.64000000e+02 7.00000000e+00 -2.73473370e-01
 5.65000000e+02 7.00000000e+00 1.64056430e-01
 5.66000000e+02 7.00000000e+00 5.87729504e-01
 5.67000000e+02 7.00000000e+00 9.97171166e-01
 5.68000000e+02 7.00000000e+00 1.39200673e+00
 5.69000000e+02 7.00000000e+00 1.77186151e+00
 5.70000000e+02 7.00000000e+00 2.13636081e+00
 5.71000000e+02 7.00000000e+00 2.48512996e+00
 5.72000000e+02 7.00000000e+00 2.81779427e+00
 5.73000000e+02 7.00000000e+00 3.13397905e+00
 5.74000000e+02 7.00000000e+00 3.43330961e+00
 5.75000000e+02 7.00000000e+00 3.71541128e+00
 5.76000000e+02 7.00000000e+00 3.97990935e+00
 5.77000000e+02 7.00000000e+00 4.22642915e+00
 5.78000000e+02 7.00000000e+00 4.45459600e+00
 5.79000000e+02 7.00000000e+00 4.66403519e+00
 5.80000000e+02 7.00000000e+00 4.85437206e+00
 5.81000000e+02 7.00000000e+00 5.02523191e+00
 5.82000000e+02 7.00000000e+00 5.17624005e+00
 5.83000000e+02 7.00000000e+00 4.17013077e+00
 5.84000000e+02 7.00000000e+00 4.28060089e+00
 5.85000000e+02 7.00000000e+00 4.37126504e+00
 5.86000000e+02 7.00000000e+00 4.44275123e+00
 5.87000000e+02 7.00000000e+00 4.49568744e+00
 5.88000000e+02 7.00000000e+00 4.53070166e+00
 5.89000000e+02 7.00000000e+00 4.54842190e+00
 5.90000000e+02 7.00000000e+00 4.54947614e+00
 5.91000000e+02 7.00000000e+00 4.53449239e+00
 5.92000000e+02 7.00000000e+00 4.50409863e+00
 5.93000000e+02 7.00000000e+00 4.45892285e+00
 5.94000000e+02 7.00000000e+00 4.39959306e+00
 5.95000000e+02 7.00000000e+00 4.32673725e+00
 5.96000000e+02 7.00000000e+00 4.24098342e+00
 5.97000000e+02 7.00000000e+00 4.14295955e+00
 5.98000000e+02 7.00000000e+00 4.03329364e+00
 5.99000000e+02 7.00000000e+00 3.91261369e+00
 6.00000000e+02 7.00000000e+00 3.78154768e+00
 6.01000000e+02 7.00000000e+00 3.64072363e+00
 6.02000000e+02 7.00000000e+00 3.49076951e+00
 6.03000000e+02 7.00000000e+00 3.33231332e+00
 6.04000000e+02 7.00000000e+00 3.16598306e+00
 6.05000000e+02 7.00000000e+00 2.99240673e+00
 6.06000000e+02 7.00000000e+00 2.81221231e+00
 6.07000000e+02 7.00000000e+00 2.62602781e+00
 6.08000000e+02 7.00000000e+00 2.43448120e+00
 6.09000000e+02 7.00000000e+00 2.23820050e+00
 6.10000000e+02 7.00000000e+00 2.03781370e+00
 6.11000000e+02 7.00000000e+00 1.83394878e+00
 6.12000000e+02 7.00000000e+00 1.62723375e+00
 6.13000000e+02 7.00000000e+00 1.41829659e+00
 6.14000000e+02 7.00000000e+00 1.20776531e+00
 6.15000000e+02 7.00000000e+00 9.96267888e-01
 6.16000000e+02 7.00000000e+00 7.84432332e-01
 6.17000000e+02 7.00000000e+00 5.72886631e-01
 6.18000000e+02 7.00000000e+00 3.62258780e-01
 6.19000000e+02 7.00000000e+00 1.53176773e-01
 6.20000000e+02 7.00000000e+00 -5.37313946e-02
 6.21000000e+02 7.00000000e+00 -2.57837729e-01
 6.22000000e+02 7.00000000e+00 -4.58514237e-01
 6.23000000e+02 7.00000000e+00 -6.55132922e-01
 6.24000000e+02 7.00000000e+00 -8.47065791e-01
 6.25000000e+02 7.00000000e+00 -1.03368485e+00
 6.26000000e+02 7.00000000e+00 -1.21436210e+00
 6.27000000e+02 7.00000000e+00 -1.38846956e+00
 6.28000000e+02 7.00000000e+00 -1.55537921e+00
 6.29000000e+02 7.00000000e+00 -1.71446309e+00
 6.30000000e+02 7.00000000e+00 -1.86509317e+00
 6.31000000e+02 7.00000000e+00 -2.00664148e+00
 6.32000000e+02 7.00000000e+00 -2.13848002e+00
 6.33000000e+02 7.00000000e+00 -2.25998079e+00
 6.34000000e+02 7.00000000e+00 -2.37051581e+00
 6.35000000e+02 7.00000000e+00 -2.46945706e+00
 6.36000000e+02 7.00000000e+00 -2.55617657e+00
 6.37000000e+02 7.00000000e+00 -2.63004634e+00
 6.38000000e+02 7.00000000e+00 -2.69043836e+00
 6.39000000e+02 7.00000000e+00 -2.73672465e+00
 6.40000000e+02 7.00000000e+00 -2.76827722e+00
 6.41000000e+02 7.00000000e+00 -2.47914334e+00
 6.42000000e+02 7.00000000e+00 -2.47965656e+00
 6.43000000e+02 7.00000000e+00 -2.46508313e+00
 6.44000000e+02 7.00000000e+00 -2.43620834e+00
 6.45000000e+02 7.00000000e+00 -2.39381748e+00
 6.46000000e+02 7.00000000e+00 -2.33869585e+00
 6.47000000e+02 7.00000000e+00 -2.27162873e+00
 6.48000000e+02 7.00000000e+00 -2.19340143e+00
 6.49000000e+02 7.00000000e+00 -2.10479922e+00
 6.50000000e+02 7.00000000e+00 -2.00660740e+00
 6.51000000e+02 7.00000000e+00 -1.89961126e+00
 6.52000000e+02 7.00000000e+00 -1.78459609e+00
 6.53000000e+02 7.00000000e+00 -1.66234719e+00
 6.54000000e+02 7.00000000e+00 -1.53364985e+00
 6.55000000e+02 7.00000000e+00 -1.39928935e+00
 6.56000000e+02 7.00000000e+00 -1.26005099e+00
 6.57000000e+02 7.00000000e+00 -1.11672006e+00
 6.58000000e+02 7.00000000e+00 -9.70081856e-01
 6.59000000e+02 7.00000000e+00 -8.20921662e-01
 6.60000000e+02 7.00000000e+00 -6.70024774e-01
 6.61000000e+02 7.00000000e+00 -5.18176481e-01
 6.62000000e+02 7.00000000e+00 -3.66162076e-01
 6.63000000e+02 7.00000000e+00 -2.14766849e-01
 6.64000000e+02 7.00000000e+00 -6.47760935e-02
 6.65000000e+02 7.00000000e+00 8.30249006e-02
 6.66000000e+02 7.00000000e+00 2.27850841e-01
 6.67000000e+02 7.00000000e+00 3.68916437e-01
 6.68000000e+02 7.00000000e+00 5.05436397e-01
 6.69000000e+02 7.00000000e+00 6.36625430e-01
 6.70000000e+02 7.00000000e+00 7.61698243e-01
 6.71000000e+02 7.00000000e+00 8.79869546e-01
 6.72000000e+02 7.00000000e+00 9.90354046e-01
 6.73000000e+02 7.00000000e+00 1.09236645e+00
 6.74000000e+02 7.00000000e+00 1.18512148e+00
 6.75000000e+02 7.00000000e+00 1.26783382e+00
 6.76000000e+02 7.00000000e+00 1.33971820e+00
 6.77000000e+02 7.00000000e+00 1.39998932e+00
 6.78000000e+02 7.00000000e+00 1.44786189e+00
 6.79000000e+02 7.00000000e+00 1.48255062e+00
 6.80000000e+02 7.00000000e+00 1.50327021e+00
 6.81000000e+02 7.00000000e+00 1.50923538e+00
 6.82000000e+02 7.00000000e+00 1.49966083e+00
 6.83000000e+02 7.00000000e+00 1.47376127e+00
 6.84000000e+02 7.00000000e+00 1.43075142e+00
 6.85000000e+02 7.00000000e+00 1.36984597e+00
 6.86000000e+02 7.00000000e+00 1.29025964e+00
 6.87000000e+02 7.00000000e+00 1.19120714e+00
 6.88000000e+02 7.00000000e+00 1.07190318e+00
 6.89000000e+02 7.00000000e+00 9.31562453e-01
 6.90000000e+02 7.00000000e+00 7.69399682e-01
 6.91000000e+02 7.00000000e+00 5.84629571e-01
 6.92000000e+02 7.00000000e+00 3.76466830e-01
 6.93000000e+02 7.00000000e+00 1.44126166e-01
 6.94000000e+02 7.00000000e+00 -1.13177711e-01
 6.95000000e+02 7.00000000e+00 -3.96230094e-01
 6.96000000e+02 7.00000000e+00 -7.05816273e-01
 6.97000000e+02 7.00000000e+00 -1.04272154e+00
 6.98000000e+02 7.00000000e+00 -1.40773119e+00
 6.99000000e+02 7.00000000e+00 -1.80163050e+00
