 1.00000000e+00 1.50000000e+01 2.00592443e+00
 2.00000000e+00 1.50000000e+01 2.01217009e+00
 3.00000000e+00 1.50000000e+01 2.01833130e+00
 4.00000000e+00 1.50000000e+01 2.02440776e+00
 5.00000000e+00 1.50000000e+01 2.03039920e+00
 6.00000000e+00 1.50000000e+01 2.03630533e+00
 7.00000000e+00 1.50000000e+01 2.04212585e+00
 8.00000000e+00 1.50000000e+01 2.04786048e+00
 9.00000000e+00 1.50000000e+01 2.05350894e+00
 1.00000000e+01 1.50000000e+01 2.05907093e+00
 1.10000000e+01 1.50000000e+01 2.06454617e+00
 1.20000000e+01 1.50000000e+01 2.06993437e+00
 1.30000000e+01 1.50000000e+01 2.07523524e+00
 1.40000000e+01 1.50000000e+01 2.08044849e+00
 1.50000000e+01 1.50000000e+01 2.08557384e+00
 1.60000000e+01 1.50000000e+01 2.09061101e+00
 1.70000000e+01 1.50000000e+01 2.09555969e+00
 1.80000000e+01 1.50000000e+01 2.10041961e+00
 1.90000000e+01 1.50000000e+01 2.10519047e+00
 2.00000000e+01 1.50000000e+01 2.10987200e+00
 2.10000000e+01 1.50000000e+01 2.11446390e+00
 2.20000000e+01 1.50000000e+01 2.11896588e+00
 2.30000000e+01 1.50000000e+01 2.12337765e+00
 2.40000000e+01 1.50000000e+01 2.12769894e+00
 2.50000000e+01 1.50000000e+01 2.13192945e+00
 2.60000000e+01 1.50000000e+01 2.13606889e+00
 2.70000000e+01 1.50000000e+01 2.14011698e+00
 2.80000000e+01 1.50000000e+01 2.14407342e+00
 2.90000000e+01 1.50000000e+01 2.14793794e+00
 3.00000000e+01 1.50000000e+01 2.15171024e+00
 3.10000000e+01 1.50000000e+01 2.15539004e+00
 3.20000000e+01 1.50000000e+01 2.15897705e+00
 3.30000000e+01 1.50000000e+01 2.16247097e+00
 3.40000000e+01 1.50000000e+01 2.16587153e+00
 3.50000000e+01 1.50000000e+01 2.16917844e+00
 3.60000000e+01 1.50000000e+01 2.17239140e+00
 3.70000000e+01 1.50000000e+01 2.17551014e+00
 3.80000000e+01 1.50000000e+01 2.17853436e+00
 3.90000000e+01 1.50000000e+01 2.18146377e+00
 4.00000000e+01 1.50000000e+01 2.18429809e+00
 4.10000000e+01 1.50000000e+01 2.18703703e+00
 4.20000000e+01 1.50000000e+01 2.18968031e+00
 4.30000000e+01 1.50000000e+01 2.19222762e+00
 4.40000000e+01 1.50000000e+01 2.19467870e+00
 4.50000000e+01 1.50000000e+01 2.19703325e+00
 4.60000000e+01 1.50000000e+01 2.19929098e+00
 4.70000000e+01 1.50000000e+01 2.20145160e+00
 4.80000000e+01 1.50000000e+01 2.20351483e+00
 4.90000000e+01 1.50000000e+01 2.20548038e+00
 5.00000000e+01 1.50000000e+01 2.20734797e+00
 5.10000000e+01 1.50000000e+01 2.20605312e+00
 5.20000000e+01 1.50000000e+01 2.20772380e+00
 5.30000000e+01 1.50000000e+01 2.20929608e+00
 5.40000000e+01 1.50000000e+01 2.21077005e+00
 5.50000000e+01 1.50000000e+01 2.21214580e+00
 5.60000000e+01 1.50000000e+01 2.21342343e+00
 5.70000000e+01 1.50000000e+01 2.21460303e+00
 5.80000000e+01 1.50000000e+01 2.21568468e+00
 5.90000000e+01 1.50000000e+01 2.21666848e+00
 6.00000000e+01 1.50000000e+01 2.21755452e+00
 6.10000000e+01 1.50000000e+01 2.21834290e+00
 6.20000000e+01 1.50000000e+01 2.21903369e+00
 6.30000000e+01 1.50000000e+01 2.21962700e+00
 6.40000000e+01 1.50000000e+01 2.22012291e+00
 6.50000000e+01 1.50000000e+01 2.22052152e+00
 6.60000000e+01 1.50000000e+01 2.22082291e+00
 6.70000000e+01 1.50000000e+01 2.22102718e+00
 6.80000000e+01 1.50000000e+01 2.22113442e+00
 6.90000000e+01 1.50000000e+01 2.22114472e+00
 7.00000000e+01 1.50000000e+01 2.22105817e+00
 7.10000000e+01 1.50000000e+01 2.22087486e+00
 7.20000000e+01 1.50000000e+01 2.22059488e+00
 7.30000000e+01 1.50000000e+01 2.22021833e+00
 7.40000000e+01 1.50000000e+01 2.21974529e+00
 7.50000000e+01 1.50000000e+01 2.21917586e+00
 7.60000000e+01 1.50000000e+01 2.21851013e+00
 7.70000000e+01 1.50000000e+01 2.21774818e+00
 7.80000000e+01 1.50000000e+01 2.21689011e+00
 7.90000000e+01 1.50000000e+01 2.21593602e+00
 8.00000000e+01 1.50000000e+01 2.21488598e+00
 8.10000000e+01 1.50000000e+01 2.21374010e+00
 8.20000000e+01 1.50000000e+01 2.21249846e+00
 8.30000000e+01 1.50000000e+01 2.21116115e+00
 8.40000000e+01 1.50000000e+01 2.20972828e+00
 8.50000000e+01 1.50000000e+01 2.20819991e+00
 8.60000000e+01 1.50000000e+01 2.20657616e+00
 8.70000000e+01 1.50000000e+01 2.20485711e+00
 8.80000000e+01 1.50000000e+01 2.20304284e+00
 8.90000000e+01 1.50000000e+01 2.20113346e+00
 9.00000000e+01 1.50000000e+01 2.19912905e+00
 9.10000000e+01 1.50000000e+01 2.19702970e+00
 9.20000000e+01 1.50000000e+01 2.19483550e+00
 9.30000000e+01 1.50000000e+01 2.19254656e+00
 9.40000000e+01 1.50000000e+01 2.19016294e+00
 9.50000000e+01 1.50000000e+01 2.18768476e+00
 9.60000000e+01 1.50000000e+01 2.18511210e+00
 9.70000000e+01 1.50000000e+01 2.18244504e+00
 9.80000000e+01 1.50000000e+01 2.17968369e+00
 9.90000000e+01 1.50000000e+01 2.17682812e+00
 1.00000000e+02 1.50000000e+01 2.17387845e+00
 1.01000000e+02 1.50000000e+01 2.14584034e+00
 1.02000000e+02 1.50000000e+01 2.14270316e+00
 1.03000000e+02 1.50000000e+01 2.13947310e+00
 1.04000000e+02 1.50000000e+01 2.13615099e+00
 1.05000000e+02 1.50000000e+01 2.13273768e+00
 1.06000000e+02 1.50000000e+01 2.12923400e+00
 1.07000000e+02 1.50000000e+01 2.12564079e+00
 1.08000000e+02 1.50000000e+01 2.12195890e+00
 1.09000000e+02 1.50000000e+01 2.11818915e+00
 1.10000000e+02 1.50000000e+01 2.11433239e+00
 1.11000000e+02 1.50000000e+01 2.11038946e+00
 1.12000000e+02 1.50000000e+01 2.10636119e+00
 1.13000000e+02 1.50000000e+01 2.10224842e+00
 1.14000000e+02 1.50000000e+01 2.09805200e+00
 1.15000000e+02 1.50000000e+01 2.09377276e+00
 1.16000000e+02 1.50000000e+01 2.08941154e+00
 1.17000000e+02 1.50000000e+01 2.08496917e+00
 1.18000000e+02 1.50000000e+01 2.08044650e+00
 1.19000000e+02 1.50000000e+01 2.07584437e+00
 1.20000000e+02 1.50000000e+01 2.07116361e+00
 1.21000000e+02 1.50000000e+01 2.06640506e+00
 1.22000000e+02 1.50000000e+01 2.06156957e+00
 1.23000000e+02 1.50000000e+01 2.05665796e+00
 1.24000000e+02 1.50000000e+01 2.05167108e+00
 1.25000000e+02 1.50000000e+01 2.04660977e+00
 1.26000000e+02 1.50000000e+01 2.04147486e+00
 1.27000000e+02 1.50000000e+01 2.03626720e+00
 1.28000000e+02 1.50000000e+01 2.03098762e+00
 1.29000000e+02 1.50000000e+01 2.02563696e+00
 1.30000000e+02 1.50000000e+01 2.02021606e+00
 1.31000000e+02 1.50000000e+01 2.01472576e+00
 1.32000000e+02 1.50000000e+01 2.00916689e+00
 1.33000000e+02 1.50000000e+01 2.00354030e+00
 1.34000000e+02 1.50000000e+01 1.99784683e+00
 1.35000000e+02 1.50000000e+01 1.99208731e+00
 1.36000000e+02 1.50000000e+01 1.98626257e+00
 1.37000000e+02 1.50000000e+01 1.98037347e+00
 1.38000000e+02 1.50000000e+01 1.97442084e+00
 1.39000000e+02 1.50000000e+01 1.96840551e+00
 1.40000000e+02 1.50000000e+01 1.96232833e+00
 1.41000000e+02 1.50000000e+01 1.95619014e+00
 1.42000000e+02 1.50000000e+01 1.94999176e+00
 1.43000000e+02 1.50000000e+01 1.94373405e+00
 1.44000000e+02 1.50000000e+01 1.93741784e+00
 1.45000000e+02 1.50000000e+01 1.93104397e+00
 1.46000000e+02 1.50000000e+01 1.92461327e+00
 1.47000000e+02 1.50000000e+01 1.91812659e+00
 1.48000000e+02 1.50000000e+01 1.91158476e+00
 1.49000000e+02 1.50000000e+01 1.90498863e+00
 1.50000000e+02 1.50000000e+01 1.89833903e+00
 1.51000000e+02 1.50000000e+01 1.90141982e+00
 1.52000000e+02 1.50000000e+01 1.89466574e+00
 1.53000000e+02 1.50000000e+01 1.88786081e+00
 1.54000000e+02 1.50000000e+01 1.88100594e+00
 1.55000000e+02 1.50000000e+01 1.87410202e+00
 1.56000000e+02 1.50000000e+01 1.86714997e+00
 1.57000000e+02 1.50000000e+01 1.86015070e+00
 1.58000000e+02 1.50000000e+01 1.85310511e+00
 1.59000000e+02 1.50000000e+01 1.84601410e+00
 1.60000000e+02 1.50000000e+01 1.83887860e+00
 1.61000000e+02 1.50000000e+01 1.83169949e+00
 1.62000000e+02 1.50000000e+01 1.82447770e+00
 1.63000000e+02 1.50000000e+01 1.81721413e+00
 1.64000000e+02 1.50000000e+01 1.80990969e+00
 1.65000000e+02 1.50000000e+01 1.80256527e+00
 1.66000000e+02 1.50000000e+01 1.79518180e+00
 1.67000000e+02 1.50000000e+01 1.78776018e+00
 1.68000000e+02 1.50000000e+01 1.78030131e+00
 1.69000000e+02 1.50000000e+01 1.77280610e+00
 1.70000000e+02 1.50000000e+01 1.76527546e+00
 1.71000000e+02 1.50000000e+01 1.75771030e+00
 1.72000000e+02 1.50000000e+01 1.75011153e+00
 1.73000000e+02 1.50000000e+01 1.74248004e+00
 1.74000000e+02 1.50000000e+01 1.73481676e+00
 1.75000000e+02 1.50000000e+01 1.72712258e+00
 1.76000000e+02 1.50000000e+01 1.71939842e+00
 1.77000000e+02 1.50000000e+01 1.71164517e+00
 1.78000000e+02 1.50000000e+01 1.70386376e+00
 1.79000000e+02 1.50000000e+01 1.69605508e+00
 1.80000000e+02 1.50000000e+01 1.68822004e+00
 1.81000000e+02 1.50000000e+01 1.68035955e+00
 1.82000000e+02 1.50000000e+01 1.67247452e+00
 1.83000000e+02 1.50000000e+01 1.66456586e+00
 1.84000000e+02 1.50000000e+01 1.65663446e+00
 1.85000000e+02 1.50000000e+01 1.64868125e+00
 1.86000000e+02 1.50000000e+01 1.64070712e+00
 1.87000000e+02 1.50000000e+01 1.63271299e+00
 1.88000000e+02 1.50000000e+01 1.62469976e+00
 1.89000000e+02 1.50000000e+01 1.61666833e+00
 1.90000000e+02 1.50000000e+01 1.60861962e+00
 1.91000000e+02 1.50000000e+01 1.60055454e+00
 1.92000000e+02 1.50000000e+01 1.59247398e+00
 1.93000000e+02 1.50000000e+01 1.58437887e+00
 1.94000000e+02 1.50000000e+01 1.57627010e+00
 1.95000000e+02 1.50000000e+01 1.56814858e+00
 1.96000000e+02 1.50000000e+01 1.56001522e+00
 1.97000000e+02 1.50000000e+01 1.55187092e+00
 1.98000000e+02 1.50000000e+01 1.54371661e+00
 1.99000000e+02 1.50000000e+01 1.53555317e+00
 2.00000000e+02 1.50000000e+01 1.52738152e+00
 2.01000000e+02 1.50000000e+01 1.58147091e+00
 2.02000000e+02 1.50000000e+01 1.57328624e+00
 2.03000000e+02 1.50000000e+01 1.56509470e+00
 2.04000000e+02 1.50000000e+01 1.55689631e+00
 2.05000000e+02 1.50000000e+01 1.54869109e+00
 2.06000000e+02 1.50000000e+01 1.54047908e+00
 2.07000000e+02 1.50000000e+01 1.53226028e+00
 2.08000000e+02 1.50000000e+01 1.52403474e+00
 2.09000000e+02 1.50000000e+01 1.51580248e+00
 2.10000000e+02 1.50000000e+01 1.50756351e+00
 2.11000000e+02 1.50000000e+01 1.49931788e+00
 2.12000000e+02 1.50000000e+01 1.49106559e+00
 2.13000000e+02 1.50000000e+01 1.48280668e+00
 2.14000000e+02 1.50000000e+01 1.47454117e+00
 2.15000000e+02 1.50000000e+01 1.46626909e+00
 2.16000000e+02 1.50000000e+01 1.45799046e+00
 2.17000000e+02 1.50000000e+01 1.44970531e+00
 2.18000000e+02 1.50000000e+01 1.44141366e+00
 2.19000000e+02 1.50000000e+01 1.43311554e+00
 2.20000000e+02 1.50000000e+01 1.42481098e+00
 2.21000000e+02 1.50000000e+01 1.41649999e+00
 2.22000000e+02 1.50000000e+01 1.40818260e+00
 2.23000000e+02 1.50000000e+01 1.39985884e+00
 2.24000000e+02 1.50000000e+01 1.39152874e+00
 2.25000000e+02 1.50000000e+01 1.38319232e+00
 2.26000000e+02 1.50000000e+01 1.37484960e+00
 2.27000000e+02 1.50000000e+01 1.36650061e+00
 2.28000000e+02 1.50000000e+01 1.35814537e+00
 2.29000000e+02 1.50000000e+01 1.34978392e+00
 2.30000000e+02 1.50000000e+01 1.34141627e+00
 2.31000000e+02 1.50000000e+01 1.33304245e+00
 2.32000000e+02 1.50000000e+01 1.32466249e+00
 2.33000000e+02 1.50000000e+01 1.31627640e+00
 2.34000000e+02 1.50000000e+01 1.30788423e+00
 2.35000000e+02 1.50000000e+01 1.29948598e+00
 2.36000000e+02 1.50000000e+01 1.29108169e+00
 2.37000000e+02 1.50000000e+01 1.28267138e+00
 2.38000000e+02 1.50000000e+01 1.27425508e+00
 2.39000000e+02 1.50000000e+01 1.26583281e+00
 2.40000000e+02 1.50000000e+01 1.25740460e+00
 2.41000000e+02 1.50000000e+01 1.24897047e+00
 2.42000000e+02 1.50000000e+01 1.24053045e+00
 2.43000000e+02 1.50000000e+01 1.23208456e+00
 2.44000000e+02 1.50000000e+01 1.22363283e+00
 2.45000000e+02 1.50000000e+01 1.21517528e+00
 2.46000000e+02 1.50000000e+01 1.20671195e+00
 2.47000000e+02 1.50000000e+01 1.19824284e+00
 2.48000000e+02 1.50000000e+01 1.18976799e+00
 2.49000000e+02 1.50000000e+01 1.18128743e+00
 2.50000000e+02 1.50000000e+01 1.17280118e+00
 2.51000000e+02 1.50000000e+01 1.16425344e+00
 2.52000000e+02 1.50000000e+01 1.15575599e+00
 2.53000000e+02 1.50000000e+01 1.14725308e+00
 2.54000000e+02 1.50000000e+01 1.13874482e+00
 2.55000000e+02 1.50000000e+01 1.13023132e+00
 2.56000000e+02 1.50000000e+01 1.12171269e+00
 2.57000000e+02 1.50000000e+01 1.11318906e+00
 2.58000000e+02 1.50000000e+01 1.10466052e+00
 2.59000000e+02 1.50000000e+01 1.09612720e+00
 2.60000000e+02 1.50000000e+01 1.08758920e+00
 2.61000000e+02 1.50000000e+01 1.07904665e+00
 2.62000000e+02 1.50000000e+01 1.07049964e+00
 2.63000000e+02 1.50000000e+01 1.06194831e+00
 2.64000000e+02 1.50000000e+01 1.05339275e+00
 2.65000000e+02 1.50000000e+01 1.04483309e+00
 2.66000000e+02 1.50000000e+01 1.03626943e+00
 2.67000000e+02 1.50000000e+01 1.02770189e+00
 2.68000000e+02 1.50000000e+01 1.01913058e+00
 2.69000000e+02 1.50000000e+01 1.01055561e+00
 2.70000000e+02 1.50000000e+01 1.00197711e+00
 2.71000000e+02 1.50000000e+01 9.93395171e-01
 2.72000000e+02 1.50000000e+01 9.84809918e-01
 2.73000000e+02 1.50000000e+01 9.76221463e-01
 2.74000000e+02 1.50000000e+01 9.67629918e-01
 2.75000000e+02 1.50000000e+01 9.59035395e-01
 2.76000000e+02 1.50000000e+01 9.50438009e-01
 2.77000000e+02 1.50000000e+01 9.41837872e-01
 2.78000000e+02 1.50000000e+01 9.33235097e-01
 2.79000000e+02 1.50000000e+01 9.24629798e-01
 2.80000000e+02 1.50000000e+01 9.16022086e-01
 2.81000000e+02 1.50000000e+01 9.07412076e-01
 2.82000000e+02 1.50000000e+01 8.98799881e-01
 2.83000000e+02 1.50000000e+01 8.90185613e-01
 2.84000000e+02 1.50000000e+01 8.81569386e-01
 2.85000000e+02 1.50000000e+01 8.72951313e-01
 2.86000000e+02 1.50000000e+01 8.64331506e-01
 2.87000000e+02 1.50000000e+01 8.55710079e-01
 2.88000000e+02 1.50000000e+01 8.47087146e-01
 2.89000000e+02 1.50000000e+01 8.38462818e-01
 2.90000000e+02 1.50000000e+01 8.29837209e-01
 2.91000000e+02 1.50000000e+01 8.21210432e-01
 2.92000000e+02 1.50000000e+01 8.12582600e-01
 2.93000000e+02 1.50000000e+01 8.03953827e-01
 2.94000000e+02 1.50000000e+01 7.95324225e-01
 2.95000000e+02 1.50000000e+01 7.86693907e-01
 2.96000000e+02 1.50000000e+01 7.78062987e-01
 2.97000000e+02 1.50000000e+01 7.69431577e-01
 2.98000000e+02 1.50000000e+01 7.60799791e-01
 2.99000000e+02 1.50000000e+01 7.52167741e-01
 3.00000000e+02 1.50000000e+01 7.43535542e-01
 3.01000000e+02 1.50000000e+01 1.32963631e+00
 3.02000000e+02 1.50000000e+01 1.32813477e+00
 3.03000000e+02 1.50000000e+01 1.32660353e+00
 3.04000000e+02 1.50000000e+01 1.32504267e+00
 3.05000000e+02 1.50000000e+01 1.32345229e+00
 3.06000000e+02 1.50000000e+01 1.32183247e+00
 3.07000000e+02 1.50000000e+01 1.32018332e+00
 3.08000000e+02 1.50000000e+01 1.31850491e+00
 3.09000000e+02 1.50000000e+01 1.31679735e+00
 3.10000000e+02 1.50000000e+01 1.31506071e+00
 3.11000000e+02 1.50000000e+01 1.31329511e+00
 3.12000000e+02 1.50000000e+01 1.31150061e+00
 3.13000000e+02 1.50000000e+01 1.30967733e+00
 3.14000000e+02 1.50000000e+01 1.30782534e+00
 3.15000000e+02 1.50000000e+01 1.30594474e+00
 3.16000000e+02 1.50000000e+01 1.30403562e+00
 3.17000000e+02 1.50000000e+01 1.30209807e+00
 3.18000000e+02 1.50000000e+01 1.30013219e+00
 3.19000000e+02 1.50000000e+01 1.29813806e+00
 3.20000000e+02 1.50000000e+01 1.29611577e+00
 3.21000000e+02 1.50000000e+01 1.29406542e+00
 3.22000000e+02 1.50000000e+01 1.29198710e+00
 3.23000000e+02 1.50000000e+01 1.28988090e+00
 3.24000000e+02 1.50000000e+01 1.28774691e+00
 3.25000000e+02 1.50000000e+01 1.28558522e+00
 3.26000000e+02 1.50000000e+01 1.28339593e+00
 3.27000000e+02 1.50000000e+01 1.28117912e+00
 3.28000000e+02 1.50000000e+01 1.27893489e+00
 3.29000000e+02 1.50000000e+01 1.27666332e+00
 3.30000000e+02 1.50000000e+01 1.27436451e+00
 3.31000000e+02 1.50000000e+01 1.27203855e+00
 3.32000000e+02 1.50000000e+01 1.26968553e+00
 3.33000000e+02 1.50000000e+01 1.26730555e+00
 3.34000000e+02 1.50000000e+01 1.26489868e+00
 3.35000000e+02 1.50000000e+01 1.26246504e+00
 3.36000000e+02 1.50000000e+01 1.26000470e+00
 3.37000000e+02 1.50000000e+01 1.25751775e+00
 3.38000000e+02 1.50000000e+01 1.25500430e+00
 3.39000000e+02 1.50000000e+01 1.25246442e+00
 3.40000000e+02 1.50000000e+01 1.24989822e+00
 3.41000000e+02 1.50000000e+01 1.24730578e+00
 3.42000000e+02 1.50000000e+01 1.24468719e+00
 3.43000000e+02 1.50000000e+01 1.24204255e+00
 3.44000000e+02 1.50000000e+01 1.23937194e+00
 3.45000000e+02 1.50000000e+01 1.23667547e+00
 3.46000000e+02 1.50000000e+01 1.23395321e+00
 3.47000000e+02 1.50000000e+01 1.23120526e+00
 3.48000000e+02 1.50000000e+01 1.22843171e+00
 3.49000000e+02 1.50000000e+01 1.22563266e+00
 3.50000000e+02 1.50000000e+01 1.22549500e+00
 3.51000000e+02 1.50000000e+01 1.22247869e+00
 3.52000000e+02 1.50000000e+01 1.21944574e+00
 3.53000000e+02 1.50000000e+01 1.21639814e+00
 3.54000000e+02 1.50000000e+01 1.21333785e+00
 3.55000000e+02 1.50000000e+01 1.21026687e+00
 3.56000000e+02 1.50000000e+01 1.20718717e+00
 3.57000000e+02 1.50000000e+01 1.20410074e+00
 3.58000000e+02 1.50000000e+01 1.20100954e+00
 3.59000000e+02 1.50000000e+01 1.19791557e+00
 3.60000000e+02 1.50000000e+01 1.19482079e+00
 3.61000000e+02 1.50000000e+01 1.19172720e+00
 3.62000000e+02 1.50000000e+01 1.18863677e+00
 3.63000000e+02 1.50000000e+01 1.18555148e+00
 3.64000000e+02 1.50000000e+01 1.18247331e+00
 3.65000000e+02 1.50000000e+01 1.17940424e+00
 3.66000000e+02 1.50000000e+01 1.17634625e+00
 3.67000000e+02 1.50000000e+01 1.17330133e+00
 3.68000000e+02 1.50000000e+01 1.17027144e+00
 3.69000000e+02 1.50000000e+01 1.16725857e+00
 3.70000000e+02 1.50000000e+01 1.16426470e+00
 3.71000000e+02 1.50000000e+01 1.16129181e+00
 3.72000000e+02 1.50000000e+01 1.15834188e+00
 3.73000000e+02 1.50000000e+01 1.15541689e+00
 3.74000000e+02 1.50000000e+01 1.15251881e+00
 3.75000000e+02 1.50000000e+01 1.14964964e+00
 3.76000000e+02 1.50000000e+01 1.14681134e+00
 3.77000000e+02 1.50000000e+01 1.14400590e+00
 3.78000000e+02 1.50000000e+01 1.14123530e+00
 3.79000000e+02 1.50000000e+01 1.13850152e+00
 3.80000000e+02 1.50000000e+01 1.13580653e+00
 3.81000000e+02 1.50000000e+01 1.13315233e+00
 3.82000000e+02 1.50000000e+01 1.13054088e+00
 3.83000000e+02 1.50000000e+01 1.12797416e+00
 3.84000000e+02 1.50000000e+01 1.12545417e+00
 3.85000000e+02 1.50000000e+01 1.12298287e+00
 3.86000000e+02 1.50000000e+01 1.12056225e+00
 3.87000000e+02 1.50000000e+01 1.11819428e+00
 3.88000000e+02 1.50000000e+01 1.11588095e+00
 3.89000000e+02 1.50000000e+01 1.11362423e+00
 3.90000000e+02 1.50000000e+01 1.11142611e+00
 3.91000000e+02 1.50000000e+01 1.10928857e+00
 3.92000000e+02 1.50000000e+01 1.10721358e+00
 3.93000000e+02 1.50000000e+01 1.10520313e+00
 3.94000000e+02 1.50000000e+01 1.10325919e+00
 3.95000000e+02 1.50000000e+01 1.10138375e+00
 3.96000000e+02 1.50000000e+01 1.09957878e+00
 3.97000000e+02 1.50000000e+01 1.09784627e+00
 3.98000000e+02 1.50000000e+01 1.09618819e+00
 3.99000000e+02 1.50000000e+01 1.09460652e+00
 4.00000000e+02 1.50000000e+01 1.03645175e+00
 4.01000000e+02 1.50000000e+01 1.03502837e+00
 4.02000000e+02 1.50000000e+01 1.03368583e+00
 4.03000000e+02 1.50000000e+01 1.03242480e+00
 4.04000000e+02 1.50000000e+01 1.03124592e+00
 4.05000000e+02 1.50000000e+01 1.03014985e+00
 4.06000000e+02 1.50000000e+01 1.02913725e+00
 4.07000000e+02 1.50000000e+01 1.02820878e+00
 4.08000000e+02 1.50000000e+01 1.02736510e+00
 4.09000000e+02 1.50000000e+01 1.02660685e+00
 4.10000000e+02 1.50000000e+01 1.02593470e+00
 4.11000000e+02 1.50000000e+01 1.02534931e+00
 4.12000000e+02 1.50000000e+01 1.02485133e+00
 4.13000000e+02 1.50000000e+01 1.02444142e+00
 4.14000000e+02 1.50000000e+01 1.02412023e+00
 4.15000000e+02 1.50000000e+01 1.02388843e+00
 4.16000000e+02 1.50000000e+01 1.02374666e+00
 4.17000000e+02 1.50000000e+01 1.02369560e+00
 4.18000000e+02 1.50000000e+01 1.02373588e+00
 4.19000000e+02 1.50000000e+01 1.02386818e+00
 4.20000000e+02 1.50000000e+01 1.02409315e+00
 4.21000000e+02 1.50000000e+01 1.02441144e+00
 4.22000000e+02 1.50000000e+01 1.02482372e+00
 4.23000000e+02 1.50000000e+01 1.02533063e+00
 4.24000000e+02 1.50000000e+01 1.02593284e+00
 4.25000000e+02 1.50000000e+01 1.02663100e+00
 4.26000000e+02 1.50000000e+01 1.02742577e+00
 4.27000000e+02 1.50000000e+01 1.02831781e+00
 4.28000000e+02 1.50000000e+01 1.02930777e+00
 4.29000000e+02 1.50000000e+01 1.03039631e+00
 4.30000000e+02 1.50000000e+01 1.03158410e+00
 4.31000000e+02 1.50000000e+01 1.03287177e+00
 4.32000000e+02 1.50000000e+01 1.03426000e+00
 4.33000000e+02 1.50000000e+01 1.03574944e+00
 4.34000000e+02 1.50000000e+01 1.03734074e+00
 4.35000000e+02 1.50000000e+01 1.03903457e+00
 4.36000000e+02 1.50000000e+01 1.04083158e+00
 4.37000000e+02 1.50000000e+01 1.04273242e+00
 4.38000000e+02 1.50000000e+01 1.04473776e+00
 4.39000000e+02 1.50000000e+01 1.04684825e+00
 4.40000000e+02 1.50000000e+01 1.04906455e+00
 4.41000000e+02 1.50000000e+01 1.05138731e+00
 4.42000000e+02 1.50000000e+01 1.05381720e+00
 4.43000000e+02 1.50000000e+01 1.05635486e+00
 4.44000000e+02 1.50000000e+01 1.05900096e+00
 4.45000000e+02 1.50000000e+01 1.06175615e+00
 4.46000000e+02 1.50000000e+01 1.06462110e+00
 4.47000000e+02 1.50000000e+01 1.06759645e+00
 4.48000000e+02 1.50000000e+01 1.07068286e+00
 4.49000000e+02 1.50000000e+01 1.07388100e+00
 4.50000000e+02 1.50000000e+01 1.05680077e+00
 4.51000000e+02 1.50000000e+01 1.06022414e+00
 4.52000000e+02 1.50000000e+01 1.06375607e+00
 4.53000000e+02 1.50000000e+01 1.06739323e+00
 4.54000000e+02 1.50000000e+01 1.07113230e+00
 4.55000000e+02 1.50000000e+01 1.07496993e+00
 4.56000000e+02 1.50000000e+01 1.07890281e+00
 4.57000000e+02 1.50000000e+01 1.08292760e+00
 4.58000000e+02 1.50000000e+01 1.08704096e+00
 4.59000000e+02 1.50000000e+01 1.09123957e+00
 4.60000000e+02 1.50000000e+01 1.09552010e+00
 4.61000000e+02 1.50000000e+01 1.09987921e+00
 4.62000000e+02 1.50000000e+01 1.10431358e+00
 4.63000000e+02 1.50000000e+01 1.10881987e+00
 4.64000000e+02 1.50000000e+01 1.11339475e+00
 4.65000000e+02 1.50000000e+01 1.11803489e+00
 4.66000000e+02 1.50000000e+01 1.12273696e+00
 4.67000000e+02 1.50000000e+01 1.12749762e+00
 4.68000000e+02 1.50000000e+01 1.13231356e+00
 4.69000000e+02 1.50000000e+01 1.13718143e+00
 4.70000000e+02 1.50000000e+01 1.14209791e+00
 4.71000000e+02 1.50000000e+01 1.14705966e+00
 4.72000000e+02 1.50000000e+01 1.15206335e+00
 4.73000000e+02 1.50000000e+01 1.15710566e+00
 4.74000000e+02 1.50000000e+01 1.16218324e+00
 4.75000000e+02 1.50000000e+01 1.16729278e+00
 4.76000000e+02 1.50000000e+01 1.17243093e+00
 4.77000000e+02 1.50000000e+01 1.17759438e+00
 4.78000000e+02 1.50000000e+01 1.18277977e+00
 4.79000000e+02 1.50000000e+01 1.18798380e+00
 4.80000000e+02 1.50000000e+01 1.19320312e+00
 4.81000000e+02 1.50000000e+01 1.19843440e+00
 4.82000000e+02 1.50000000e+01 1.20367431e+00
 4.83000000e+02 1.50000000e+01 1.20891952e+00
 4.84000000e+02 1.50000000e+01 1.21416671e+00
 4.85000000e+02 1.50000000e+01 1.21941253e+00
 4.86000000e+02 1.50000000e+01 1.22465366e+00
 4.87000000e+02 1.50000000e+01 1.22988677e+00
 4.88000000e+02 1.50000000e+01 1.23510852e+00
 4.89000000e+02 1.50000000e+01 1.24031559e+00
 4.90000000e+02 1.50000000e+01 1.24550464e+00
 4.91000000e+02 1.50000000e+01 1.25067234e+00
 4.92000000e+02 1.50000000e+01 1.25581536e+00
 4.93000000e+02 1.50000000e+01 1.26093038e+00
 4.94000000e+02 1.50000000e+01 1.26601405e+00
 4.95000000e+02 1.50000000e+01 1.27106305e+00
 4.96000000e+02 1.50000000e+01 1.27607405e+00
 4.97000000e+02 1.50000000e+01 1.28104371e+00
 4.98000000e+02 1.50000000e+01 1.28596871e+00
 4.99000000e+02 1.50000000e+01 1.29084571e+00
 5.00000000e+02 1.50000000e+01 1.32496528e+00
 5.01000000e+02 1.50000000e+01 1.32971959e+00
 5.02000000e+02 1.50000000e+01 1.33442267e+00
 5.03000000e+02 1.50000000e+01 1.33907590e+00
 5.04000000e+02 1.50000000e+01 1.34368068e+00
 5.05000000e+02 1.50000000e+01 1.34823841e+00
 5.06000000e+02 1.50000000e+01 1.35275047e+00
 5.07000000e+02 1.50000000e+01 1.35721828e+00
 5.08000000e+02 1.50000000e+01 1.36164320e+00
 5.09000000e+02 1.50000000e+01 1.36602666e+00
 5.10000000e+02 1.50000000e+01 1.37037003e+00
 5.11000000e+02 1.50000000e+01 1.37467471e+00
 5.12000000e+02 1.50000000e+01 1.37894210e+00
 5.13000000e+02 1.50000000e+01 1.38317360e+00
 5.14000000e+02 1.50000000e+01 1.38737058e+00
 5.15000000e+02 1.50000000e+01 1.39153446e+00
 5.16000000e+02 1.50000000e+01 1.39566663e+00
 5.17000000e+02 1.50000000e+01 1.39976848e+00
 5.18000000e+02 1.50000000e+01 1.40384140e+00
 5.19000000e+02 1.50000000e+01 1.40788679e+00
 5.20000000e+02 1.50000000e+01 1.41190604e+00
 5.21000000e+02 1.50000000e+01 1.41590055e+00
 5.22000000e+02 1.50000000e+01 1.41987172e+00
 5.23000000e+02 1.50000000e+01 1.42382093e+00
 5.24000000e+02 1.50000000e+01 1.42774959e+00
 5.25000000e+02 1.50000000e+01 1.43165908e+00
 5.26000000e+02 1.50000000e+01 1.43555081e+00
 5.27000000e+02 1.50000000e+01 1.43942616e+00
 5.28000000e+02 1.50000000e+01 1.44328653e+00
 5.29000000e+02 1.50000000e+01 1.44713332e+00
 5.30000000e+02 1.50000000e+01 1.45096792e+00
 5.31000000e+02 1.50000000e+01 1.45479172e+00
 5.32000000e+02 1.50000000e+01 1.45860612e+00
 5.33000000e+02 1.50000000e+01 1.46241252e+00
 5.34000000e+02 1.50000000e+01 1.46621230e+00
 5.35000000e+02 1.50000000e+01 1.47000687e+00
 5.36000000e+02 1.50000000e+01 1.47379761e+00
 5.37000000e+02 1.50000000e+01 1.47758593e+00
 5.38000000e+02 1.50000000e+01 1.48137321e+00
 5.39000000e+02 1.50000000e+01 1.48516085e+00
 5.40000000e+02 1.50000000e+01 1.48895025e+00
 5.41000000e+02 1.50000000e+01 1.49274281e+00
 5.42000000e+02 1.50000000e+01 1.49653990e+00
 5.43000000e+02 1.50000000e+01 1.50034294e+00
 5.44000000e+02 1.50000000e+01 1.50415331e+00
 5.45000000e+02 1.50000000e+01 1.50797241e+00
 5.46000000e+02 1.50000000e+01 1.51180163e+00
 5.47000000e+02 1.50000000e+01 1.51564237e+00
 5.48000000e+02 1.50000000e+01 1.51949603e+00
 5.49000000e+02 1.50000000e+01 1.52336399e+00
 5.50000000e+02 1.50000000e+01 1.45717503e+00
 5.51000000e+02 1.50000000e+01 1.46109295e+00
 5.52000000e+02 1.50000000e+01 1.46503464e+00
 5.53000000e+02 1.50000000e+01 1.46900483e+00
 5.54000000e+02 1.50000000e+01 1.47300829e+00
 5.55000000e+02 1.50000000e+01 1.47704976e+00
 5.56000000e+02 1.50000000e+01 1.48113399e+00
 5.57000000e+02 1.50000000e+01 1.48526574e+00
 5.58000000e+02 1.50000000e+01 1.48944974e+00
 5.59000000e+02 1.50000000e+01 1.49369076e+00
 5.60000000e+02 1.50000000e+01 1.49799354e+00
 5.61000000e+02 1.50000000e+01 1.50236283e+00
 5.62000000e+02 1.50000000e+01 1.50680337e+00
 5.63000000e+02 1.50000000e+01 1.51131993e+00
 5.64000000e+02 1.50000000e+01 1.51591725e+00
 5.65000000e+02 1.50000000e+01 1.52060008e+00
 5.66000000e+02 1.50000000e+01 1.52537317e+00
 5.67000000e+02 1.50000000e+01 1.53024127e+00
 5.68000000e+02 1.50000000e+01 1.53520912e+00
 5.69000000e+02 1.50000000e+01 1.54028149e+00
 5.70000000e+02 1.50000000e+01 1.54546311e+00
 5.71000000e+02 1.50000000e+01 1.55075874e+00
 5.72000000e+02 1.50000000e+01 1.55617313e+00
 5.73000000e+02 1.50000000e+01 1.56171102e+00
 5.74000000e+02 1.50000000e+01 1.56737718e+00
 5.75000000e+02 1.50000000e+01 1.57317634e+00
 5.76000000e+02 1.50000000e+01 1.57911325e+00
 5.77000000e+02 1.50000000e+01 1.58519268e+00
 5.78000000e+02 1.50000000e+01 1.59141936e+00
 5.79000000e+02 1.50000000e+01 1.59779804e+00
 5.80000000e+02 1.50000000e+01 1.60433348e+00
 5.81000000e+02 1.50000000e+01 1.61103043e+00
 5.82000000e+02 1.50000000e+01 1.61789363e+00
 5.83000000e+02 1.50000000e+01 1.62492784e+00
 5.84000000e+02 1.50000000e+01 1.63213780e+00
 5.85000000e+02 1.50000000e+01 1.63952826e+00
 5.86000000e+02 1.50000000e+01 1.64710398e+00
 5.87000000e+02 1.50000000e+01 1.65486971e+00
 5.88000000e+02 1.50000000e+01 1.66283019e+00
 5.89000000e+02 1.50000000e+01 1.67099017e+00
 5.90000000e+02 1.50000000e+01 1.67935440e+00
 5.91000000e+02 1.50000000e+01 1.68792764e+00
 5.92000000e+02 1.50000000e+01 1.69671463e+00
 5.93000000e+02 1.50000000e+01 1.70572012e+00
 5.94000000e+02 1.50000000e+01 1.71494886e+00
 5.95000000e+02 1.50000000e+01 1.72440561e+00
 5.96000000e+02 1.50000000e+01 1.73409511e+00
 5.97000000e+02 1.50000000e+01 1.74402211e+00
 5.98000000e+02 1.50000000e+01 1.75419135e+00
 5.99000000e+02 1.50000000e+01 1.76460761e+00
 6.00000000e+02 1.50000000e+01 1.71599290e+00
 6.01000000e+02 1.50000000e+01 1.72691747e+00
 6.02000000e+02 1.50000000e+01 1.73808979e+00
 6.03000000e+02 1.50000000e+01 1.74950675e+00
 6.04000000e+02 1.50000000e+01 1.76116522e+00
 6.05000000e+02 1.50000000e+01 1.77306208e+00
 6.06000000e+02 1.50000000e+01 1.78519421e+00
 6.07000000e+02 1.50000000e+01 1.79755848e+00
 6.08000000e+02 1.50000000e+01 1.81015178e+00
 6.09000000e+02 1.50000000e+01 1.82297098e+00
 6.10000000e+02 1.50000000e+01 1.83601295e+00
 6.11000000e+02 1.50000000e+01 1.84927458e+00
 6.12000000e+02 1.50000000e+01 1.86275275e+00
 6.13000000e+02 1.50000000e+01 1.87644433e+00
 6.14000000e+02 1.50000000e+01 1.89034620e+00
 6.15000000e+02 1.50000000e+01 1.90445524e+00
 6.16000000e+02 1.50000000e+01 1.91876832e+00
 6.17000000e+02 1.50000000e+01 1.93328233e+00
 6.18000000e+02 1.50000000e+01 1.94799415e+00
 6.19000000e+02 1.50000000e+01 1.96290064e+00
 6.20000000e+02 1.50000000e+01 1.97799869e+00
 6.21000000e+02 1.50000000e+01 1.99328517e+00
 6.22000000e+02 1.50000000e+01 2.00875697e+00
 6.23000000e+02 1.50000000e+01 2.02441097e+00
 6.24000000e+02 1.50000000e+01 2.04024403e+00
 6.25000000e+02 1.50000000e+01 2.05625304e+00
 6.26000000e+02 1.50000000e+01 2.07243487e+00
 6.27000000e+02 1.50000000e+01 2.08878641e+00
 6.28000000e+02 1.50000000e+01 2.10530453e+00
 6.29000000e+02 1.50000000e+01 2.12198611e+00
 6.30000000e+02 1.50000000e+01 2.13882803e+00
 6.31000000e+02 1.50000000e+01 2.15582716e+00
 6.32000000e+02 1.50000000e+01 2.17298039e+00
 6.33000000e+02 1.50000000e+01 2.19028458e+00
 6.34000000e+02 1.50000000e+01 2.20773663e+00
 6.35000000e+02 1.50000000e+01 2.22533340e+00
 6.36000000e+02 1.50000000e+01 2.24307178e+00
 6.37000000e+02 1.50000000e+01 2.26094864e+00
 6.38000000e+02 1.50000000e+01 2.27896086e+00
 6.39000000e+02 1.50000000e+01 2.29710532e+00
 6.40000000e+02 1.50000000e+01 2.31537890e+00
 6.41000000e+02 1.50000000e+01 2.33377847e+00
 6.42000000e+02 1.50000000e+01 2.35230091e+00
 6.43000000e+02 1.50000000e+01 2.37094311e+00
 6.44000000e+02 1.50000000e+01 2.38970193e+00
 6.45000000e+02 1.50000000e+01 2.40857426e+00
 6.46000000e+02 1.50000000e+01 2.42755697e+00
 6.47000000e+02 1.50000000e+01 2.44664694e+00
 6.48000000e+02 1.50000000e+01 2.46584106e+00
 6.49000000e+02 1.50000000e+01 2.48513619e+00
 6.50000000e+02 1.50000000e+01 2.66674614e+00
 6.51000000e+02 1.50000000e+01 2.68623383e+00
 6.52000000e+02 1.50000000e+01 2.70581593e+00
 6.53000000e+02 1.50000000e+01 2.72549080e+00
 6.54000000e+02 1.50000000e+01 2.74525679e+00
 6.55000000e+02 1.50000000e+01 2.76511228e+00
 6.56000000e+02 1.50000000e+01 2.78505561e+00
 6.57000000e+02 1.50000000e+01 2.80508515e+00
 6.58000000e+02 1.50000000e+01 2.82519927e+00
 6.59000000e+02 1.50000000e+01 2.84539632e+00
 6.60000000e+02 1.50000000e+01 2.86567466e+00
 6.61000000e+02 1.50000000e+01 2.88603266e+00
 6.62000000e+02 1.50000000e+01 2.90646868e+00
 6.63000000e+02 1.50000000e+01 2.92698107e+00
 6.64000000e+02 1.50000000e+01 2.94756820e+00
 6.65000000e+02 1.50000000e+01 2.96822843e+00
 6.66000000e+02 1.50000000e+01 2.98896012e+00
 6.67000000e+02 1.50000000e+01 3.00976163e+00
 6.68000000e+02 1.50000000e+01 3.03063132e+00
 6.69000000e+02 1.50000000e+01 3.05156755e+00
 6.70000000e+02 1.50000000e+01 3.07256869e+00
 6.71000000e+02 1.50000000e+01 3.09363310e+00
 6.72000000e+02 1.50000000e+01 3.11475913e+00
 6.73000000e+02 1.50000000e+01 3.13594515e+00
 6.74000000e+02 1.50000000e+01 3.15718952e+00
 6.75000000e+02 1.50000000e+01 3.17849060e+00
 6.76000000e+02 1.50000000e+01 3.19984674e+00
 6.77000000e+02 1.50000000e+01 3.22125632e+00
 6.78000000e+02 1.50000000e+01 3.24271770e+00
 6.79000000e+02 1.50000000e+01 3.26422922e+00
 6.80000000e+02 1.50000000e+01 3.28578926e+00
 6.81000000e+02 1.50000000e+01 3.30739618e+00
 6.82000000e+02 1.50000000e+01 3.32904833e+00
 6.83000000e+02 1.50000000e+01 3.35074408e+00
 6.84000000e+02 1.50000000e+01 3.37248179e+00
 6.85000000e+02 1.50000000e+01 3.39425982e+00
 6.86000000e+02 1.50000000e+01 3.41607653e+00
 6.87000000e+02 1.50000000e+01 3.43793028e+00
 6.88000000e+02 1.50000000e+01 3.45981944e+00
 6.89000000e+02 1.50000000e+01 3.48174236e+00
 6.90000000e+02 1.50000000e+01 3.50369740e+00
 6.91000000e+02 1.50000000e+01 3.52568293e+00
 6.92000000e+02 1.50000000e+01 3.54769731e+00
 6.93000000e+02 1.50000000e+01 3.56973889e+00
 6.94000000e+02 1.50000000e+01 3.59180605e+00
 6.95000000e+02 1.50000000e+01 3.61389713e+00
 6.96000000e+02 1.50000000e+01 3.63601051e+00
 6.97000000e+02 1.50000000e+01 3.65814454e+00
 6.98000000e+02 1.50000000e+01 3.68029758e+00
 6.99000000e+02 1.50000000e+01 3.70246800e+00
