 1.00000000e+00 3.00000000e+00 1.02114226e+00
 2.00000000e+00 3.00000000e+00 1.21835474e+00
 3.00000000e+00 3.00000000e+00 1.40802295e+00
 4.00000000e+00 3.00000000e+00 1.59021252e+00
 5.00000000e+00 3.00000000e+00 1.76498913e+00
 6.00000000e+00 3.00000000e+00 1.93241842e+00
 7.00000000e+00 3.00000000e+00 2.09256605e+00
 8.00000000e+00 3.00000000e+00 2.24549768e+00
 9.00000000e+00 3.00000000e+00 2.39127897e+00
 1.00000000e+01 3.00000000e+00 2.52997556e+00
 1.10000000e+01 3.00000000e+00 2.66165313e+00
 1.20000000e+01 3.00000000e+00 2.78637732e+00
 1.30000000e+01 3.00000000e+00 2.90421379e+00
 1.40000000e+01 3.00000000e+00 3.01522819e+00
 1.50000000e+01 3.00000000e+00 3.11948619e+00
 1.60000000e+01 3.00000000e+00 3.21705343e+00
 1.70000000e+01 3.00000000e+00 3.30799558e+00
 1.80000000e+01 3.00000000e+00 3.39237829e+00
 1.90000000e+01 3.00000000e+00 3.47026722e+00
 2.00000000e+01 3.00000000e+00 3.54172803e+00
 2.10000000e+01 3.00000000e+00 3.60682636e+00
 2.20000000e+01 3.00000000e+00 3.66562788e+00
 2.30000000e+01 3.00000000e+00 3.71819824e+00
 2.40000000e+01 3.00000000e+00 3.76460310e+00
 2.50000000e+01 3.00000000e+00 3.80490812e+00
 2.60000000e+01 3.00000000e+00 3.83917895e+00
 2.70000000e+01 3.00000000e+00 3.86748124e+00
 2.80000000e+01 3.00000000e+00 3.88988066e+00
 2.90000000e+01 3.00000000e+00 3.90644286e+00
 3.00000000e+01 3.00000000e+00 3.91723350e+00
 3.10000000e+01 3.00000000e+00 3.92231823e+00
 3.20000000e+01 3.00000000e+00 3.92176271e+00
 3.30000000e+01 3.00000000e+00 3.91563260e+00
 3.40000000e+01 3.00000000e+00 3.90399354e+00
 3.50000000e+01 3.00000000e+00 3.88691121e+00
 3.60000000e+01 3.00000000e+00 3.86445125e+00
 3.70000000e+01 3.00000000e+00 3.83667932e+00
 3.80000000e+01 3.00000000e+00 3.80366108e+00
 3.90000000e+01 3.00000000e+00 3.76546218e+00
 4.00000000e+01 3.00000000e+00 3.72214828e+00
 4.10000000e+01 3.00000000e+00 3.67378503e+00
 4.20000000e+01 3.00000000e+00 3.62043810e+00
 4.30000000e+01 3.00000000e+00 3.56217314e+00
 4.40000000e+01 3.00000000e+00 3.49905580e+00
 4.50000000e+01 3.00000000e+00 3.43115174e+00
 4.60000000e+01 3.00000000e+00 3.35852662e+00
 4.70000000e+01 3.00000000e+00 3.28124609e+00
 4.80000000e+01 3.00000000e+00 3.19937582e+00
 4.90000000e+01 3.00000000e+00 3.11298144e+00
 5.00000000e+01 3.00000000e+00 3.02212864e+00
 5.10000000e+01 3.00000000e+00 3.38289026e+00
 5.20000000e+01 3.00000000e+00 3.28346972e+00
 5.30000000e+01 3.00000000e+00 3.18026883e+00
 5.40000000e+01 3.00000000e+00 3.07369005e+00
 5.50000000e+01 3.00000000e+00 2.96413581e+00
 5.60000000e+01 3.00000000e+00 2.85200856e+00
 5.70000000e+01 3.00000000e+00 2.73771074e+00
 5.80000000e+01 3.00000000e+00 2.62164480e+00
 5.90000000e+01 3.00000000e+00 2.50421317e+00
 6.00000000e+01 3.00000000e+00 2.38581832e+00
 6.10000000e+01 3.00000000e+00 2.26686267e+00
 6.20000000e+01 3.00000000e+00 2.14774867e+00
 6.30000000e+01 3.00000000e+00 2.02887878e+00
 6.40000000e+01 3.00000000e+00 1.91065542e+00
 6.50000000e+01 3.00000000e+00 1.79348105e+00
 6.60000000e+01 3.00000000e+00 1.67775810e+00
 6.70000000e+01 3.00000000e+00 1.56388904e+00
 6.80000000e+01 3.00000000e+00 1.45227628e+00
 6.90000000e+01 3.00000000e+00 1.34332229e+00
 7.00000000e+01 3.00000000e+00 1.23742951e+00
 7.10000000e+01 3.00000000e+00 1.13500037e+00
 7.20000000e+01 3.00000000e+00 1.03643733e+00
 7.30000000e+01 3.00000000e+00 9.42142822e-01
 7.40000000e+01 3.00000000e+00 8.52519299e-01
 7.50000000e+01 3.00000000e+00 7.67969201e-01
 7.60000000e+01 3.00000000e+00 6.88894973e-01
 7.70000000e+01 3.00000000e+00 6.15699059e-01
 7.80000000e+01 3.00000000e+00 5.48783902e-01
 7.90000000e+01 3.00000000e+00 4.88551948e-01
 8.00000000e+01 3.00000000e+00 4.35405640e-01
 8.10000000e+01 3.00000000e+00 3.89747421e-01
 8.20000000e+01 3.00000000e+00 3.51979737e-01
 8.30000000e+01 3.00000000e+00 3.22505031e-01
 8.40000000e+01 3.00000000e+00 3.01725748e-01
 8.50000000e+01 3.00000000e+00 2.90044330e-01
 8.60000000e+01 3.00000000e+00 2.87863223e-01
 8.70000000e+01 3.00000000e+00 2.95584871e-01
 8.80000000e+01 3.00000000e+00 3.13611717e-01
 8.90000000e+01 3.00000000e+00 3.42346205e-01
 9.00000000e+01 3.00000000e+00 3.82190780e-01
 9.10000000e+01 3.00000000e+00 4.33547886e-01
 9.20000000e+01 3.00000000e+00 4.96819967e-01
 9.30000000e+01 3.00000000e+00 5.72409466e-01
 9.40000000e+01 3.00000000e+00 6.60718829e-01
 9.50000000e+01 3.00000000e+00 7.62150498e-01
 9.60000000e+01 3.00000000e+00 8.77106918e-01
 9.70000000e+01 3.00000000e+00 1.00599053e+00
 9.80000000e+01 3.00000000e+00 1.14920379e+00
 9.90000000e+01 3.00000000e+00 1.30714913e+00
 1.00000000e+02 3.00000000e+00 1.48022899e+00
 1.01000000e+02 3.00000000e+00 5.40759965e-01
 1.02000000e+02 3.00000000e+00 7.43898862e-01
 1.03000000e+02 3.00000000e+00 9.60632163e-01
 1.04000000e+02 3.00000000e+00 1.18988291e+00
 1.05000000e+02 3.00000000e+00 1.43057415e+00
 1.06000000e+02 3.00000000e+00 1.68162892e+00
 1.07000000e+02 3.00000000e+00 1.94197027e+00
 1.08000000e+02 3.00000000e+00 2.21052124e+00
 1.09000000e+02 3.00000000e+00 2.48620487e+00
 1.10000000e+02 3.00000000e+00 2.76794422e+00
 1.11000000e+02 3.00000000e+00 3.05466232e+00
 1.12000000e+02 3.00000000e+00 3.34528221e+00
 1.13000000e+02 3.00000000e+00 3.63872695e+00
 1.14000000e+02 3.00000000e+00 3.93391956e+00
 1.15000000e+02 3.00000000e+00 4.22978311e+00
 1.16000000e+02 3.00000000e+00 4.52524063e+00
 1.17000000e+02 3.00000000e+00 4.81921516e+00
 1.18000000e+02 3.00000000e+00 5.11062975e+00
 1.19000000e+02 3.00000000e+00 5.39840745e+00
 1.20000000e+02 3.00000000e+00 5.68147129e+00
 1.21000000e+02 3.00000000e+00 5.95874432e+00
 1.22000000e+02 3.00000000e+00 6.22914958e+00
 1.23000000e+02 3.00000000e+00 6.49161012e+00
 1.24000000e+02 3.00000000e+00 6.74504898e+00
 1.25000000e+02 3.00000000e+00 6.98838921e+00
 1.26000000e+02 3.00000000e+00 7.22055385e+00
 1.27000000e+02 3.00000000e+00 7.44046594e+00
 1.28000000e+02 3.00000000e+00 7.64704852e+00
 1.29000000e+02 3.00000000e+00 7.83922464e+00
 1.30000000e+02 3.00000000e+00 8.01591735e+00
 1.31000000e+02 3.00000000e+00 8.17604969e+00
 1.32000000e+02 3.00000000e+00 8.31854469e+00
 1.33000000e+02 3.00000000e+00 8.44232541e+00
 1.34000000e+02 3.00000000e+00 8.54631489e+00
 1.35000000e+02 3.00000000e+00 8.62943617e+00
 1.36000000e+02 3.00000000e+00 8.69061230e+00
 1.37000000e+02 3.00000000e+00 8.72876632e+00
 1.38000000e+02 3.00000000e+00 8.74282127e+00
 1.39000000e+02 3.00000000e+00 8.73170019e+00
 1.40000000e+02 3.00000000e+00 8.69432614e+00
 1.41000000e+02 3.00000000e+00 8.62962215e+00
 1.42000000e+02 3.00000000e+00 8.53651127e+00
 1.43000000e+02 3.00000000e+00 8.41391654e+00
 1.44000000e+02 3.00000000e+00 8.26076101e+00
 1.45000000e+02 3.00000000e+00 8.07596772e+00
 1.46000000e+02 3.00000000e+00 7.85845971e+00
 1.47000000e+02 3.00000000e+00 7.60716003e+00
 1.48000000e+02 3.00000000e+00 7.32099171e+00
 1.49000000e+02 3.00000000e+00 6.99887782e+00
 1.50000000e+02 3.00000000e+00 9.19469105e+00
 1.51000000e+02 3.00000000e+00 8.79826378e+00
 1.52000000e+02 3.00000000e+00 8.36557335e+00
 1.53000000e+02 3.00000000e+00 7.89780872e+00
 1.54000000e+02 3.00000000e+00 7.39615883e+00
 1.55000000e+02 3.00000000e+00 6.86181262e+00
 1.56000000e+02 3.00000000e+00 6.29595905e+00
 1.57000000e+02 3.00000000e+00 5.69978706e+00
 1.58000000e+02 3.00000000e+00 5.07448560e+00
 1.59000000e+02 3.00000000e+00 4.42124361e+00
 1.60000000e+02 3.00000000e+00 3.74125005e+00
 1.61000000e+02 3.00000000e+00 3.03569385e+00
 1.62000000e+02 3.00000000e+00 2.30576398e+00
 1.63000000e+02 3.00000000e+00 1.55264936e+00
 1.64000000e+02 3.00000000e+00 7.77538958e-01
 1.65000000e+02 3.00000000e+00 -1.83782877e-02
 1.66000000e+02 3.00000000e+00 -8.33913429e-01
 1.67000000e+02 3.00000000e+00 -1.66787752e+00
 1.68000000e+02 3.00000000e+00 -2.51908161e+00
 1.69000000e+02 3.00000000e+00 -3.38633676e+00
 1.70000000e+02 3.00000000e+00 -4.26845401e+00
 1.71000000e+02 3.00000000e+00 -5.16424442e+00
 1.72000000e+02 3.00000000e+00 -6.07251905e+00
 1.73000000e+02 3.00000000e+00 -6.99208895e+00
 1.74000000e+02 3.00000000e+00 -7.92176516e+00
 1.75000000e+02 3.00000000e+00 -8.86035875e+00
 1.76000000e+02 3.00000000e+00 -9.80668076e+00
 1.77000000e+02 3.00000000e+00 -1.07595422e+01
 1.78000000e+02 3.00000000e+00 -1.17177543e+01
 1.79000000e+02 3.00000000e+00 -1.26801279e+01
 1.80000000e+02 3.00000000e+00 -1.36454741e+01
 1.81000000e+02 3.00000000e+00 -1.46126040e+01
 1.82000000e+02 3.00000000e+00 -1.55803287e+01
 1.83000000e+02 3.00000000e+00 -1.65474592e+01
 1.84000000e+02 3.00000000e+00 -1.75128065e+01
 1.85000000e+02 3.00000000e+00 -1.84751817e+01
 1.86000000e+02 3.00000000e+00 -1.94333959e+01
 1.87000000e+02 3.00000000e+00 -2.03862601e+01
 1.88000000e+02 3.00000000e+00 -2.13325854e+01
 1.89000000e+02 3.00000000e+00 -2.22711827e+01
 1.90000000e+02 3.00000000e+00 -2.32008633e+01
 1.91000000e+02 3.00000000e+00 -2.41204380e+01
 1.92000000e+02 3.00000000e+00 -2.50287180e+01
 1.93000000e+02 3.00000000e+00 -2.59245144e+01
 1.94000000e+02 3.00000000e+00 -2.68066381e+01
 1.95000000e+02 3.00000000e+00 -2.76739003e+01
 1.96000000e+02 3.00000000e+00 -2.85251119e+01
 1.97000000e+02 3.00000000e+00 -2.93590841e+01
 1.98000000e+02 3.00000000e+00 -3.01746279e+01
 1.99000000e+02 3.00000000e+00 -3.09705543e+01
 2.00000000e+02 3.00000000e+00 -3.53920217e+01
 2.01000000e+02 3.00000000e+00 -3.61463331e+01
 2.02000000e+02 3.00000000e+00 -3.68800762e+01
 2.03000000e+02 3.00000000e+00 -3.75935881e+01
 2.04000000e+02 3.00000000e+00 -3.82872058e+01
 2.05000000e+02 3.00000000e+00 -3.89612663e+01
 2.06000000e+02 3.00000000e+00 -3.96161067e+01
 2.07000000e+02 3.00000000e+00 -4.02520639e+01
 2.08000000e+02 3.00000000e+00 -4.08694751e+01
 2.09000000e+02 3.00000000e+00 -4.14686771e+01
 2.10000000e+02 3.00000000e+00 -4.20500071e+01
 2.11000000e+02 3.00000000e+00 -4.26138021e+01
 2.12000000e+02 3.00000000e+00 -4.31603990e+01
 2.13000000e+02 3.00000000e+00 -4.36901350e+01
 2.14000000e+02 3.00000000e+00 -4.42033470e+01
 2.15000000e+02 3.00000000e+00 -4.47003720e+01
 2.16000000e+02 3.00000000e+00 -4.51815472e+01
 2.17000000e+02 3.00000000e+00 -4.56472094e+01
 2.18000000e+02 3.00000000e+00 -4.60976958e+01
 2.19000000e+02 3.00000000e+00 -4.65333434e+01
 2.20000000e+02 3.00000000e+00 -4.69544891e+01
 2.21000000e+02 3.00000000e+00 -4.73614701e+01
 2.22000000e+02 3.00000000e+00 -4.77546233e+01
 2.23000000e+02 3.00000000e+00 -4.81342857e+01
 2.24000000e+02 3.00000000e+00 -4.85007944e+01
 2.25000000e+02 3.00000000e+00 -4.88544864e+01
 2.26000000e+02 3.00000000e+00 -4.91956988e+01
 2.27000000e+02 3.00000000e+00 -4.95247684e+01
 2.28000000e+02 3.00000000e+00 -4.98420325e+01
 2.29000000e+02 3.00000000e+00 -5.01478280e+01
 2.30000000e+02 3.00000000e+00 -5.04424919e+01
 2.31000000e+02 3.00000000e+00 -5.07263612e+01
 2.32000000e+02 3.00000000e+00 -5.09997730e+01
 2.33000000e+02 3.00000000e+00 -5.12630643e+01
 2.34000000e+02 3.00000000e+00 -5.15165721e+01
 2.35000000e+02 3.00000000e+00 -5.17606335e+01
 2.36000000e+02 3.00000000e+00 -5.19955854e+01
 2.37000000e+02 3.00000000e+00 -5.22217649e+01
 2.38000000e+02 3.00000000e+00 -5.24395091e+01
 2.39000000e+02 3.00000000e+00 -5.26491548e+01
 2.40000000e+02 3.00000000e+00 -5.28510393e+01
 2.41000000e+02 3.00000000e+00 -5.30454994e+01
 2.42000000e+02 3.00000000e+00 -5.32328722e+01
 2.43000000e+02 3.00000000e+00 -5.34134948e+01
 2.44000000e+02 3.00000000e+00 -5.35877041e+01
 2.45000000e+02 3.00000000e+00 -5.37558373e+01
 2.46000000e+02 3.00000000e+00 -5.39182312e+01
 2.47000000e+02 3.00000000e+00 -5.40752229e+01
 2.48000000e+02 3.00000000e+00 -5.42271496e+01
 2.49000000e+02 3.00000000e+00 -5.32445884e+01
 2.50000000e+02 3.00000000e+00 -5.33873227e+01
 2.51000000e+02 3.00000000e+00 -5.35256600e+01
 2.52000000e+02 3.00000000e+00 -5.36596372e+01
 2.53000000e+02 3.00000000e+00 -5.37892913e+01
 2.54000000e+02 3.00000000e+00 -5.39146593e+01
 2.55000000e+02 3.00000000e+00 -5.40357781e+01
 2.56000000e+02 3.00000000e+00 -5.41526847e+01
 2.57000000e+02 3.00000000e+00 -5.42654160e+01
 2.58000000e+02 3.00000000e+00 -5.43740090e+01
 2.59000000e+02 3.00000000e+00 -5.44785006e+01
 2.60000000e+02 3.00000000e+00 -5.45789277e+01
 2.61000000e+02 3.00000000e+00 -5.46753274e+01
 2.62000000e+02 3.00000000e+00 -5.47677366e+01
 2.63000000e+02 3.00000000e+00 -5.48561923e+01
 2.64000000e+02 3.00000000e+00 -5.49407313e+01
 2.65000000e+02 3.00000000e+00 -5.50213907e+01
 2.66000000e+02 3.00000000e+00 -5.50982074e+01
 2.67000000e+02 3.00000000e+00 -5.51712183e+01
 2.68000000e+02 3.00000000e+00 -5.52404605e+01
 2.69000000e+02 3.00000000e+00 -5.53059709e+01
 2.70000000e+02 3.00000000e+00 -5.53677863e+01
 2.71000000e+02 3.00000000e+00 -5.54259439e+01
 2.72000000e+02 3.00000000e+00 -5.54804804e+01
 2.73000000e+02 3.00000000e+00 -5.55314330e+01
 2.74000000e+02 3.00000000e+00 -5.55788385e+01
 2.75000000e+02 3.00000000e+00 -5.56227339e+01
 2.76000000e+02 3.00000000e+00 -5.56631562e+01
 2.77000000e+02 3.00000000e+00 -5.57001422e+01
 2.78000000e+02 3.00000000e+00 -5.57337290e+01
 2.79000000e+02 3.00000000e+00 -5.57639536e+01
 2.80000000e+02 3.00000000e+00 -5.57908528e+01
 2.81000000e+02 3.00000000e+00 -5.58144636e+01
 2.82000000e+02 3.00000000e+00 -5.58348230e+01
 2.83000000e+02 3.00000000e+00 -5.58519679e+01
 2.84000000e+02 3.00000000e+00 -5.58659353e+01
 2.85000000e+02 3.00000000e+00 -5.58767622e+01
 2.86000000e+02 3.00000000e+00 -5.58844854e+01
 2.87000000e+02 3.00000000e+00 -5.58891420e+01
 2.88000000e+02 3.00000000e+00 -5.58907689e+01
 2.89000000e+02 3.00000000e+00 -5.58894030e+01
 2.90000000e+02 3.00000000e+00 -5.58850814e+01
 2.91000000e+02 3.00000000e+00 -5.58778409e+01
 2.92000000e+02 3.00000000e+00 -5.58677185e+01
 2.93000000e+02 3.00000000e+00 -5.58547512e+01
 2.94000000e+02 3.00000000e+00 -5.58389760e+01
 2.95000000e+02 3.00000000e+00 -5.58204297e+01
 2.96000000e+02 3.00000000e+00 -5.57991494e+01
 2.97000000e+02 3.00000000e+00 -5.57751719e+01
 2.98000000e+02 3.00000000e+00 -5.57485343e+01
 2.99000000e+02 3.00000000e+00 -5.65366434e+01
 3.00000000e+02 3.00000000e+00 -5.65044650e+01
 3.01000000e+02 3.00000000e+00 -5.64688433e+01
 3.02000000e+02 3.00000000e+00 -5.64292463e+01
 3.03000000e+02 3.00000000e+00 -5.63851422e+01
 3.04000000e+02 3.00000000e+00 -5.63359988e+01
 3.05000000e+02 3.00000000e+00 -5.62812843e+01
 3.06000000e+02 3.00000000e+00 -5.62204667e+01
 3.07000000e+02 3.00000000e+00 -5.61530140e+01
 3.08000000e+02 3.00000000e+00 -5.60783942e+01
 3.09000000e+02 3.00000000e+00 -5.59960755e+01
 3.10000000e+02 3.00000000e+00 -5.59055258e+01
 3.11000000e+02 3.00000000e+00 -5.58062132e+01
 3.12000000e+02 3.00000000e+00 -5.56976057e+01
 3.13000000e+02 3.00000000e+00 -5.55791714e+01
 3.14000000e+02 3.00000000e+00 -5.54503783e+01
 3.15000000e+02 3.00000000e+00 -5.53106944e+01
 3.16000000e+02 3.00000000e+00 -5.51595877e+01
 3.17000000e+02 3.00000000e+00 -5.49965264e+01
 3.18000000e+02 3.00000000e+00 -5.48209785e+01
 3.19000000e+02 3.00000000e+00 -5.46324119e+01
 3.20000000e+02 3.00000000e+00 -5.44302948e+01
 3.21000000e+02 3.00000000e+00 -5.42140951e+01
 3.22000000e+02 3.00000000e+00 -5.39832809e+01
 3.23000000e+02 3.00000000e+00 -5.37373203e+01
 3.24000000e+02 3.00000000e+00 -5.34756812e+01
 3.25000000e+02 3.00000000e+00 -5.31978318e+01
 3.26000000e+02 3.00000000e+00 -5.29032401e+01
 3.27000000e+02 3.00000000e+00 -5.25913740e+01
 3.28000000e+02 3.00000000e+00 -5.22617017e+01
 3.29000000e+02 3.00000000e+00 -5.19136911e+01
 3.30000000e+02 3.00000000e+00 -5.15468104e+01
 3.31000000e+02 3.00000000e+00 -5.11605275e+01
 3.32000000e+02 3.00000000e+00 -5.07543105e+01
 3.33000000e+02 3.00000000e+00 -5.03276274e+01
 3.34000000e+02 3.00000000e+00 -4.98799463e+01
 3.35000000e+02 3.00000000e+00 -4.94107352e+01
 3.36000000e+02 3.00000000e+00 -4.89194621e+01
 3.37000000e+02 3.00000000e+00 -4.84055952e+01
 3.38000000e+02 3.00000000e+00 -4.78686023e+01
 3.39000000e+02 3.00000000e+00 -4.73079516e+01
 3.40000000e+02 3.00000000e+00 -4.67231111e+01
 3.41000000e+02 3.00000000e+00 -4.61135489e+01
 3.42000000e+02 3.00000000e+00 -4.54787329e+01
 3.43000000e+02 3.00000000e+00 -4.48181312e+01
 3.44000000e+02 3.00000000e+00 -4.41312119e+01
 3.45000000e+02 3.00000000e+00 -4.34174430e+01
 3.46000000e+02 3.00000000e+00 -4.26762925e+01
 3.47000000e+02 3.00000000e+00 -4.19072285e+01
 3.48000000e+02 3.00000000e+00 -4.05646999e+01
 3.49000000e+02 3.00000000e+00 -3.97385134e+01
 3.50000000e+02 3.00000000e+00 -3.88848136e+01
 3.51000000e+02 3.00000000e+00 -3.80050647e+01
 3.52000000e+02 3.00000000e+00 -3.71007309e+01
 3.53000000e+02 3.00000000e+00 -3.61732765e+01
 3.54000000e+02 3.00000000e+00 -3.52241656e+01
 3.55000000e+02 3.00000000e+00 -3.42548624e+01
 3.56000000e+02 3.00000000e+00 -3.32668312e+01
 3.57000000e+02 3.00000000e+00 -3.22615360e+01
 3.58000000e+02 3.00000000e+00 -3.12404412e+01
 3.59000000e+02 3.00000000e+00 -3.02050108e+01
 3.60000000e+02 3.00000000e+00 -2.91567092e+01
 3.61000000e+02 3.00000000e+00 -2.80970004e+01
 3.62000000e+02 3.00000000e+00 -2.70273487e+01
 3.63000000e+02 3.00000000e+00 -2.59492183e+01
 3.64000000e+02 3.00000000e+00 -2.48640734e+01
 3.65000000e+02 3.00000000e+00 -2.37733781e+01
 3.66000000e+02 3.00000000e+00 -2.26785968e+01
 3.67000000e+02 3.00000000e+00 -2.15811934e+01
 3.68000000e+02 3.00000000e+00 -2.04826324e+01
 3.69000000e+02 3.00000000e+00 -1.93843778e+01
 3.70000000e+02 3.00000000e+00 -1.82878938e+01
 3.71000000e+02 3.00000000e+00 -1.71946447e+01
 3.72000000e+02 3.00000000e+00 -1.61060946e+01
 3.73000000e+02 3.00000000e+00 -1.50237078e+01
 3.74000000e+02 3.00000000e+00 -1.39489483e+01
 3.75000000e+02 3.00000000e+00 -1.28832806e+01
 3.76000000e+02 3.00000000e+00 -1.18281686e+01
 3.77000000e+02 3.00000000e+00 -1.07850766e+01
 3.78000000e+02 3.00000000e+00 -9.75546888e+00
 3.79000000e+02 3.00000000e+00 -8.74080955e+00
 3.80000000e+02 3.00000000e+00 -7.74256281e+00
 3.81000000e+02 3.00000000e+00 -6.76219287e+00
 3.82000000e+02 3.00000000e+00 -5.80116392e+00
 3.83000000e+02 3.00000000e+00 -4.86094016e+00
 3.84000000e+02 3.00000000e+00 -3.94298578e+00
 3.85000000e+02 3.00000000e+00 -3.04876498e+00
 3.86000000e+02 3.00000000e+00 -2.17974196e+00
 3.87000000e+02 3.00000000e+00 -1.33738090e+00
 3.88000000e+02 3.00000000e+00 -5.23146007e-01
 3.89000000e+02 3.00000000e+00 2.61498528e-01
 3.90000000e+02 3.00000000e+00 1.01508851e+00
 3.91000000e+02 3.00000000e+00 1.73615974e+00
 3.92000000e+02 3.00000000e+00 2.42324802e+00
 3.93000000e+02 3.00000000e+00 3.07488916e+00
 3.94000000e+02 3.00000000e+00 3.68961897e+00
 3.95000000e+02 3.00000000e+00 4.26597325e+00
 3.96000000e+02 3.00000000e+00 4.80248780e+00
 3.97000000e+02 3.00000000e+00 5.29769843e+00
 3.98000000e+02 3.00000000e+00 4.26753266e+00
 3.99000000e+02 3.00000000e+00 4.67702689e+00
 4.00000000e+02 3.00000000e+00 5.04468568e+00
 4.01000000e+02 3.00000000e+00 5.37174757e+00
 4.02000000e+02 3.00000000e+00 5.65945111e+00
 4.03000000e+02 3.00000000e+00 5.90903485e+00
 4.04000000e+02 3.00000000e+00 6.12173733e+00
 4.05000000e+02 3.00000000e+00 6.29879710e+00
 4.06000000e+02 3.00000000e+00 6.44145271e+00
 4.07000000e+02 3.00000000e+00 6.55094270e+00
 4.08000000e+02 3.00000000e+00 6.62850563e+00
 4.09000000e+02 3.00000000e+00 6.67538003e+00
 4.10000000e+02 3.00000000e+00 6.69280446e+00
 4.11000000e+02 3.00000000e+00 6.68201747e+00
 4.12000000e+02 3.00000000e+00 6.64425760e+00
 4.13000000e+02 3.00000000e+00 6.58076340e+00
 4.14000000e+02 3.00000000e+00 6.49277341e+00
 4.15000000e+02 3.00000000e+00 6.38152619e+00
 4.16000000e+02 3.00000000e+00 6.24826028e+00
 4.17000000e+02 3.00000000e+00 6.09421422e+00
 4.18000000e+02 3.00000000e+00 5.92062658e+00
 4.19000000e+02 3.00000000e+00 5.72873588e+00
 4.20000000e+02 3.00000000e+00 5.51978068e+00
 4.21000000e+02 3.00000000e+00 5.29499953e+00
 4.22000000e+02 3.00000000e+00 5.05563098e+00
 4.23000000e+02 3.00000000e+00 4.80291357e+00
 4.24000000e+02 3.00000000e+00 4.53808584e+00
 4.25000000e+02 3.00000000e+00 4.26238635e+00
 4.26000000e+02 3.00000000e+00 3.97705365e+00
 4.27000000e+02 3.00000000e+00 3.68332627e+00
 4.28000000e+02 3.00000000e+00 3.38244277e+00
 4.29000000e+02 3.00000000e+00 3.07564170e+00
 4.30000000e+02 3.00000000e+00 2.76416160e+00
 4.31000000e+02 3.00000000e+00 2.44924102e+00
 4.32000000e+02 3.00000000e+00 2.13211851e+00
 4.33000000e+02 3.00000000e+00 1.81403261e+00
 4.34000000e+02 3.00000000e+00 1.49622188e+00
 4.35000000e+02 3.00000000e+00 1.17992485e+00
 4.36000000e+02 3.00000000e+00 8.66380076e-01
 4.37000000e+02 3.00000000e+00 5.56826107e-01
 4.38000000e+02 3.00000000e+00 2.52501489e-01
 4.39000000e+02 3.00000000e+00 -4.53552316e-02
 4.40000000e+02 3.00000000e+00 -3.35505507e-01
 4.41000000e+02 3.00000000e+00 -6.16710790e-01
 4.42000000e+02 3.00000000e+00 -8.87732534e-01
 4.43000000e+02 3.00000000e+00 -1.14733219e+00
 4.44000000e+02 3.00000000e+00 -1.39427121e+00
 4.45000000e+02 3.00000000e+00 -1.62731105e+00
 4.46000000e+02 3.00000000e+00 -1.84521317e+00
 4.47000000e+02 3.00000000e+00 -2.04673900e+00
 4.48000000e+02 3.00000000e+00 -1.32413528e+00
 4.49000000e+02 3.00000000e+00 -1.49087903e+00
 4.50000000e+02 3.00000000e+00 -1.64077160e+00
 4.51000000e+02 3.00000000e+00 -1.77431947e+00
 4.52000000e+02 3.00000000e+00 -1.89202911e+00
 4.53000000e+02 3.00000000e+00 -1.99440698e+00
 4.54000000e+02 3.00000000e+00 -2.08195955e+00
 4.55000000e+02 3.00000000e+00 -2.15519330e+00
 4.56000000e+02 3.00000000e+00 -2.21461468e+00
 4.57000000e+02 3.00000000e+00 -2.26073018e+00
 4.58000000e+02 3.00000000e+00 -2.29404625e+00
 4.59000000e+02 3.00000000e+00 -2.31506937e+00
 4.60000000e+02 3.00000000e+00 -2.32430601e+00
 4.61000000e+02 3.00000000e+00 -2.32226263e+00
 4.62000000e+02 3.00000000e+00 -2.30944570e+00
 4.63000000e+02 3.00000000e+00 -2.28636170e+00
 4.64000000e+02 3.00000000e+00 -2.25351709e+00
 4.65000000e+02 3.00000000e+00 -2.21141834e+00
 4.66000000e+02 3.00000000e+00 -2.16057191e+00
 4.67000000e+02 3.00000000e+00 -2.10148429e+00
 4.68000000e+02 3.00000000e+00 -2.03466193e+00
 4.69000000e+02 3.00000000e+00 -1.96061130e+00
 4.70000000e+02 3.00000000e+00 -1.87983888e+00
 4.71000000e+02 3.00000000e+00 -1.79285114e+00
 4.72000000e+02 3.00000000e+00 -1.70015453e+00
 4.73000000e+02 3.00000000e+00 -1.60225554e+00
 4.74000000e+02 3.00000000e+00 -1.49966062e+00
 4.75000000e+02 3.00000000e+00 -1.39287626e+00
 4.76000000e+02 3.00000000e+00 -1.28240891e+00
 4.77000000e+02 3.00000000e+00 -1.16876505e+00
 4.78000000e+02 3.00000000e+00 -1.05245114e+00
 4.79000000e+02 3.00000000e+00 -9.33973654e-01
 4.80000000e+02 3.00000000e+00 -8.13839062e-01
 4.81000000e+02 3.00000000e+00 -6.92553832e-01
 4.82000000e+02 3.00000000e+00 -5.70624431e-01
 4.83000000e+02 3.00000000e+00 -4.48557329e-01
 4.84000000e+02 3.00000000e+00 -3.26858996e-01
 4.85000000e+02 3.00000000e+00 -2.06035899e-01
 4.86000000e+02 3.00000000e+00 -8.65945070e-02
 4.87000000e+02 3.00000000e+00 3.09587103e-02
 4.88000000e+02 3.00000000e+00 1.46117284e-01
 4.89000000e+02 3.00000000e+00 2.58374747e-01
 4.90000000e+02 3.00000000e+00 3.67224628e-01
 4.91000000e+02 3.00000000e+00 4.72160460e-01
 4.92000000e+02 3.00000000e+00 5.72675773e-01
 4.93000000e+02 3.00000000e+00 6.68264099e-01
 4.94000000e+02 3.00000000e+00 7.58418969e-01
 4.95000000e+02 3.00000000e+00 8.42633914e-01
 4.96000000e+02 3.00000000e+00 9.20402465e-01
 4.97000000e+02 3.00000000e+00 5.39897747e-01
 4.98000000e+02 3.00000000e+00 6.03504205e-01
 4.99000000e+02 3.00000000e+00 6.60065085e-01
 5.00000000e+02 3.00000000e+00 7.09789644e-01
 5.01000000e+02 3.00000000e+00 7.52887143e-01
 5.02000000e+02 3.00000000e+00 7.89566840e-01
 5.03000000e+02 3.00000000e+00 8.20037994e-01
 5.04000000e+02 3.00000000e+00 8.44509864e-01
 5.05000000e+02 3.00000000e+00 8.63191708e-01
 5.06000000e+02 3.00000000e+00 8.76292785e-01
 5.07000000e+02 3.00000000e+00 8.84022355e-01
 5.08000000e+02 3.00000000e+00 8.86589676e-01
 5.09000000e+02 3.00000000e+00 8.84204006e-01
 5.10000000e+02 3.00000000e+00 8.77074605e-01
 5.11000000e+02 3.00000000e+00 8.65410731e-01
 5.12000000e+02 3.00000000e+00 8.49421644e-01
 5.13000000e+02 3.00000000e+00 8.29316602e-01
 5.14000000e+02 3.00000000e+00 8.05304863e-01
 5.15000000e+02 3.00000000e+00 7.77595687e-01
 5.16000000e+02 3.00000000e+00 7.46398333e-01
 5.17000000e+02 3.00000000e+00 7.11922059e-01
 5.18000000e+02 3.00000000e+00 6.74376125e-01
 5.19000000e+02 3.00000000e+00 6.33969788e-01
 5.20000000e+02 3.00000000e+00 5.90912308e-01
 5.21000000e+02 3.00000000e+00 5.45412944e-01
 5.22000000e+02 3.00000000e+00 4.97680954e-01
 5.23000000e+02 3.00000000e+00 4.47925597e-01
 5.24000000e+02 3.00000000e+00 3.96356133e-01
 5.25000000e+02 3.00000000e+00 3.43181819e-01
 5.26000000e+02 3.00000000e+00 2.88611916e-01
 5.27000000e+02 3.00000000e+00 2.32855680e-01
 5.28000000e+02 3.00000000e+00 1.76122372e-01
 5.29000000e+02 3.00000000e+00 1.18621251e-01
 5.30000000e+02 3.00000000e+00 6.05615739e-02
 5.31000000e+02 3.00000000e+00 2.15260101e-03
 5.32000000e+02 3.00000000e+00 -5.63964092e-02
 5.33000000e+02 3.00000000e+00 -1.14876198e-01
 5.34000000e+02 3.00000000e+00 -1.73077506e-01
 5.35000000e+02 3.00000000e+00 -2.30791076e-01
 5.36000000e+02 3.00000000e+00 -2.87807647e-01
 5.37000000e+02 3.00000000e+00 -3.43917962e-01
 5.38000000e+02 3.00000000e+00 -3.98912761e-01
 5.39000000e+02 3.00000000e+00 -4.52582786e-01
 5.40000000e+02 3.00000000e+00 -5.04718777e-01
 5.41000000e+02 3.00000000e+00 -5.55111477e-01
 5.42000000e+02 3.00000000e+00 -6.03551626e-01
 5.43000000e+02 3.00000000e+00 -6.49829964e-01
 5.44000000e+02 3.00000000e+00 -6.93737235e-01
 5.45000000e+02 3.00000000e+00 -7.35064178e-01
 5.46000000e+02 3.00000000e+00 -7.73601535e-01
 5.47000000e+02 3.00000000e+00 -5.90764581e-01
 5.48000000e+02 3.00000000e+00 -6.23315810e-01
 5.49000000e+02 3.00000000e+00 -6.52941919e-01
 5.50000000e+02 3.00000000e+00 -6.79720790e-01
 5.51000000e+02 3.00000000e+00 -7.03730305e-01
 5.52000000e+02 3.00000000e+00 -7.25048348e-01
 5.53000000e+02 3.00000000e+00 -7.43752801e-01
 5.54000000e+02 3.00000000e+00 -7.59921546e-01
 5.55000000e+02 3.00000000e+00 -7.73632465e-01
 5.56000000e+02 3.00000000e+00 -7.84963442e-01
 5.57000000e+02 3.00000000e+00 -7.93992358e-01
 5.58000000e+02 3.00000000e+00 -8.00797096e-01
 5.59000000e+02 3.00000000e+00 -8.05455538e-01
 5.60000000e+02 3.00000000e+00 -8.08045567e-01
 5.61000000e+02 3.00000000e+00 -8.08645066e-01
 5.62000000e+02 3.00000000e+00 -8.07331916e-01
 5.63000000e+02 3.00000000e+00 -8.04184001e-01
 5.64000000e+02 3.00000000e+00 -7.99279202e-01
 5.65000000e+02 3.00000000e+00 -7.92695402e-01
 5.66000000e+02 3.00000000e+00 -7.84510484e-01
 5.67000000e+02 3.00000000e+00 -7.74802330e-01
 5.68000000e+02 3.00000000e+00 -7.63648823e-01
 5.69000000e+02 3.00000000e+00 -7.51127844e-01
 5.70000000e+02 3.00000000e+00 -7.37317277e-01
 5.71000000e+02 3.00000000e+00 -7.22295004e-01
 5.72000000e+02 3.00000000e+00 -7.06138907e-01
 5.73000000e+02 3.00000000e+00 -6.88926869e-01
 5.74000000e+02 3.00000000e+00 -6.70736772e-01
 5.75000000e+02 3.00000000e+00 -6.51646498e-01
 5.76000000e+02 3.00000000e+00 -6.31733931e-01
 5.77000000e+02 3.00000000e+00 -6.11076953e-01
 5.78000000e+02 3.00000000e+00 -5.89753445e-01
 5.79000000e+02 3.00000000e+00 -5.67841291e-01
 5.80000000e+02 3.00000000e+00 -5.45418373e-01
 5.81000000e+02 3.00000000e+00 -5.22562573e-01
 5.82000000e+02 3.00000000e+00 -4.99351774e-01
 5.83000000e+02 3.00000000e+00 -4.75863859e-01
 5.84000000e+02 3.00000000e+00 -4.52176709e-01
 5.85000000e+02 3.00000000e+00 -4.28368207e-01
 5.86000000e+02 3.00000000e+00 -4.04516236e-01
 5.87000000e+02 3.00000000e+00 -3.80698679e-01
 5.88000000e+02 3.00000000e+00 -3.56993416e-01
 5.89000000e+02 3.00000000e+00 -3.33478332e-01
 5.90000000e+02 3.00000000e+00 -3.10231308e-01
 5.91000000e+02 3.00000000e+00 -2.87330228e-01
 5.92000000e+02 3.00000000e+00 -2.64852972e-01
 5.93000000e+02 3.00000000e+00 -2.42877425e-01
 5.94000000e+02 3.00000000e+00 -2.21481467e-01
 5.95000000e+02 3.00000000e+00 -2.00742983e-01
 5.96000000e+02 3.00000000e+00 -2.34817110e-01
 5.97000000e+02 3.00000000e+00 -2.15609308e-01
 5.98000000e+02 3.00000000e+00 -1.97192510e-01
 5.99000000e+02 3.00000000e+00 -1.79556996e-01
 6.00000000e+02 3.00000000e+00 -1.62693049e-01
 6.01000000e+02 3.00000000e+00 -1.46590948e-01
 6.02000000e+02 3.00000000e+00 -1.31240975e-01
 6.03000000e+02 3.00000000e+00 -1.16633410e-01
 6.04000000e+02 3.00000000e+00 -1.02758535e-01
 6.05000000e+02 3.00000000e+00 -8.96066293e-02
 6.06000000e+02 3.00000000e+00 -7.71679751e-02
 6.07000000e+02 3.00000000e+00 -6.54328529e-02
 6.08000000e+02 3.00000000e+00 -5.43915435e-02
 6.09000000e+02 3.00000000e+00 -4.40343280e-02
 6.10000000e+02 3.00000000e+00 -3.43514871e-02
 6.11000000e+02 3.00000000e+00 -2.53333017e-02
 6.12000000e+02 3.00000000e+00 -1.69700527e-02
 6.13000000e+02 3.00000000e+00 -9.25202106e-03
 6.14000000e+02 3.00000000e+00 -2.16948762e-03
 6.15000000e+02 3.00000000e+00 4.28726674e-03
 6.16000000e+02 3.00000000e+00 1.01279611e-02
 6.17000000e+02 3.00000000e+00 1.53623146e-02
 6.18000000e+02 3.00000000e+00 2.00000464e-02
 6.19000000e+02 3.00000000e+00 2.40508755e-02
 6.20000000e+02 3.00000000e+00 2.75245211e-02
 6.21000000e+02 3.00000000e+00 3.04307022e-02
 6.22000000e+02 3.00000000e+00 3.27791381e-02
 6.23000000e+02 3.00000000e+00 3.45795477e-02
 6.24000000e+02 3.00000000e+00 3.58416503e-02
 6.25000000e+02 3.00000000e+00 3.65751649e-02
 6.26000000e+02 3.00000000e+00 3.67898106e-02
 6.27000000e+02 3.00000000e+00 3.64953066e-02
 6.28000000e+02 3.00000000e+00 3.57013720e-02
 6.29000000e+02 3.00000000e+00 3.44177258e-02
 6.30000000e+02 3.00000000e+00 3.26540872e-02
 6.31000000e+02 3.00000000e+00 3.04201753e-02
 6.32000000e+02 3.00000000e+00 2.77257092e-02
 6.33000000e+02 3.00000000e+00 2.45804080e-02
 6.34000000e+02 3.00000000e+00 2.09939909e-02
 6.35000000e+02 3.00000000e+00 1.69761769e-02
 6.36000000e+02 3.00000000e+00 1.25366852e-02
 6.37000000e+02 3.00000000e+00 7.68523479e-03
 6.38000000e+02 3.00000000e+00 2.43154490e-03
 6.39000000e+02 3.00000000e+00 -3.21466539e-03
 6.40000000e+02 3.00000000e+00 -9.24367699e-03
 6.41000000e+02 3.00000000e+00 -1.56457708e-02
 6.42000000e+02 3.00000000e+00 -2.24112276e-02
 6.43000000e+02 3.00000000e+00 -2.95303284e-02
 6.44000000e+02 3.00000000e+00 -3.69933541e-02
 6.45000000e+02 3.00000000e+00 -4.47905855e-02
 6.46000000e+02 3.00000000e+00 -6.41428824e-02
 6.47000000e+02 3.00000000e+00 -7.25710663e-02
 6.48000000e+02 3.00000000e+00 -8.12864628e-02
 6.49000000e+02 3.00000000e+00 -9.02680028e-02
 6.50000000e+02 3.00000000e+00 -9.94946173e-02
 6.51000000e+02 3.00000000e+00 -1.08945237e-01
 6.52000000e+02 3.00000000e+00 -1.18598794e-01
 6.53000000e+02 3.00000000e+00 -1.28434217e-01
 6.54000000e+02 3.00000000e+00 -1.38430439e-01
 6.55000000e+02 3.00000000e+00 -1.48566390e-01
 6.56000000e+02 3.00000000e+00 -1.58821001e-01
 6.57000000e+02 3.00000000e+00 -1.69173203e-01
 6.58000000e+02 3.00000000e+00 -1.79601927e-01
 6.59000000e+02 3.00000000e+00 -1.90086104e-01
 6.60000000e+02 3.00000000e+00 -2.00604664e-01
 6.61000000e+02 3.00000000e+00 -2.11136540e-01
 6.62000000e+02 3.00000000e+00 -2.21660661e-01
 6.63000000e+02 3.00000000e+00 -2.32155958e-01
 6.64000000e+02 3.00000000e+00 -2.42601363e-01
 6.65000000e+02 3.00000000e+00 -2.52975807e-01
 6.66000000e+02 3.00000000e+00 -2.63258220e-01
 6.67000000e+02 3.00000000e+00 -2.73427534e-01
 6.68000000e+02 3.00000000e+00 -2.83462678e-01
 6.69000000e+02 3.00000000e+00 -2.93342585e-01
 6.70000000e+02 3.00000000e+00 -3.03046185e-01
 6.71000000e+02 3.00000000e+00 -3.12552409e-01
 6.72000000e+02 3.00000000e+00 -3.21840188e-01
 6.73000000e+02 3.00000000e+00 -3.30888453e-01
 6.74000000e+02 3.00000000e+00 -3.39676135e-01
 6.75000000e+02 3.00000000e+00 -3.48182165e-01
 6.76000000e+02 3.00000000e+00 -3.56385473e-01
 6.77000000e+02 3.00000000e+00 -3.64264991e-01
 6.78000000e+02 3.00000000e+00 -3.71799650e-01
 6.79000000e+02 3.00000000e+00 -3.78968380e-01
 6.80000000e+02 3.00000000e+00 -3.85750112e-01
 6.81000000e+02 3.00000000e+00 -3.92123778e-01
 6.82000000e+02 3.00000000e+00 -3.98068309e-01
 6.83000000e+02 3.00000000e+00 -4.03562634e-01
 6.84000000e+02 3.00000000e+00 -4.08585686e-01
 6.85000000e+02 3.00000000e+00 -4.13116395e-01
 6.86000000e+02 3.00000000e+00 -4.17133692e-01
 6.87000000e+02 3.00000000e+00 -4.20616508e-01
 6.88000000e+02 3.00000000e+00 -4.23543773e-01
 6.89000000e+02 3.00000000e+00 -4.25894420e-01
 6.90000000e+02 3.00000000e+00 -4.27647379e-01
 6.91000000e+02 3.00000000e+00 -4.28781580e-01
 6.92000000e+02 3.00000000e+00 -4.29275954e-01
 6.93000000e+02 3.00000000e+00 -4.29109434e-01
 6.94000000e+02 3.00000000e+00 -4.28260949e-01
 6.95000000e+02 3.00000000e+00 -4.26709430e-01
