 1.00000000e+00 0.00000000e+00 5.55922551e+01
 2.00000000e+00 0.00000000e+00 5.49342818e+01
 3.00000000e+00 0.00000000e+00 5.43191086e+01
 4.00000000e+00 0.00000000e+00 5.37456489e+01
 5.00000000e+00 0.00000000e+00 5.32128159e+01
 6.00000000e+00 0.00000000e+00 5.27195227e+01
 7.00000000e+00 0.00000000e+00 5.22646826e+01
 8.00000000e+00 0.00000000e+00 5.18472088e+01
 9.00000000e+00 0.00000000e+00 5.14660146e+01
 1.00000000e+01 0.00000000e+00 5.11200132e+01
 1.10000000e+01 0.00000000e+00 5.08081179e+01
 1.20000000e+01 0.00000000e+00 5.05292417e+01
 1.30000000e+01 0.00000000e+00 5.02822981e+01
 1.40000000e+01 0.00000000e+00 5.00662001e+01
 1.50000000e+01 0.00000000e+00 4.98798611e+01
 1.60000000e+01 0.00000000e+00 4.97221943e+01
 1.70000000e+01 0.00000000e+00 4.95921128e+01
 1.80000000e+01 0.00000000e+00 4.94885300e+01
 1.90000000e+01 0.00000000e+00 4.94103590e+01
 2.00000000e+01 0.00000000e+00 4.93565130e+01
 2.10000000e+01 0.00000000e+00 4.93259054e+01
 2.20000000e+01 0.00000000e+00 4.93174494e+01
 2.30000000e+01 0.00000000e+00 4.93300581e+01
 2.40000000e+01 0.00000000e+00 4.93626447e+01
 2.50000000e+01 0.00000000e+00 4.94141226e+01
 2.60000000e+01 0.00000000e+00 4.94834050e+01
 2.70000000e+01 0.00000000e+00 4.95694050e+01
 2.80000000e+01 0.00000000e+00 4.96710360e+01
 2.90000000e+01 0.00000000e+00 4.97872110e+01
 3.00000000e+01 0.00000000e+00 4.99168435e+01
 3.10000000e+01 0.00000000e+00 5.00588465e+01
 3.20000000e+01 0.00000000e+00 5.02121333e+01
 3.30000000e+01 0.00000000e+00 5.03756172e+01
 3.40000000e+01 0.00000000e+00 5.05482114e+01
 3.50000000e+01 0.00000000e+00 5.07288291e+01
 3.60000000e+01 0.00000000e+00 5.09163835e+01
 3.70000000e+01 0.00000000e+00 5.11097879e+01
 3.80000000e+01 0.00000000e+00 5.13079555e+01
 3.90000000e+01 0.00000000e+00 5.15097995e+01
 4.00000000e+01 0.00000000e+00 5.17142332e+01
 4.10000000e+01 0.00000000e+00 5.19201697e+01
 4.20000000e+01 0.00000000e+00 5.21265223e+01
 4.30000000e+01 0.00000000e+00 5.23322043e+01
 4.40000000e+01 0.00000000e+00 5.25361288e+01
 4.50000000e+01 0.00000000e+00 5.27372092e+01
 4.60000000e+01 0.00000000e+00 5.29343585e+01
 4.70000000e+01 0.00000000e+00 5.31264901e+01
 4.80000000e+01 0.00000000e+00 5.33125172e+01
 4.90000000e+01 0.00000000e+00 5.34913530e+01
 5.00000000e+01 0.00000000e+00 5.36619108e+01
 5.10000000e+01 0.00000000e+00 5.38071297e+01
 5.20000000e+01 0.00000000e+00 5.39581395e+01
 5.30000000e+01 0.00000000e+00 5.40990305e+01
 5.40000000e+01 0.00000000e+00 5.42300412e+01
 5.50000000e+01 0.00000000e+00 5.43514096e+01
 5.60000000e+01 0.00000000e+00 5.44633742e+01
 5.70000000e+01 0.00000000e+00 5.45661730e+01
 5.80000000e+01 0.00000000e+00 5.46600444e+01
 5.90000000e+01 0.00000000e+00 5.47452267e+01
 6.00000000e+01 0.00000000e+00 5.48219580e+01
 6.10000000e+01 0.00000000e+00 5.48904768e+01
 6.20000000e+01 0.00000000e+00 5.49510211e+01
 6.30000000e+01 0.00000000e+00 5.50038293e+01
 6.40000000e+01 0.00000000e+00 5.50491396e+01
 6.50000000e+01 0.00000000e+00 5.50871902e+01
 6.60000000e+01 0.00000000e+00 5.51182196e+01
 6.70000000e+01 0.00000000e+00 5.51424658e+01
 6.80000000e+01 0.00000000e+00 5.51601671e+01
 6.90000000e+01 0.00000000e+00 5.51715619e+01
 7.00000000e+01 0.00000000e+00 5.51768884e+01
 7.10000000e+01 0.00000000e+00 5.51763847e+01
 7.20000000e+01 0.00000000e+00 5.51702892e+01
 7.30000000e+01 0.00000000e+00 5.51588402e+01
 7.40000000e+01 0.00000000e+00 5.51422759e+01
 7.50000000e+01 0.00000000e+00 5.51208345e+01
 7.60000000e+01 0.00000000e+00 5.50947543e+01
 7.70000000e+01 0.00000000e+00 5.50642736e+01
 7.80000000e+01 0.00000000e+00 5.50296306e+01
 7.90000000e+01 0.00000000e+00 5.49910635e+01
 8.00000000e+01 0.00000000e+00 5.49488107e+01
 8.10000000e+01 0.00000000e+00 5.49031104e+01
 8.20000000e+01 0.00000000e+00 5.48542009e+01
 8.30000000e+01 0.00000000e+00 5.48023203e+01
 8.40000000e+01 0.00000000e+00 5.47477070e+01
 8.50000000e+01 0.00000000e+00 5.46905993e+01
 8.60000000e+01 0.00000000e+00 5.46312353e+01
 8.70000000e+01 0.00000000e+00 5.45698533e+01
 8.80000000e+01 0.00000000e+00 5.45066916e+01
 8.90000000e+01 0.00000000e+00 5.44419885e+01
 9.00000000e+01 0.00000000e+00 5.43759821e+01
 9.10000000e+01 0.00000000e+00 5.43089109e+01
 9.20000000e+01 0.00000000e+00 5.42410129e+01
 9.30000000e+01 0.00000000e+00 5.41725265e+01
 9.40000000e+01 0.00000000e+00 5.41036900e+01
 9.50000000e+01 0.00000000e+00 5.40347415e+01
 9.60000000e+01 0.00000000e+00 5.39659194e+01
 9.70000000e+01 0.00000000e+00 5.38974619e+01
 9.80000000e+01 0.00000000e+00 5.38296072e+01
 9.90000000e+01 0.00000000e+00 5.37625936e+01
 1.00000000e+02 0.00000000e+00 5.36966595e+01
 1.01000000e+02 0.00000000e+00 5.32770867e+01
 1.02000000e+02 0.00000000e+00 5.32139760e+01
 1.03000000e+02 0.00000000e+00 5.31523789e+01
 1.04000000e+02 0.00000000e+00 5.30922879e+01
 1.05000000e+02 0.00000000e+00 5.30336959e+01
 1.06000000e+02 0.00000000e+00 5.29765954e+01
 1.07000000e+02 0.00000000e+00 5.29209793e+01
 1.08000000e+02 0.00000000e+00 5.28668401e+01
 1.09000000e+02 0.00000000e+00 5.28141707e+01
 1.10000000e+02 0.00000000e+00 5.27629636e+01
 1.11000000e+02 0.00000000e+00 5.27132117e+01
 1.12000000e+02 0.00000000e+00 5.26649076e+01
 1.13000000e+02 0.00000000e+00 5.26180439e+01
 1.14000000e+02 0.00000000e+00 5.25726135e+01
 1.15000000e+02 0.00000000e+00 5.25286089e+01
 1.16000000e+02 0.00000000e+00 5.24860230e+01
 1.17000000e+02 0.00000000e+00 5.24448483e+01
 1.18000000e+02 0.00000000e+00 5.24050777e+01
 1.19000000e+02 0.00000000e+00 5.23667037e+01
 1.20000000e+02 0.00000000e+00 5.23297192e+01
 1.21000000e+02 0.00000000e+00 5.22941167e+01
 1.22000000e+02 0.00000000e+00 5.22598890e+01
 1.23000000e+02 0.00000000e+00 5.22270288e+01
 1.24000000e+02 0.00000000e+00 5.21955288e+01
 1.25000000e+02 0.00000000e+00 5.21653817e+01
 1.26000000e+02 0.00000000e+00 5.21365802e+01
 1.27000000e+02 0.00000000e+00 5.21091170e+01
 1.28000000e+02 0.00000000e+00 5.20829848e+01
 1.29000000e+02 0.00000000e+00 5.20581762e+01
 1.30000000e+02 0.00000000e+00 5.20346841e+01
 1.31000000e+02 0.00000000e+00 5.20125010e+01
 1.32000000e+02 0.00000000e+00 5.19916198e+01
 1.33000000e+02 0.00000000e+00 5.19720330e+01
 1.34000000e+02 0.00000000e+00 5.19537334e+01
 1.35000000e+02 0.00000000e+00 5.19367137e+01
 1.36000000e+02 0.00000000e+00 5.19209665e+01
 1.37000000e+02 0.00000000e+00 5.19064847e+01
 1.38000000e+02 0.00000000e+00 5.18932608e+01
 1.39000000e+02 0.00000000e+00 5.18812877e+01
 1.40000000e+02 0.00000000e+00 5.18705579e+01
 1.41000000e+02 0.00000000e+00 5.18610642e+01
 1.42000000e+02 0.00000000e+00 5.18527993e+01
 1.43000000e+02 0.00000000e+00 5.18457558e+01
 1.44000000e+02 0.00000000e+00 5.18399265e+01
 1.45000000e+02 0.00000000e+00 5.18353042e+01
 1.46000000e+02 0.00000000e+00 5.18318814e+01
 1.47000000e+02 0.00000000e+00 5.18296508e+01
 1.48000000e+02 0.00000000e+00 5.18286053e+01
 1.49000000e+02 0.00000000e+00 5.18287374e+01
 1.50000000e+02 0.00000000e+00 5.18300399e+01
 1.51000000e+02 0.00000000e+00 5.12367574e+01
 1.52000000e+02 0.00000000e+00 5.12403547e+01
 1.53000000e+02 0.00000000e+00 5.12450337e+01
 1.54000000e+02 0.00000000e+00 5.12507320e+01
 1.55000000e+02 0.00000000e+00 5.12573875e+01
 1.56000000e+02 0.00000000e+00 5.12649377e+01
 1.57000000e+02 0.00000000e+00 5.12733204e+01
 1.58000000e+02 0.00000000e+00 5.12824733e+01
 1.59000000e+02 0.00000000e+00 5.12923340e+01
 1.60000000e+02 0.00000000e+00 5.13028403e+01
 1.61000000e+02 0.00000000e+00 5.13139299e+01
 1.62000000e+02 0.00000000e+00 5.13255405e+01
 1.63000000e+02 0.00000000e+00 5.13376097e+01
 1.64000000e+02 0.00000000e+00 5.13500753e+01
 1.65000000e+02 0.00000000e+00 5.13628749e+01
 1.66000000e+02 0.00000000e+00 5.13759463e+01
 1.67000000e+02 0.00000000e+00 5.13892271e+01
 1.68000000e+02 0.00000000e+00 5.14026551e+01
 1.69000000e+02 0.00000000e+00 5.14161680e+01
 1.70000000e+02 0.00000000e+00 5.14297034e+01
 1.71000000e+02 0.00000000e+00 5.14431990e+01
 1.72000000e+02 0.00000000e+00 5.14565926e+01
 1.73000000e+02 0.00000000e+00 5.14698218e+01
 1.74000000e+02 0.00000000e+00 5.14828243e+01
 1.75000000e+02 0.00000000e+00 5.14955379e+01
 1.76000000e+02 0.00000000e+00 5.15079002e+01
 1.77000000e+02 0.00000000e+00 5.15198490e+01
 1.78000000e+02 0.00000000e+00 5.15313218e+01
 1.79000000e+02 0.00000000e+00 5.15422565e+01
 1.80000000e+02 0.00000000e+00 5.15525907e+01
 1.81000000e+02 0.00000000e+00 5.15622622e+01
 1.82000000e+02 0.00000000e+00 5.15712085e+01
 1.83000000e+02 0.00000000e+00 5.15793674e+01
 1.84000000e+02 0.00000000e+00 5.15866767e+01
 1.85000000e+02 0.00000000e+00 5.15930740e+01
 1.86000000e+02 0.00000000e+00 5.15984970e+01
 1.87000000e+02 0.00000000e+00 5.16028834e+01
 1.88000000e+02 0.00000000e+00 5.16061708e+01
 1.89000000e+02 0.00000000e+00 5.16082971e+01
 1.90000000e+02 0.00000000e+00 5.16091999e+01
 1.91000000e+02 0.00000000e+00 5.16088169e+01
 1.92000000e+02 0.00000000e+00 5.16070857e+01
 1.93000000e+02 0.00000000e+00 5.16039442e+01
 1.94000000e+02 0.00000000e+00 5.15993299e+01
 1.95000000e+02 0.00000000e+00 5.15931806e+01
 1.96000000e+02 0.00000000e+00 5.15854340e+01
 1.97000000e+02 0.00000000e+00 5.15760278e+01
 1.98000000e+02 0.00000000e+00 5.15648997e+01
 1.99000000e+02 0.00000000e+00 5.15519873e+01
 2.00000000e+02 0.00000000e+00 5.15372284e+01
 2.01000000e+02 0.00000000e+00 5.21099488e+01
 2.02000000e+02 0.00000000e+00 5.20913526e+01
 2.03000000e+02 0.00000000e+00 5.20709120e+01
 2.04000000e+02 0.00000000e+00 5.20487118e+01
 2.05000000e+02 0.00000000e+00 5.20248368e+01
 2.06000000e+02 0.00000000e+00 5.19993717e+01
 2.07000000e+02 0.00000000e+00 5.19724012e+01
 2.08000000e+02 0.00000000e+00 5.19440101e+01
 2.09000000e+02 0.00000000e+00 5.19142832e+01
 2.10000000e+02 0.00000000e+00 5.18833052e+01
 2.11000000e+02 0.00000000e+00 5.18511608e+01
 2.12000000e+02 0.00000000e+00 5.18179348e+01
 2.13000000e+02 0.00000000e+00 5.17837120e+01
 2.14000000e+02 0.00000000e+00 5.17485771e+01
 2.15000000e+02 0.00000000e+00 5.17126149e+01
 2.16000000e+02 0.00000000e+00 5.16759101e+01
 2.17000000e+02 0.00000000e+00 5.16385475e+01
 2.18000000e+02 0.00000000e+00 5.16006118e+01
 2.19000000e+02 0.00000000e+00 5.15621878e+01
 2.20000000e+02 0.00000000e+00 5.15233602e+01
 2.21000000e+02 0.00000000e+00 5.14842139e+01
 2.22000000e+02 0.00000000e+00 5.14448334e+01
 2.23000000e+02 0.00000000e+00 5.14053036e+01
 2.24000000e+02 0.00000000e+00 5.13657093e+01
 2.25000000e+02 0.00000000e+00 5.13261352e+01
 2.26000000e+02 0.00000000e+00 5.12866661e+01
 2.27000000e+02 0.00000000e+00 5.12473866e+01
 2.28000000e+02 0.00000000e+00 5.12083816e+01
 2.29000000e+02 0.00000000e+00 5.11697358e+01
 2.30000000e+02 0.00000000e+00 5.11315340e+01
 2.31000000e+02 0.00000000e+00 5.10938609e+01
 2.32000000e+02 0.00000000e+00 5.10568013e+01
 2.33000000e+02 0.00000000e+00 5.10204399e+01
 2.34000000e+02 0.00000000e+00 5.09848614e+01
 2.35000000e+02 0.00000000e+00 5.09501507e+01
 2.36000000e+02 0.00000000e+00 5.09163925e+01
 2.37000000e+02 0.00000000e+00 5.08836715e+01
 2.38000000e+02 0.00000000e+00 5.08520725e+01
 2.39000000e+02 0.00000000e+00 5.08216802e+01
 2.40000000e+02 0.00000000e+00 5.07925794e+01
 2.41000000e+02 0.00000000e+00 5.07648549e+01
 2.42000000e+02 0.00000000e+00 5.07385914e+01
 2.43000000e+02 0.00000000e+00 5.07138736e+01
 2.44000000e+02 0.00000000e+00 5.06907863e+01
 2.45000000e+02 0.00000000e+00 5.06694143e+01
 2.46000000e+02 0.00000000e+00 5.06498423e+01
 2.47000000e+02 0.00000000e+00 5.06321550e+01
 2.48000000e+02 0.00000000e+00 5.06164373e+01
 2.49000000e+02 0.00000000e+00 5.06027738e+01
 2.50000000e+02 0.00000000e+00 5.05912494e+01
 2.51000000e+02 0.00000000e+00 5.09364977e+01
 2.52000000e+02 0.00000000e+00 5.09294540e+01
 2.53000000e+02 0.00000000e+00 5.09246282e+01
 2.54000000e+02 0.00000000e+00 5.09219756e+01
 2.55000000e+02 0.00000000e+00 5.09214516e+01
 2.56000000e+02 0.00000000e+00 5.09230118e+01
 2.57000000e+02 0.00000000e+00 5.09266114e+01
 2.58000000e+02 0.00000000e+00 5.09322060e+01
 2.59000000e+02 0.00000000e+00 5.09397511e+01
 2.60000000e+02 0.00000000e+00 5.09492019e+01
 2.61000000e+02 0.00000000e+00 5.09605141e+01
 2.62000000e+02 0.00000000e+00 5.09736429e+01
 2.63000000e+02 0.00000000e+00 5.09885439e+01
 2.64000000e+02 0.00000000e+00 5.10051725e+01
 2.65000000e+02 0.00000000e+00 5.10234841e+01
 2.66000000e+02 0.00000000e+00 5.10434342e+01
 2.67000000e+02 0.00000000e+00 5.10649782e+01
 2.68000000e+02 0.00000000e+00 5.10880715e+01
 2.69000000e+02 0.00000000e+00 5.11126695e+01
 2.70000000e+02 0.00000000e+00 5.11387278e+01
 2.71000000e+02 0.00000000e+00 5.11662017e+01
 2.72000000e+02 0.00000000e+00 5.11950467e+01
 2.73000000e+02 0.00000000e+00 5.12252183e+01
 2.74000000e+02 0.00000000e+00 5.12566717e+01
 2.75000000e+02 0.00000000e+00 5.12893626e+01
 2.76000000e+02 0.00000000e+00 5.13232463e+01
 2.77000000e+02 0.00000000e+00 5.13582783e+01
 2.78000000e+02 0.00000000e+00 5.13944139e+01
 2.79000000e+02 0.00000000e+00 5.14316088e+01
 2.80000000e+02 0.00000000e+00 5.14698181e+01
 2.81000000e+02 0.00000000e+00 5.15089975e+01
 2.82000000e+02 0.00000000e+00 5.15491024e+01
 2.83000000e+02 0.00000000e+00 5.15900881e+01
 2.84000000e+02 0.00000000e+00 5.16319102e+01
 2.85000000e+02 0.00000000e+00 5.16745240e+01
 2.86000000e+02 0.00000000e+00 5.17178850e+01
 2.87000000e+02 0.00000000e+00 5.17619487e+01
 2.88000000e+02 0.00000000e+00 5.18066704e+01
 2.89000000e+02 0.00000000e+00 5.18520056e+01
 2.90000000e+02 0.00000000e+00 5.18979098e+01
 2.91000000e+02 0.00000000e+00 5.19443384e+01
 2.92000000e+02 0.00000000e+00 5.19912467e+01
 2.93000000e+02 0.00000000e+00 5.20385904e+01
 2.94000000e+02 0.00000000e+00 5.20863247e+01
 2.95000000e+02 0.00000000e+00 5.21344052e+01
 2.96000000e+02 0.00000000e+00 5.21827872e+01
 2.97000000e+02 0.00000000e+00 5.22314262e+01
 2.98000000e+02 0.00000000e+00 5.22802777e+01
 2.99000000e+02 0.00000000e+00 5.23292970e+01
 3.00000000e+02 0.00000000e+00 5.23784397e+01
 3.01000000e+02 0.00000000e+00 5.24720155e+01
 3.02000000e+02 0.00000000e+00 5.25213729e+01
 3.03000000e+02 0.00000000e+00 5.25710244e+01
 3.04000000e+02 0.00000000e+00 5.26211386e+01
 3.05000000e+02 0.00000000e+00 5.26718841e+01
 3.06000000e+02 0.00000000e+00 5.27234294e+01
 3.07000000e+02 0.00000000e+00 5.27759432e+01
 3.08000000e+02 0.00000000e+00 5.28295940e+01
 3.09000000e+02 0.00000000e+00 5.28845503e+01
 3.10000000e+02 0.00000000e+00 5.29409809e+01
 3.11000000e+02 0.00000000e+00 5.29990542e+01
 3.12000000e+02 0.00000000e+00 5.30589389e+01
 3.13000000e+02 0.00000000e+00 5.31208034e+01
 3.14000000e+02 0.00000000e+00 5.31848165e+01
 3.15000000e+02 0.00000000e+00 5.32511466e+01
 3.16000000e+02 0.00000000e+00 5.33199624e+01
 3.17000000e+02 0.00000000e+00 5.33914325e+01
 3.18000000e+02 0.00000000e+00 5.34657253e+01
 3.19000000e+02 0.00000000e+00 5.35430096e+01
 3.20000000e+02 0.00000000e+00 5.36234538e+01
 3.21000000e+02 0.00000000e+00 5.37072266e+01
 3.22000000e+02 0.00000000e+00 5.37944966e+01
 3.23000000e+02 0.00000000e+00 5.38854322e+01
 3.24000000e+02 0.00000000e+00 5.39802022e+01
 3.25000000e+02 0.00000000e+00 5.40789750e+01
 3.26000000e+02 0.00000000e+00 5.41819193e+01
 3.27000000e+02 0.00000000e+00 5.42892037e+01
 3.28000000e+02 0.00000000e+00 5.44009967e+01
 3.29000000e+02 0.00000000e+00 5.45174668e+01
 3.30000000e+02 0.00000000e+00 5.46387828e+01
 3.31000000e+02 0.00000000e+00 5.47651131e+01
 3.32000000e+02 0.00000000e+00 5.48966263e+01
 3.33000000e+02 0.00000000e+00 5.50334911e+01
 3.34000000e+02 0.00000000e+00 5.51758760e+01
 3.35000000e+02 0.00000000e+00 5.53239496e+01
 3.36000000e+02 0.00000000e+00 5.54778804e+01
 3.37000000e+02 0.00000000e+00 5.56378371e+01
 3.38000000e+02 0.00000000e+00 5.58039882e+01
 3.39000000e+02 0.00000000e+00 5.59765023e+01
 3.40000000e+02 0.00000000e+00 5.61555480e+01
 3.41000000e+02 0.00000000e+00 5.63412938e+01
 3.42000000e+02 0.00000000e+00 5.65339084e+01
 3.43000000e+02 0.00000000e+00 5.67335603e+01
 3.44000000e+02 0.00000000e+00 5.69404182e+01
 3.45000000e+02 0.00000000e+00 5.71546505e+01
 3.46000000e+02 0.00000000e+00 5.73764259e+01
 3.47000000e+02 0.00000000e+00 5.76059129e+01
 3.48000000e+02 0.00000000e+00 5.78432802e+01
 3.49000000e+02 0.00000000e+00 5.80886962e+01
 3.50000000e+02 0.00000000e+00 5.83423297e+01
 3.51000000e+02 0.00000000e+00 5.86910170e+01
 3.52000000e+02 0.00000000e+00 5.89612195e+01
 3.53000000e+02 0.00000000e+00 5.92391310e+01
 3.54000000e+02 0.00000000e+00 5.95242441e+01
 3.55000000e+02 0.00000000e+00 5.98160512e+01
 3.56000000e+02 0.00000000e+00 6.01140448e+01
 3.57000000e+02 0.00000000e+00 6.04177175e+01
 3.58000000e+02 0.00000000e+00 6.07265616e+01
 3.59000000e+02 0.00000000e+00 6.10400699e+01
 3.60000000e+02 0.00000000e+00 6.13577347e+01
 3.61000000e+02 0.00000000e+00 6.16790485e+01
 3.62000000e+02 0.00000000e+00 6.20035039e+01
 3.63000000e+02 0.00000000e+00 6.23305933e+01
 3.64000000e+02 0.00000000e+00 6.26598093e+01
 3.65000000e+02 0.00000000e+00 6.29906444e+01
 3.66000000e+02 0.00000000e+00 6.33225911e+01
 3.67000000e+02 0.00000000e+00 6.36551418e+01
 3.68000000e+02 0.00000000e+00 6.39877892e+01
 3.69000000e+02 0.00000000e+00 6.43200256e+01
 3.70000000e+02 0.00000000e+00 6.46513436e+01
 3.71000000e+02 0.00000000e+00 6.49812357e+01
 3.72000000e+02 0.00000000e+00 6.53091944e+01
 3.73000000e+02 0.00000000e+00 6.56347122e+01
 3.74000000e+02 0.00000000e+00 6.59572816e+01
 3.75000000e+02 0.00000000e+00 6.62763952e+01
 3.76000000e+02 0.00000000e+00 6.65915453e+01
 3.77000000e+02 0.00000000e+00 6.69022246e+01
 3.78000000e+02 0.00000000e+00 6.72079255e+01
 3.79000000e+02 0.00000000e+00 6.75081406e+01
 3.80000000e+02 0.00000000e+00 6.78023623e+01
 3.81000000e+02 0.00000000e+00 6.80900831e+01
 3.82000000e+02 0.00000000e+00 6.83707956e+01
 3.83000000e+02 0.00000000e+00 6.86439922e+01
 3.84000000e+02 0.00000000e+00 6.89091655e+01
 3.85000000e+02 0.00000000e+00 6.91658080e+01
 3.86000000e+02 0.00000000e+00 6.94134121e+01
 3.87000000e+02 0.00000000e+00 6.96514704e+01
 3.88000000e+02 0.00000000e+00 6.98794754e+01
 3.89000000e+02 0.00000000e+00 7.00969195e+01
 3.90000000e+02 0.00000000e+00 7.03032954e+01
 3.91000000e+02 0.00000000e+00 7.04980954e+01
 3.92000000e+02 0.00000000e+00 7.06808121e+01
 3.93000000e+02 0.00000000e+00 7.08509381e+01
 3.94000000e+02 0.00000000e+00 7.10079657e+01
 3.95000000e+02 0.00000000e+00 7.11513875e+01
 3.96000000e+02 0.00000000e+00 7.12806961e+01
 3.97000000e+02 0.00000000e+00 7.13953838e+01
 3.98000000e+02 0.00000000e+00 7.14949433e+01
 3.99000000e+02 0.00000000e+00 7.15788670e+01
 4.00000000e+02 0.00000000e+00 7.16466475e+01
 4.01000000e+02 0.00000000e+00 7.18032792e+01
 4.02000000e+02 0.00000000e+00 7.18379520e+01
 4.03000000e+02 0.00000000e+00 7.18567260e+01
 4.04000000e+02 0.00000000e+00 7.18602181e+01
 4.05000000e+02 0.00000000e+00 7.18490453e+01
 4.06000000e+02 0.00000000e+00 7.18238245e+01
 4.07000000e+02 0.00000000e+00 7.17851726e+01
 4.08000000e+02 0.00000000e+00 7.17337065e+01
 4.09000000e+02 0.00000000e+00 7.16700432e+01
 4.10000000e+02 0.00000000e+00 7.15947997e+01
 4.11000000e+02 0.00000000e+00 7.15085927e+01
 4.12000000e+02 0.00000000e+00 7.14120393e+01
 4.13000000e+02 0.00000000e+00 7.13057565e+01
 4.14000000e+02 0.00000000e+00 7.11903610e+01
 4.15000000e+02 0.00000000e+00 7.10664699e+01
 4.16000000e+02 0.00000000e+00 7.09347001e+01
 4.17000000e+02 0.00000000e+00 7.07956685e+01
 4.18000000e+02 0.00000000e+00 7.06499921e+01
 4.19000000e+02 0.00000000e+00 7.04982877e+01
 4.20000000e+02 0.00000000e+00 7.03411723e+01
 4.21000000e+02 0.00000000e+00 7.01792629e+01
 4.22000000e+02 0.00000000e+00 7.00131763e+01
 4.23000000e+02 0.00000000e+00 6.98435295e+01
 4.24000000e+02 0.00000000e+00 6.96709395e+01
 4.25000000e+02 0.00000000e+00 6.94960231e+01
 4.26000000e+02 0.00000000e+00 6.93193973e+01
 4.27000000e+02 0.00000000e+00 6.91416790e+01
 4.28000000e+02 0.00000000e+00 6.89634851e+01
 4.29000000e+02 0.00000000e+00 6.87854326e+01
 4.30000000e+02 0.00000000e+00 6.86081384e+01
 4.31000000e+02 0.00000000e+00 6.84322194e+01
 4.32000000e+02 0.00000000e+00 6.82582926e+01
 4.33000000e+02 0.00000000e+00 6.80869749e+01
 4.34000000e+02 0.00000000e+00 6.79188832e+01
 4.35000000e+02 0.00000000e+00 6.77546345e+01
 4.36000000e+02 0.00000000e+00 6.75948456e+01
 4.37000000e+02 0.00000000e+00 6.74401336e+01
 4.38000000e+02 0.00000000e+00 6.72911153e+01
 4.39000000e+02 0.00000000e+00 6.71484076e+01
 4.40000000e+02 0.00000000e+00 6.70126276e+01
 4.41000000e+02 0.00000000e+00 6.68843921e+01
 4.42000000e+02 0.00000000e+00 6.67643180e+01
 4.43000000e+02 0.00000000e+00 6.66530224e+01
 4.44000000e+02 0.00000000e+00 6.65511220e+01
 4.45000000e+02 0.00000000e+00 6.64592339e+01
 4.46000000e+02 0.00000000e+00 6.63779750e+01
 4.47000000e+02 0.00000000e+00 6.63079622e+01
 4.48000000e+02 0.00000000e+00 6.62498124e+01
 4.49000000e+02 0.00000000e+00 6.62041426e+01
 4.50000000e+02 0.00000000e+00 6.61715696e+01
 4.51000000e+02 0.00000000e+00 6.50758899e+01
 4.52000000e+02 0.00000000e+00 6.50707054e+01
 4.53000000e+02 0.00000000e+00 6.50789215e+01
 4.54000000e+02 0.00000000e+00 6.51002133e+01
 4.55000000e+02 0.00000000e+00 6.51342561e+01
 4.56000000e+02 0.00000000e+00 6.51807249e+01
 4.57000000e+02 0.00000000e+00 6.52392951e+01
 4.58000000e+02 0.00000000e+00 6.53096417e+01
 4.59000000e+02 0.00000000e+00 6.53914401e+01
 4.60000000e+02 0.00000000e+00 6.54843653e+01
 4.61000000e+02 0.00000000e+00 6.55880925e+01
 4.62000000e+02 0.00000000e+00 6.57022970e+01
 4.63000000e+02 0.00000000e+00 6.58266540e+01
 4.64000000e+02 0.00000000e+00 6.59608386e+01
 4.65000000e+02 0.00000000e+00 6.61045260e+01
 4.66000000e+02 0.00000000e+00 6.62573914e+01
 4.67000000e+02 0.00000000e+00 6.64191100e+01
 4.68000000e+02 0.00000000e+00 6.65893570e+01
 4.69000000e+02 0.00000000e+00 6.67678076e+01
 4.70000000e+02 0.00000000e+00 6.69541369e+01
 4.71000000e+02 0.00000000e+00 6.71480203e+01
 4.72000000e+02 0.00000000e+00 6.73491327e+01
 4.73000000e+02 0.00000000e+00 6.75571495e+01
 4.74000000e+02 0.00000000e+00 6.77717458e+01
 4.75000000e+02 0.00000000e+00 6.79925969e+01
 4.76000000e+02 0.00000000e+00 6.82193778e+01
 4.77000000e+02 0.00000000e+00 6.84517639e+01
 4.78000000e+02 0.00000000e+00 6.86894302e+01
 4.79000000e+02 0.00000000e+00 6.89320520e+01
 4.80000000e+02 0.00000000e+00 6.91793045e+01
 4.81000000e+02 0.00000000e+00 6.94308629e+01
 4.82000000e+02 0.00000000e+00 6.96864023e+01
 4.83000000e+02 0.00000000e+00 6.99455979e+01
 4.84000000e+02 0.00000000e+00 7.02081249e+01
 4.85000000e+02 0.00000000e+00 7.04736586e+01
 4.86000000e+02 0.00000000e+00 7.07418741e+01
 4.87000000e+02 0.00000000e+00 7.10124466e+01
 4.88000000e+02 0.00000000e+00 7.12850512e+01
 4.89000000e+02 0.00000000e+00 7.15593633e+01
 4.90000000e+02 0.00000000e+00 7.18350579e+01
 4.91000000e+02 0.00000000e+00 7.21118102e+01
 4.92000000e+02 0.00000000e+00 7.23892955e+01
 4.93000000e+02 0.00000000e+00 7.26671890e+01
 4.94000000e+02 0.00000000e+00 7.29451657e+01
 4.95000000e+02 0.00000000e+00 7.32229010e+01
 4.96000000e+02 0.00000000e+00 7.35000700e+01
 4.97000000e+02 0.00000000e+00 7.37763479e+01
 4.98000000e+02 0.00000000e+00 7.40514098e+01
 4.99000000e+02 0.00000000e+00 7.43249311e+01
 5.00000000e+02 0.00000000e+00 7.45965868e+01
 5.01000000e+02 0.00000000e+00 7.57663432e+01
 5.02000000e+02 0.00000000e+00 7.60335292e+01
 5.03000000e+02 0.00000000e+00 7.62984192e+01
 5.04000000e+02 0.00000000e+00 7.65610058e+01
 5.05000000e+02 0.00000000e+00 7.68212816e+01
 5.06000000e+02 0.00000000e+00 7.70792390e+01
 5.07000000e+02 0.00000000e+00 7.73348705e+01
 5.08000000e+02 0.00000000e+00 7.75881688e+01
 5.09000000e+02 0.00000000e+00 7.78391263e+01
 5.10000000e+02 0.00000000e+00 7.80877356e+01
 5.11000000e+02 0.00000000e+00 7.83339892e+01
 5.12000000e+02 0.00000000e+00 7.85778797e+01
 5.13000000e+02 0.00000000e+00 7.88193996e+01
 5.14000000e+02 0.00000000e+00 7.90585413e+01
 5.15000000e+02 0.00000000e+00 7.92952975e+01
 5.16000000e+02 0.00000000e+00 7.95296607e+01
 5.17000000e+02 0.00000000e+00 7.97616234e+01
 5.18000000e+02 0.00000000e+00 7.99911781e+01
 5.19000000e+02 0.00000000e+00 8.02183175e+01
 5.20000000e+02 0.00000000e+00 8.04430339e+01
 5.21000000e+02 0.00000000e+00 8.06653200e+01
 5.22000000e+02 0.00000000e+00 8.08851682e+01
 5.23000000e+02 0.00000000e+00 8.11025712e+01
 5.24000000e+02 0.00000000e+00 8.13175214e+01
 5.25000000e+02 0.00000000e+00 8.15300114e+01
 5.26000000e+02 0.00000000e+00 8.17400337e+01
 5.27000000e+02 0.00000000e+00 8.19475808e+01
 5.28000000e+02 0.00000000e+00 8.21526453e+01
 5.29000000e+02 0.00000000e+00 8.23552197e+01
 5.30000000e+02 0.00000000e+00 8.25552966e+01
 5.31000000e+02 0.00000000e+00 8.27528684e+01
 5.32000000e+02 0.00000000e+00 8.29479277e+01
 5.33000000e+02 0.00000000e+00 8.31404671e+01
 5.34000000e+02 0.00000000e+00 8.33304790e+01
 5.35000000e+02 0.00000000e+00 8.35179561e+01
 5.36000000e+02 0.00000000e+00 8.37028908e+01
 5.37000000e+02 0.00000000e+00 8.38852757e+01
 5.38000000e+02 0.00000000e+00 8.40651032e+01
 5.39000000e+02 0.00000000e+00 8.42423660e+01
 5.40000000e+02 0.00000000e+00 8.44170566e+01
 5.41000000e+02 0.00000000e+00 8.45891675e+01
 5.42000000e+02 0.00000000e+00 8.47586912e+01
 5.43000000e+02 0.00000000e+00 8.49256203e+01
 5.44000000e+02 0.00000000e+00 8.50899473e+01
 5.45000000e+02 0.00000000e+00 8.52516647e+01
 5.46000000e+02 0.00000000e+00 8.54107651e+01
 5.47000000e+02 0.00000000e+00 8.55672410e+01
 5.48000000e+02 0.00000000e+00 8.57210850e+01
 5.49000000e+02 0.00000000e+00 8.58722895e+01
 5.50000000e+02 0.00000000e+00 8.60208471e+01
 5.51000000e+02 0.00000000e+00 8.61782507e+01
 5.52000000e+02 0.00000000e+00 8.63215312e+01
 5.53000000e+02 0.00000000e+00 8.64622003e+01
 5.54000000e+02 0.00000000e+00 8.66002829e+01
 5.55000000e+02 0.00000000e+00 8.67358041e+01
 5.56000000e+02 0.00000000e+00 8.68687887e+01
 5.57000000e+02 0.00000000e+00 8.69992618e+01
 5.58000000e+02 0.00000000e+00 8.71272482e+01
 5.59000000e+02 0.00000000e+00 8.72527730e+01
 5.60000000e+02 0.00000000e+00 8.73758610e+01
 5.61000000e+02 0.00000000e+00 8.74965374e+01
 5.62000000e+02 0.00000000e+00 8.76148269e+01
 5.63000000e+02 0.00000000e+00 8.77307545e+01
 5.64000000e+02 0.00000000e+00 8.78443453e+01
 5.65000000e+02 0.00000000e+00 8.79556241e+01
 5.66000000e+02 0.00000000e+00 8.80646160e+01
 5.67000000e+02 0.00000000e+00 8.81713459e+01
 5.68000000e+02 0.00000000e+00 8.82758387e+01
 5.69000000e+02 0.00000000e+00 8.83781193e+01
 5.70000000e+02 0.00000000e+00 8.84782129e+01
 5.71000000e+02 0.00000000e+00 8.85761442e+01
 5.72000000e+02 0.00000000e+00 8.86719383e+01
 5.73000000e+02 0.00000000e+00 8.87656201e+01
 5.74000000e+02 0.00000000e+00 8.88572146e+01
 5.75000000e+02 0.00000000e+00 8.89467467e+01
 5.76000000e+02 0.00000000e+00 8.90342414e+01
 5.77000000e+02 0.00000000e+00 8.91197237e+01
 5.78000000e+02 0.00000000e+00 8.92032184e+01
 5.79000000e+02 0.00000000e+00 8.92847506e+01
 5.80000000e+02 0.00000000e+00 8.93643452e+01
 5.81000000e+02 0.00000000e+00 8.94420271e+01
 5.82000000e+02 0.00000000e+00 8.95178214e+01
 5.83000000e+02 0.00000000e+00 8.95917530e+01
 5.84000000e+02 0.00000000e+00 8.96638468e+01
 5.85000000e+02 0.00000000e+00 8.97341278e+01
 5.86000000e+02 0.00000000e+00 8.98026209e+01
 5.87000000e+02 0.00000000e+00 8.98693511e+01
 5.88000000e+02 0.00000000e+00 8.99343434e+01
 5.89000000e+02 0.00000000e+00 8.99976227e+01
 5.90000000e+02 0.00000000e+00 9.00592139e+01
 5.91000000e+02 0.00000000e+00 9.01191421e+01
 5.92000000e+02 0.00000000e+00 9.01774322e+01
 5.93000000e+02 0.00000000e+00 9.02341091e+01
 5.94000000e+02 0.00000000e+00 9.02891978e+01
 5.95000000e+02 0.00000000e+00 9.03427232e+01
 5.96000000e+02 0.00000000e+00 9.03947103e+01
 5.97000000e+02 0.00000000e+00 9.04451841e+01
 5.98000000e+02 0.00000000e+00 9.04941695e+01
 5.99000000e+02 0.00000000e+00 9.05416915e+01
 6.00000000e+02 0.00000000e+00 9.05877750e+01
 6.01000000e+02 0.00000000e+00 9.05245744e+01
 6.02000000e+02 0.00000000e+00 9.05679808e+01
 6.03000000e+02 0.00000000e+00 9.06102821e+01
 6.04000000e+02 0.00000000e+00 9.06516426e+01
 6.05000000e+02 0.00000000e+00 9.06922264e+01
 6.06000000e+02 0.00000000e+00 9.07321979e+01
 6.07000000e+02 0.00000000e+00 9.07717210e+01
 6.08000000e+02 0.00000000e+00 9.08109602e+01
 6.09000000e+02 0.00000000e+00 9.08500794e+01
 6.10000000e+02 0.00000000e+00 9.08892430e+01
 6.11000000e+02 0.00000000e+00 9.09286151e+01
 6.12000000e+02 0.00000000e+00 9.09683600e+01
 6.13000000e+02 0.00000000e+00 9.10086417e+01
 6.14000000e+02 0.00000000e+00 9.10496246e+01
 6.15000000e+02 0.00000000e+00 9.10914727e+01
 6.16000000e+02 0.00000000e+00 9.11343504e+01
 6.17000000e+02 0.00000000e+00 9.11784217e+01
 6.18000000e+02 0.00000000e+00 9.12238509e+01
 6.19000000e+02 0.00000000e+00 9.12708022e+01
 6.20000000e+02 0.00000000e+00 9.13194398e+01
 6.21000000e+02 0.00000000e+00 9.13699278e+01
 6.22000000e+02 0.00000000e+00 9.14224305e+01
 6.23000000e+02 0.00000000e+00 9.14771120e+01
 6.24000000e+02 0.00000000e+00 9.15341366e+01
 6.25000000e+02 0.00000000e+00 9.15936684e+01
 6.26000000e+02 0.00000000e+00 9.16558717e+01
 6.27000000e+02 0.00000000e+00 9.17209105e+01
 6.28000000e+02 0.00000000e+00 9.17889492e+01
 6.29000000e+02 0.00000000e+00 9.18601519e+01
 6.30000000e+02 0.00000000e+00 9.19346828e+01
 6.31000000e+02 0.00000000e+00 9.20127061e+01
 6.32000000e+02 0.00000000e+00 9.20943860e+01
 6.33000000e+02 0.00000000e+00 9.21798867e+01
 6.34000000e+02 0.00000000e+00 9.22693723e+01
 6.35000000e+02 0.00000000e+00 9.23630071e+01
 6.36000000e+02 0.00000000e+00 9.24609553e+01
 6.37000000e+02 0.00000000e+00 9.25633810e+01
 6.38000000e+02 0.00000000e+00 9.26704485e+01
 6.39000000e+02 0.00000000e+00 9.27823220e+01
 6.40000000e+02 0.00000000e+00 9.28991656e+01
 6.41000000e+02 0.00000000e+00 9.30211435e+01
 6.42000000e+02 0.00000000e+00 9.31484199e+01
 6.43000000e+02 0.00000000e+00 9.32811591e+01
 6.44000000e+02 0.00000000e+00 9.34195251e+01
 6.45000000e+02 0.00000000e+00 9.35636823e+01
 6.46000000e+02 0.00000000e+00 9.37137948e+01
 6.47000000e+02 0.00000000e+00 9.38700268e+01
 6.48000000e+02 0.00000000e+00 9.40325424e+01
 6.49000000e+02 0.00000000e+00 9.42015060e+01
 6.50000000e+02 0.00000000e+00 9.43770816e+01
 6.51000000e+02 0.00000000e+00 9.47732901e+01
 6.52000000e+02 0.00000000e+00 9.49618010e+01
 6.53000000e+02 0.00000000e+00 9.51560022e+01
 6.54000000e+02 0.00000000e+00 9.53553244e+01
 6.55000000e+02 0.00000000e+00 9.55591985e+01
 6.56000000e+02 0.00000000e+00 9.57670553e+01
 6.57000000e+02 0.00000000e+00 9.59783256e+01
 6.58000000e+02 0.00000000e+00 9.61924402e+01
 6.59000000e+02 0.00000000e+00 9.64088300e+01
 6.60000000e+02 0.00000000e+00 9.66269256e+01
 6.61000000e+02 0.00000000e+00 9.68461580e+01
 6.62000000e+02 0.00000000e+00 9.70659579e+01
 6.63000000e+02 0.00000000e+00 9.72857562e+01
 6.64000000e+02 0.00000000e+00 9.75049837e+01
 6.65000000e+02 0.00000000e+00 9.77230710e+01
 6.66000000e+02 0.00000000e+00 9.79394492e+01
 6.67000000e+02 0.00000000e+00 9.81535490e+01
 6.68000000e+02 0.00000000e+00 9.83648011e+01
 6.69000000e+02 0.00000000e+00 9.85726364e+01
 6.70000000e+02 0.00000000e+00 9.87764858e+01
 6.71000000e+02 0.00000000e+00 9.89757799e+01
 6.72000000e+02 0.00000000e+00 9.91699497e+01
 6.73000000e+02 0.00000000e+00 9.93584259e+01
 6.74000000e+02 0.00000000e+00 9.95406393e+01
 6.75000000e+02 0.00000000e+00 9.97160208e+01
 6.76000000e+02 0.00000000e+00 9.98840011e+01
 6.77000000e+02 0.00000000e+00 1.00044011e+02
 6.78000000e+02 0.00000000e+00 1.00195481e+02
 6.79000000e+02 0.00000000e+00 1.00337843e+02
 6.80000000e+02 0.00000000e+00 1.00470527e+02
 6.81000000e+02 0.00000000e+00 1.00592964e+02
 6.82000000e+02 0.00000000e+00 1.00704584e+02
 6.83000000e+02 0.00000000e+00 1.00804819e+02
 6.84000000e+02 0.00000000e+00 1.00893099e+02
 6.85000000e+02 0.00000000e+00 1.00968856e+02
 6.86000000e+02 0.00000000e+00 1.01031519e+02
 6.87000000e+02 0.00000000e+00 1.01080520e+02
 6.88000000e+02 0.00000000e+00 1.01115289e+02
 6.89000000e+02 0.00000000e+00 1.01135258e+02
 6.90000000e+02 0.00000000e+00 1.01139857e+02
 6.91000000e+02 0.00000000e+00 1.01128517e+02
 6.92000000e+02 0.00000000e+00 1.01100669e+02
 6.93000000e+02 0.00000000e+00 1.01055744e+02
 6.94000000e+02 0.00000000e+00 1.00993171e+02
 6.95000000e+02 0.00000000e+00 1.00912383e+02
 6.96000000e+02 0.00000000e+00 1.00812810e+02
 6.97000000e+02 0.00000000e+00 1.00693883e+02
 6.98000000e+02 0.00000000e+00 1.00555033e+02
 6.99000000e+02 0.00000000e+00 1.00395690e+02
 7.00000000e+02 0.00000000e+00 1.00215285e+02
