 1.00000000e+00 4.00000000e+00 5.14218390e+00
 2.00000000e+00 4.00000000e+00 5.30882206e+00
 3.00000000e+00 4.00000000e+00 5.46229994e+00
 4.00000000e+00 4.00000000e+00 5.60297025e+00
 5.00000000e+00 4.00000000e+00 5.73118572e+00
 6.00000000e+00 4.00000000e+00 5.84729905e+00
 7.00000000e+00 4.00000000e+00 5.95166298e+00
 8.00000000e+00 4.00000000e+00 6.04463022e+00
 9.00000000e+00 4.00000000e+00 6.12655347e+00
 1.00000000e+01 4.00000000e+00 6.19778547e+00
 1.10000000e+01 4.00000000e+00 6.25867892e+00
 1.20000000e+01 4.00000000e+00 6.30958655e+00
 1.30000000e+01 4.00000000e+00 6.35086107e+00
 1.40000000e+01 4.00000000e+00 6.38285519e+00
 1.50000000e+01 4.00000000e+00 6.40592164e+00
 1.60000000e+01 4.00000000e+00 6.42041314e+00
 1.70000000e+01 4.00000000e+00 6.42668239e+00
 1.80000000e+01 4.00000000e+00 6.42508212e+00
 1.90000000e+01 4.00000000e+00 6.41596504e+00
 2.00000000e+01 4.00000000e+00 6.39968387e+00
 2.10000000e+01 4.00000000e+00 6.37659133e+00
 2.20000000e+01 4.00000000e+00 6.34704014e+00
 2.30000000e+01 4.00000000e+00 6.31138300e+00
 2.40000000e+01 4.00000000e+00 6.26997265e+00
 2.50000000e+01 4.00000000e+00 6.22316179e+00
 2.60000000e+01 4.00000000e+00 6.17130314e+00
 2.70000000e+01 4.00000000e+00 6.11474942e+00
 2.80000000e+01 4.00000000e+00 6.05385335e+00
 2.90000000e+01 4.00000000e+00 5.98896765e+00
 3.00000000e+01 4.00000000e+00 5.92044502e+00
 3.10000000e+01 4.00000000e+00 5.84863819e+00
 3.20000000e+01 4.00000000e+00 5.77389988e+00
 3.30000000e+01 4.00000000e+00 5.69658280e+00
 3.40000000e+01 4.00000000e+00 5.61703967e+00
 3.50000000e+01 4.00000000e+00 5.53562320e+00
 3.60000000e+01 4.00000000e+00 5.45268612e+00
 3.70000000e+01 4.00000000e+00 5.36858114e+00
 3.80000000e+01 4.00000000e+00 5.28366098e+00
 3.90000000e+01 4.00000000e+00 5.19827835e+00
 4.00000000e+01 4.00000000e+00 5.11278597e+00
 4.10000000e+01 4.00000000e+00 5.02753656e+00
 4.20000000e+01 4.00000000e+00 4.94288284e+00
 4.30000000e+01 4.00000000e+00 4.85917752e+00
 4.40000000e+01 4.00000000e+00 4.77677331e+00
 4.50000000e+01 4.00000000e+00 4.69602295e+00
 4.60000000e+01 4.00000000e+00 4.61727914e+00
 4.70000000e+01 4.00000000e+00 4.54089460e+00
 4.80000000e+01 4.00000000e+00 4.46722205e+00
 4.90000000e+01 4.00000000e+00 4.39661420e+00
 5.00000000e+01 4.00000000e+00 4.32942378e+00
 5.10000000e+01 4.00000000e+00 4.26600349e+00
 5.20000000e+01 4.00000000e+00 4.20670606e+00
 5.30000000e+01 4.00000000e+00 4.15188421e+00
 5.40000000e+01 4.00000000e+00 4.10189064e+00
 5.50000000e+01 4.00000000e+00 4.05707808e+00
 5.60000000e+01 4.00000000e+00 4.01779925e+00
 5.70000000e+01 4.00000000e+00 3.98440686e+00
 5.80000000e+01 4.00000000e+00 3.95725362e+00
 5.90000000e+01 4.00000000e+00 3.83114548e+00
 6.00000000e+01 4.00000000e+00 3.81739328e+00
 6.10000000e+01 4.00000000e+00 3.81027704e+00
 6.20000000e+01 4.00000000e+00 3.80953898e+00
 6.30000000e+01 4.00000000e+00 3.81492135e+00
 6.40000000e+01 4.00000000e+00 3.82616638e+00
 6.50000000e+01 4.00000000e+00 3.84301630e+00
 6.60000000e+01 4.00000000e+00 3.86521335e+00
 6.70000000e+01 4.00000000e+00 3.89249977e+00
 6.80000000e+01 4.00000000e+00 3.92461778e+00
 6.90000000e+01 4.00000000e+00 3.96130962e+00
 7.00000000e+01 4.00000000e+00 4.00231753e+00
 7.10000000e+01 4.00000000e+00 4.04738375e+00
 7.20000000e+01 4.00000000e+00 4.09625050e+00
 7.30000000e+01 4.00000000e+00 4.14866002e+00
 7.40000000e+01 4.00000000e+00 4.20435455e+00
 7.50000000e+01 4.00000000e+00 4.26307631e+00
 7.60000000e+01 4.00000000e+00 4.32456756e+00
 7.70000000e+01 4.00000000e+00 4.38857052e+00
 7.80000000e+01 4.00000000e+00 4.45482742e+00
 7.90000000e+01 4.00000000e+00 4.52308050e+00
 8.00000000e+01 4.00000000e+00 4.59307200e+00
 8.10000000e+01 4.00000000e+00 4.66454415e+00
 8.20000000e+01 4.00000000e+00 4.73723918e+00
 8.30000000e+01 4.00000000e+00 4.81089933e+00
 8.40000000e+01 4.00000000e+00 4.88526684e+00
 8.50000000e+01 4.00000000e+00 4.96008394e+00
 8.60000000e+01 4.00000000e+00 5.03509286e+00
 8.70000000e+01 4.00000000e+00 5.11003583e+00
 8.80000000e+01 4.00000000e+00 5.18465511e+00
 8.90000000e+01 4.00000000e+00 5.25869291e+00
 9.00000000e+01 4.00000000e+00 5.33189147e+00
 9.10000000e+01 4.00000000e+00 5.40399303e+00
 9.20000000e+01 4.00000000e+00 5.47473983e+00
 9.30000000e+01 4.00000000e+00 5.54387409e+00
 9.40000000e+01 4.00000000e+00 5.61113806e+00
 9.50000000e+01 4.00000000e+00 5.67627396e+00
 9.60000000e+01 4.00000000e+00 5.73902403e+00
 9.70000000e+01 4.00000000e+00 5.79913051e+00
 9.80000000e+01 4.00000000e+00 5.85633563e+00
 9.90000000e+01 4.00000000e+00 5.91038163e+00
 1.00000000e+02 4.00000000e+00 5.96101074e+00
 1.01000000e+02 4.00000000e+00 6.00796520e+00
 1.02000000e+02 4.00000000e+00 6.05098723e+00
 1.03000000e+02 4.00000000e+00 6.08981908e+00
 1.04000000e+02 4.00000000e+00 6.12420298e+00
 1.05000000e+02 4.00000000e+00 6.15388117e+00
 1.06000000e+02 4.00000000e+00 6.17859588e+00
 1.07000000e+02 4.00000000e+00 6.19808934e+00
 1.08000000e+02 4.00000000e+00 6.21210379e+00
 1.09000000e+02 4.00000000e+00 6.22038146e+00
 1.10000000e+02 4.00000000e+00 6.22266460e+00
 1.11000000e+02 4.00000000e+00 6.21869542e+00
 1.12000000e+02 4.00000000e+00 6.20821618e+00
 1.13000000e+02 4.00000000e+00 6.19096910e+00
 1.14000000e+02 4.00000000e+00 6.16669642e+00
 1.15000000e+02 4.00000000e+00 6.13514037e+00
 1.16000000e+02 4.00000000e+00 6.09604318e+00
 1.17000000e+02 4.00000000e+00 6.46280645e+00
 1.18000000e+02 4.00000000e+00 6.40792577e+00
 1.19000000e+02 4.00000000e+00 6.34498471e+00
 1.20000000e+02 4.00000000e+00 6.27394325e+00
 1.21000000e+02 4.00000000e+00 6.19476136e+00
 1.22000000e+02 4.00000000e+00 6.10739903e+00
 1.23000000e+02 4.00000000e+00 6.01181625e+00
 1.24000000e+02 4.00000000e+00 5.90797300e+00
 1.25000000e+02 4.00000000e+00 5.79582926e+00
 1.26000000e+02 4.00000000e+00 5.67534502e+00
 1.27000000e+02 4.00000000e+00 5.54648025e+00
 1.28000000e+02 4.00000000e+00 5.40919495e+00
 1.29000000e+02 4.00000000e+00 5.26344910e+00
 1.30000000e+02 4.00000000e+00 5.10920267e+00
 1.31000000e+02 4.00000000e+00 4.94641566e+00
 1.32000000e+02 4.00000000e+00 4.77504805e+00
 1.33000000e+02 4.00000000e+00 4.59505981e+00
 1.34000000e+02 4.00000000e+00 4.40641095e+00
 1.35000000e+02 4.00000000e+00 4.20906142e+00
 1.36000000e+02 4.00000000e+00 4.00297123e+00
 1.37000000e+02 4.00000000e+00 3.78810036e+00
 1.38000000e+02 4.00000000e+00 3.56440878e+00
 1.39000000e+02 4.00000000e+00 3.33185649e+00
 1.40000000e+02 4.00000000e+00 3.09040346e+00
 1.41000000e+02 4.00000000e+00 2.84000968e+00
 1.42000000e+02 4.00000000e+00 2.58063513e+00
 1.43000000e+02 4.00000000e+00 2.31223979e+00
 1.44000000e+02 4.00000000e+00 2.03478366e+00
 1.45000000e+02 4.00000000e+00 1.74822671e+00
 1.46000000e+02 4.00000000e+00 1.45252892e+00
 1.47000000e+02 4.00000000e+00 1.14765029e+00
 1.48000000e+02 4.00000000e+00 8.33550788e-01
 1.49000000e+02 4.00000000e+00 5.10190403e-01
 1.50000000e+02 4.00000000e+00 1.77529119e-01
 1.51000000e+02 4.00000000e+00 -1.64473081e-01
 1.52000000e+02 4.00000000e+00 -5.15856214e-01
 1.53000000e+02 4.00000000e+00 -8.76660296e-01
 1.54000000e+02 4.00000000e+00 -1.24692534e+00
 1.55000000e+02 4.00000000e+00 -1.62669137e+00
 1.56000000e+02 4.00000000e+00 -2.01599840e+00
 1.57000000e+02 4.00000000e+00 -2.41488644e+00
 1.58000000e+02 4.00000000e+00 -2.82339552e+00
 1.59000000e+02 4.00000000e+00 -3.24156564e+00
 1.60000000e+02 4.00000000e+00 -3.66943683e+00
 1.61000000e+02 4.00000000e+00 -4.10704909e+00
 1.62000000e+02 4.00000000e+00 -4.55444246e+00
 1.63000000e+02 4.00000000e+00 -5.01165694e+00
 1.64000000e+02 4.00000000e+00 -5.47873255e+00
 1.65000000e+02 4.00000000e+00 -5.95570930e+00
 1.66000000e+02 4.00000000e+00 -6.44262722e+00
 1.67000000e+02 4.00000000e+00 -6.93952632e+00
 1.68000000e+02 4.00000000e+00 -7.44644662e+00
 1.69000000e+02 4.00000000e+00 -7.96342813e+00
 1.70000000e+02 4.00000000e+00 -8.49051086e+00
 1.71000000e+02 4.00000000e+00 -9.02773485e+00
 1.72000000e+02 4.00000000e+00 -9.57514009e+00
 1.73000000e+02 4.00000000e+00 -1.01327666e+01
 1.74000000e+02 4.00000000e+00 -1.07006544e+01
 1.75000000e+02 4.00000000e+00 -1.23515182e+01
 1.76000000e+02 4.00000000e+00 -1.29399071e+01
 1.77000000e+02 4.00000000e+00 -1.35380931e+01
 1.78000000e+02 4.00000000e+00 -1.41456490e+01
 1.79000000e+02 4.00000000e+00 -1.47621475e+01
 1.80000000e+02 4.00000000e+00 -1.53871611e+01
 1.81000000e+02 4.00000000e+00 -1.60202627e+01
 1.82000000e+02 4.00000000e+00 -1.66610248e+01
 1.83000000e+02 4.00000000e+00 -1.73090202e+01
 1.84000000e+02 4.00000000e+00 -1.79638215e+01
 1.85000000e+02 4.00000000e+00 -1.86250015e+01
 1.86000000e+02 4.00000000e+00 -1.92921327e+01
 1.87000000e+02 4.00000000e+00 -1.99647880e+01
 1.88000000e+02 4.00000000e+00 -2.06425399e+01
 1.89000000e+02 4.00000000e+00 -2.13249612e+01
 1.90000000e+02 4.00000000e+00 -2.20116245e+01
 1.91000000e+02 4.00000000e+00 -2.27021025e+01
 1.92000000e+02 4.00000000e+00 -2.33959679e+01
 1.93000000e+02 4.00000000e+00 -2.40927933e+01
 1.94000000e+02 4.00000000e+00 -2.47921515e+01
 1.95000000e+02 4.00000000e+00 -2.54936152e+01
 1.96000000e+02 4.00000000e+00 -2.61967570e+01
 1.97000000e+02 4.00000000e+00 -2.69011495e+01
 1.98000000e+02 4.00000000e+00 -2.76063656e+01
 1.99000000e+02 4.00000000e+00 -2.83119778e+01
 2.00000000e+02 4.00000000e+00 -2.90175588e+01
 2.01000000e+02 4.00000000e+00 -2.97226814e+01
 2.02000000e+02 4.00000000e+00 -3.04269182e+01
 2.03000000e+02 4.00000000e+00 -3.11298419e+01
 2.04000000e+02 4.00000000e+00 -3.18310251e+01
 2.05000000e+02 4.00000000e+00 -3.25300406e+01
 2.06000000e+02 4.00000000e+00 -3.32264610e+01
 2.07000000e+02 4.00000000e+00 -3.39198590e+01
 2.08000000e+02 4.00000000e+00 -3.46098073e+01
 2.09000000e+02 4.00000000e+00 -3.52958785e+01
 2.10000000e+02 4.00000000e+00 -3.59776455e+01
 2.11000000e+02 4.00000000e+00 -3.66546807e+01
 2.12000000e+02 4.00000000e+00 -3.73265570e+01
 2.13000000e+02 4.00000000e+00 -3.79928470e+01
 2.14000000e+02 4.00000000e+00 -3.86531233e+01
 2.15000000e+02 4.00000000e+00 -3.93069587e+01
 2.16000000e+02 4.00000000e+00 -3.99539259e+01
 2.17000000e+02 4.00000000e+00 -4.05935974e+01
 2.18000000e+02 4.00000000e+00 -4.12255461e+01
 2.19000000e+02 4.00000000e+00 -4.18493446e+01
 2.20000000e+02 4.00000000e+00 -4.24645655e+01
 2.21000000e+02 4.00000000e+00 -4.30707815e+01
 2.22000000e+02 4.00000000e+00 -4.36675654e+01
 2.23000000e+02 4.00000000e+00 -4.42544898e+01
 2.24000000e+02 4.00000000e+00 -4.48311274e+01
 2.25000000e+02 4.00000000e+00 -4.53970509e+01
 2.26000000e+02 4.00000000e+00 -4.59518329e+01
 2.27000000e+02 4.00000000e+00 -4.64950461e+01
 2.28000000e+02 4.00000000e+00 -4.70262633e+01
 2.29000000e+02 4.00000000e+00 -4.75450570e+01
 2.30000000e+02 4.00000000e+00 -4.80510001e+01
 2.31000000e+02 4.00000000e+00 -4.85436651e+01
 2.32000000e+02 4.00000000e+00 -4.90226247e+01
 2.33000000e+02 4.00000000e+00 -4.89058232e+01
 2.34000000e+02 4.00000000e+00 -4.93563577e+01
 2.35000000e+02 4.00000000e+00 -4.97928118e+01
 2.36000000e+02 4.00000000e+00 -5.02154385e+01
 2.37000000e+02 4.00000000e+00 -5.06244907e+01
 2.38000000e+02 4.00000000e+00 -5.10202212e+01
 2.39000000e+02 4.00000000e+00 -5.14028829e+01
 2.40000000e+02 4.00000000e+00 -5.17727289e+01
 2.41000000e+02 4.00000000e+00 -5.21300119e+01
 2.42000000e+02 4.00000000e+00 -5.24749848e+01
 2.43000000e+02 4.00000000e+00 -5.28079007e+01
 2.44000000e+02 4.00000000e+00 -5.31290123e+01
 2.45000000e+02 4.00000000e+00 -5.34385726e+01
 2.46000000e+02 4.00000000e+00 -5.37368345e+01
 2.47000000e+02 4.00000000e+00 -5.40240509e+01
 2.48000000e+02 4.00000000e+00 -5.43004747e+01
 2.49000000e+02 4.00000000e+00 -5.45663588e+01
 2.50000000e+02 4.00000000e+00 -5.48219562e+01
 2.51000000e+02 4.00000000e+00 -5.50675196e+01
 2.52000000e+02 4.00000000e+00 -5.53033020e+01
 2.53000000e+02 4.00000000e+00 -5.55295564e+01
 2.54000000e+02 4.00000000e+00 -5.57465355e+01
 2.55000000e+02 4.00000000e+00 -5.59544924e+01
 2.56000000e+02 4.00000000e+00 -5.61536800e+01
 2.57000000e+02 4.00000000e+00 -5.63443510e+01
 2.58000000e+02 4.00000000e+00 -5.65267585e+01
 2.59000000e+02 4.00000000e+00 -5.67011554e+01
 2.60000000e+02 4.00000000e+00 -5.68677944e+01
 2.61000000e+02 4.00000000e+00 -5.70269287e+01
 2.62000000e+02 4.00000000e+00 -5.71788110e+01
 2.63000000e+02 4.00000000e+00 -5.73236942e+01
 2.64000000e+02 4.00000000e+00 -5.74618313e+01
 2.65000000e+02 4.00000000e+00 -5.75934752e+01
 2.66000000e+02 4.00000000e+00 -5.77188787e+01
 2.67000000e+02 4.00000000e+00 -5.78382948e+01
 2.68000000e+02 4.00000000e+00 -5.79519764e+01
 2.69000000e+02 4.00000000e+00 -5.80601764e+01
 2.70000000e+02 4.00000000e+00 -5.81631477e+01
 2.71000000e+02 4.00000000e+00 -5.82611431e+01
 2.72000000e+02 4.00000000e+00 -5.83544156e+01
 2.73000000e+02 4.00000000e+00 -5.84432182e+01
 2.74000000e+02 4.00000000e+00 -5.85278036e+01
 2.75000000e+02 4.00000000e+00 -5.86084249e+01
 2.76000000e+02 4.00000000e+00 -5.86853348e+01
 2.77000000e+02 4.00000000e+00 -5.87587864e+01
 2.78000000e+02 4.00000000e+00 -5.88290324e+01
 2.79000000e+02 4.00000000e+00 -5.88963259e+01
 2.80000000e+02 4.00000000e+00 -5.89609198e+01
 2.81000000e+02 4.00000000e+00 -5.90230668e+01
 2.82000000e+02 4.00000000e+00 -5.90830200e+01
 2.83000000e+02 4.00000000e+00 -5.91410322e+01
 2.84000000e+02 4.00000000e+00 -5.91973564e+01
 2.85000000e+02 4.00000000e+00 -5.92522454e+01
 2.86000000e+02 4.00000000e+00 -5.93059521e+01
 2.87000000e+02 4.00000000e+00 -5.93587296e+01
 2.88000000e+02 4.00000000e+00 -5.94108305e+01
 2.89000000e+02 4.00000000e+00 -5.94625079e+01
 2.90000000e+02 4.00000000e+00 -5.95140147e+01
 2.91000000e+02 4.00000000e+00 -5.97768307e+01
 2.92000000e+02 4.00000000e+00 -5.98286069e+01
 2.93000000e+02 4.00000000e+00 -5.98805287e+01
 2.94000000e+02 4.00000000e+00 -5.99325368e+01
 2.95000000e+02 4.00000000e+00 -5.99845718e+01
 2.96000000e+02 4.00000000e+00 -6.00365743e+01
 2.97000000e+02 4.00000000e+00 -6.00884850e+01
 2.98000000e+02 4.00000000e+00 -6.01402443e+01
 2.99000000e+02 4.00000000e+00 -6.01917930e+01
 3.00000000e+02 4.00000000e+00 -6.02430717e+01
 3.01000000e+02 4.00000000e+00 -6.02940209e+01
 3.02000000e+02 4.00000000e+00 -6.03445814e+01
 3.03000000e+02 4.00000000e+00 -6.03946936e+01
 3.04000000e+02 4.00000000e+00 -6.04442982e+01
 3.05000000e+02 4.00000000e+00 -6.04933359e+01
 3.06000000e+02 4.00000000e+00 -6.05417473e+01
 3.07000000e+02 4.00000000e+00 -6.05894728e+01
 3.08000000e+02 4.00000000e+00 -6.06364533e+01
 3.09000000e+02 4.00000000e+00 -6.06826292e+01
 3.10000000e+02 4.00000000e+00 -6.07279413e+01
 3.11000000e+02 4.00000000e+00 -6.07723300e+01
 3.12000000e+02 4.00000000e+00 -6.08157361e+01
 3.13000000e+02 4.00000000e+00 -6.08581002e+01
 3.14000000e+02 4.00000000e+00 -6.08993628e+01
 3.15000000e+02 4.00000000e+00 -6.09394645e+01
 3.16000000e+02 4.00000000e+00 -6.09783460e+01
 3.17000000e+02 4.00000000e+00 -6.10159480e+01
 3.18000000e+02 4.00000000e+00 -6.10522109e+01
 3.19000000e+02 4.00000000e+00 -6.10870755e+01
 3.20000000e+02 4.00000000e+00 -6.11204823e+01
 3.21000000e+02 4.00000000e+00 -6.11523720e+01
 3.22000000e+02 4.00000000e+00 -6.11826851e+01
 3.23000000e+02 4.00000000e+00 -6.12113623e+01
 3.24000000e+02 4.00000000e+00 -6.12383442e+01
 3.25000000e+02 4.00000000e+00 -6.12635714e+01
 3.26000000e+02 4.00000000e+00 -6.12869846e+01
 3.27000000e+02 4.00000000e+00 -6.13085243e+01
 3.28000000e+02 4.00000000e+00 -6.13281311e+01
 3.29000000e+02 4.00000000e+00 -6.13457457e+01
 3.30000000e+02 4.00000000e+00 -6.13613086e+01
 3.31000000e+02 4.00000000e+00 -6.13747606e+01
 3.32000000e+02 4.00000000e+00 -6.13860421e+01
 3.33000000e+02 4.00000000e+00 -6.13950939e+01
 3.34000000e+02 4.00000000e+00 -6.14018565e+01
 3.35000000e+02 4.00000000e+00 -6.14062706e+01
 3.36000000e+02 4.00000000e+00 -6.14082767e+01
 3.37000000e+02 4.00000000e+00 -6.14078155e+01
 3.38000000e+02 4.00000000e+00 -6.14048276e+01
 3.39000000e+02 4.00000000e+00 -6.13992536e+01
 3.40000000e+02 4.00000000e+00 -6.13910341e+01
 3.41000000e+02 4.00000000e+00 -6.13801097e+01
 3.42000000e+02 4.00000000e+00 -6.13664211e+01
 3.43000000e+02 4.00000000e+00 -6.13499088e+01
 3.44000000e+02 4.00000000e+00 -6.13305135e+01
 3.45000000e+02 4.00000000e+00 -6.13081758e+01
 3.46000000e+02 4.00000000e+00 -6.12828363e+01
 3.47000000e+02 4.00000000e+00 -6.12544356e+01
 3.48000000e+02 4.00000000e+00 -6.12229143e+01
 3.49000000e+02 4.00000000e+00 -6.14913910e+01
 3.50000000e+02 4.00000000e+00 -6.14535231e+01
 3.51000000e+02 4.00000000e+00 -6.14125465e+01
 3.52000000e+02 4.00000000e+00 -6.13685287e+01
 3.53000000e+02 4.00000000e+00 -6.13215370e+01
 3.54000000e+02 4.00000000e+00 -6.12716388e+01
 3.55000000e+02 4.00000000e+00 -6.12189014e+01
 3.56000000e+02 4.00000000e+00 -6.11633922e+01
 3.57000000e+02 4.00000000e+00 -6.11051787e+01
 3.58000000e+02 4.00000000e+00 -6.10443280e+01
 3.59000000e+02 4.00000000e+00 -6.09809077e+01
 3.60000000e+02 4.00000000e+00 -6.09149850e+01
 3.61000000e+02 4.00000000e+00 -6.08466273e+01
 3.62000000e+02 4.00000000e+00 -6.07759021e+01
 3.63000000e+02 4.00000000e+00 -6.07028766e+01
 3.64000000e+02 4.00000000e+00 -6.06276182e+01
 3.65000000e+02 4.00000000e+00 -6.05501943e+01
 3.66000000e+02 4.00000000e+00 -6.04706722e+01
 3.67000000e+02 4.00000000e+00 -6.03891194e+01
 3.68000000e+02 4.00000000e+00 -6.03056031e+01
 3.69000000e+02 4.00000000e+00 -6.02201908e+01
 3.70000000e+02 4.00000000e+00 -6.01329497e+01
 3.71000000e+02 4.00000000e+00 -6.00439474e+01
 3.72000000e+02 4.00000000e+00 -5.99532510e+01
 3.73000000e+02 4.00000000e+00 -5.98609280e+01
 3.74000000e+02 4.00000000e+00 -5.97670458e+01
 3.75000000e+02 4.00000000e+00 -5.96716717e+01
 3.76000000e+02 4.00000000e+00 -5.95748731e+01
 3.77000000e+02 4.00000000e+00 -5.94767173e+01
 3.78000000e+02 4.00000000e+00 -5.93772718e+01
 3.79000000e+02 4.00000000e+00 -5.92766038e+01
 3.80000000e+02 4.00000000e+00 -5.91747807e+01
 3.81000000e+02 4.00000000e+00 -5.90718699e+01
 3.82000000e+02 4.00000000e+00 -5.89679388e+01
 3.83000000e+02 4.00000000e+00 -5.88630548e+01
 3.84000000e+02 4.00000000e+00 -5.87572851e+01
 3.85000000e+02 4.00000000e+00 -5.86506971e+01
 3.86000000e+02 4.00000000e+00 -5.85433583e+01
 3.87000000e+02 4.00000000e+00 -5.84353359e+01
 3.88000000e+02 4.00000000e+00 -5.83266974e+01
 3.89000000e+02 4.00000000e+00 -5.82175101e+01
 3.90000000e+02 4.00000000e+00 -5.81078414e+01
 3.91000000e+02 4.00000000e+00 -5.79977586e+01
 3.92000000e+02 4.00000000e+00 -5.78873291e+01
 3.93000000e+02 4.00000000e+00 -5.77766202e+01
 3.94000000e+02 4.00000000e+00 -5.76656994e+01
 3.95000000e+02 4.00000000e+00 -5.75546339e+01
 3.96000000e+02 4.00000000e+00 -5.74434912e+01
 3.97000000e+02 4.00000000e+00 -5.73323386e+01
 3.98000000e+02 4.00000000e+00 -5.72212435e+01
 3.99000000e+02 4.00000000e+00 -5.71102732e+01
 4.00000000e+02 4.00000000e+00 -5.69994952e+01
 4.01000000e+02 4.00000000e+00 -5.68889767e+01
 4.02000000e+02 4.00000000e+00 -5.67787851e+01
 4.03000000e+02 4.00000000e+00 -5.66689878e+01
 4.04000000e+02 4.00000000e+00 -5.65596522e+01
 4.05000000e+02 4.00000000e+00 -5.64508456e+01
 4.06000000e+02 4.00000000e+00 -5.63426353e+01
 4.07000000e+02 4.00000000e+00 -5.63237568e+01
 4.08000000e+02 4.00000000e+00 -5.62167088e+01
 4.09000000e+02 4.00000000e+00 -5.61098692e+01
 4.10000000e+02 4.00000000e+00 -5.60029326e+01
 4.11000000e+02 4.00000000e+00 -5.58955939e+01
 4.12000000e+02 4.00000000e+00 -5.57875476e+01
 4.13000000e+02 4.00000000e+00 -5.56784885e+01
 4.14000000e+02 4.00000000e+00 -5.55681112e+01
 4.15000000e+02 4.00000000e+00 -5.54561105e+01
 4.16000000e+02 4.00000000e+00 -5.53421810e+01
 4.17000000e+02 4.00000000e+00 -5.52260175e+01
 4.18000000e+02 4.00000000e+00 -5.51073145e+01
 4.19000000e+02 4.00000000e+00 -5.49857669e+01
 4.20000000e+02 4.00000000e+00 -5.48610692e+01
 4.21000000e+02 4.00000000e+00 -5.47329162e+01
 4.22000000e+02 4.00000000e+00 -5.46010026e+01
 4.23000000e+02 4.00000000e+00 -5.44650230e+01
 4.24000000e+02 4.00000000e+00 -5.43246722e+01
 4.25000000e+02 4.00000000e+00 -5.41796448e+01
 4.26000000e+02 4.00000000e+00 -5.40296356e+01
 4.27000000e+02 4.00000000e+00 -5.38743391e+01
 4.28000000e+02 4.00000000e+00 -5.37134502e+01
 4.29000000e+02 4.00000000e+00 -5.35466634e+01
 4.30000000e+02 4.00000000e+00 -5.33736736e+01
 4.31000000e+02 4.00000000e+00 -5.31941753e+01
 4.32000000e+02 4.00000000e+00 -5.30078632e+01
 4.33000000e+02 4.00000000e+00 -5.28144322e+01
 4.34000000e+02 4.00000000e+00 -5.26135767e+01
 4.35000000e+02 4.00000000e+00 -5.24049916e+01
 4.36000000e+02 4.00000000e+00 -5.21883715e+01
 4.37000000e+02 4.00000000e+00 -5.19634111e+01
 4.38000000e+02 4.00000000e+00 -5.17298051e+01
 4.39000000e+02 4.00000000e+00 -5.14872482e+01
 4.40000000e+02 4.00000000e+00 -5.12354351e+01
 4.41000000e+02 4.00000000e+00 -5.09740604e+01
 4.42000000e+02 4.00000000e+00 -5.07028189e+01
 4.43000000e+02 4.00000000e+00 -5.04214052e+01
 4.44000000e+02 4.00000000e+00 -5.01295141e+01
 4.45000000e+02 4.00000000e+00 -4.98268402e+01
 4.46000000e+02 4.00000000e+00 -4.95130782e+01
 4.47000000e+02 4.00000000e+00 -4.91879228e+01
 4.48000000e+02 4.00000000e+00 -4.88510687e+01
 4.49000000e+02 4.00000000e+00 -4.85022106e+01
 4.50000000e+02 4.00000000e+00 -4.81410431e+01
 4.51000000e+02 4.00000000e+00 -4.77672610e+01
 4.52000000e+02 4.00000000e+00 -4.73805589e+01
 4.53000000e+02 4.00000000e+00 -4.69806316e+01
 4.54000000e+02 4.00000000e+00 -4.65671737e+01
 4.55000000e+02 4.00000000e+00 -4.61398800e+01
 4.56000000e+02 4.00000000e+00 -4.56984450e+01
 4.57000000e+02 4.00000000e+00 -4.52425635e+01
 4.58000000e+02 4.00000000e+00 -4.47719302e+01
 4.59000000e+02 4.00000000e+00 -4.42862398e+01
 4.60000000e+02 4.00000000e+00 -4.37851869e+01
 4.61000000e+02 4.00000000e+00 -4.32684663e+01
 4.62000000e+02 4.00000000e+00 -4.27357727e+01
 4.63000000e+02 4.00000000e+00 -4.21868006e+01
 4.64000000e+02 4.00000000e+00 -4.16212449e+01
 4.65000000e+02 4.00000000e+00 -4.14124500e+01
 4.66000000e+02 4.00000000e+00 -4.08135210e+01
 4.67000000e+02 4.00000000e+00 -4.01987342e+01
 4.68000000e+02 4.00000000e+00 -3.95687692e+01
 4.69000000e+02 4.00000000e+00 -3.89243058e+01
 4.70000000e+02 4.00000000e+00 -3.82660238e+01
 4.71000000e+02 4.00000000e+00 -3.75946029e+01
 4.72000000e+02 4.00000000e+00 -3.69107228e+01
 4.73000000e+02 4.00000000e+00 -3.62150632e+01
 4.74000000e+02 4.00000000e+00 -3.55083039e+01
 4.75000000e+02 4.00000000e+00 -3.47911247e+01
 4.76000000e+02 4.00000000e+00 -3.40642051e+01
 4.77000000e+02 4.00000000e+00 -3.33282251e+01
 4.78000000e+02 4.00000000e+00 -3.25838644e+01
 4.79000000e+02 4.00000000e+00 -3.18318025e+01
 4.80000000e+02 4.00000000e+00 -3.10727194e+01
 4.81000000e+02 4.00000000e+00 -3.03072948e+01
 4.82000000e+02 4.00000000e+00 -2.95362083e+01
 4.83000000e+02 4.00000000e+00 -2.87601397e+01
 4.84000000e+02 4.00000000e+00 -2.79797688e+01
 4.85000000e+02 4.00000000e+00 -2.71957752e+01
 4.86000000e+02 4.00000000e+00 -2.64088388e+01
 4.87000000e+02 4.00000000e+00 -2.56196393e+01
 4.88000000e+02 4.00000000e+00 -2.48288563e+01
 4.89000000e+02 4.00000000e+00 -2.40371697e+01
 4.90000000e+02 4.00000000e+00 -2.32452591e+01
 4.91000000e+02 4.00000000e+00 -2.24538043e+01
 4.92000000e+02 4.00000000e+00 -2.16634851e+01
 4.93000000e+02 4.00000000e+00 -2.08749811e+01
 4.94000000e+02 4.00000000e+00 -2.00889722e+01
 4.95000000e+02 4.00000000e+00 -1.93061380e+01
 4.96000000e+02 4.00000000e+00 -1.85271583e+01
 4.97000000e+02 4.00000000e+00 -1.77527128e+01
 4.98000000e+02 4.00000000e+00 -1.69834813e+01
 4.99000000e+02 4.00000000e+00 -1.62201435e+01
 5.00000000e+02 4.00000000e+00 -1.54633791e+01
 5.01000000e+02 4.00000000e+00 -1.47138678e+01
 5.02000000e+02 4.00000000e+00 -1.39722895e+01
 5.03000000e+02 4.00000000e+00 -1.32393238e+01
 5.04000000e+02 4.00000000e+00 -1.25156505e+01
 5.05000000e+02 4.00000000e+00 -1.18019492e+01
 5.06000000e+02 4.00000000e+00 -1.10988999e+01
 5.07000000e+02 4.00000000e+00 -1.04071821e+01
 5.08000000e+02 4.00000000e+00 -9.72747564e+00
 5.09000000e+02 4.00000000e+00 -9.06046024e+00
 5.10000000e+02 4.00000000e+00 -8.40681562e+00
 5.11000000e+02 4.00000000e+00 -7.76722154e+00
 5.12000000e+02 4.00000000e+00 -7.14235772e+00
 5.13000000e+02 4.00000000e+00 -6.53290391e+00
 5.14000000e+02 4.00000000e+00 -5.93953983e+00
 5.15000000e+02 4.00000000e+00 -5.36294522e+00
 5.16000000e+02 4.00000000e+00 -4.80379983e+00
 5.17000000e+02 4.00000000e+00 -4.26278338e+00
 5.18000000e+02 4.00000000e+00 -3.74057562e+00
 5.19000000e+02 4.00000000e+00 -3.23785627e+00
 5.20000000e+02 4.00000000e+00 -2.75530508e+00
 5.21000000e+02 4.00000000e+00 -2.29360178e+00
 5.22000000e+02 4.00000000e+00 -1.85342611e+00
 5.23000000e+02 4.00000000e+00 -1.77618717e+00
 5.24000000e+02 4.00000000e+00 -1.38016492e+00
 5.25000000e+02 4.00000000e+00 -1.00567775e+00
 5.26000000e+02 4.00000000e+00 -6.52244398e-01
 5.27000000e+02 4.00000000e+00 -3.19383587e-01
 5.28000000e+02 4.00000000e+00 -6.61405417e-03
 5.29000000e+02 4.00000000e+00 2.86545469e-01
 5.30000000e+02 4.00000000e+00 5.60576251e-01
 5.31000000e+02 4.00000000e+00 8.15959557e-01
 5.32000000e+02 4.00000000e+00 1.05317666e+00
 5.33000000e+02 4.00000000e+00 1.27270882e+00
 5.34000000e+02 4.00000000e+00 1.47503730e+00
 5.35000000e+02 4.00000000e+00 1.66064339e+00
 5.36000000e+02 4.00000000e+00 1.83000833e+00
 5.37000000e+02 4.00000000e+00 1.98361341e+00
 5.38000000e+02 4.00000000e+00 2.12193989e+00
 5.39000000e+02 4.00000000e+00 2.24546903e+00
 5.40000000e+02 4.00000000e+00 2.35468210e+00
 5.41000000e+02 4.00000000e+00 2.45006037e+00
 5.42000000e+02 4.00000000e+00 2.53208512e+00
 5.43000000e+02 4.00000000e+00 2.60123759e+00
 5.44000000e+02 4.00000000e+00 2.65799908e+00
 5.45000000e+02 4.00000000e+00 2.70285083e+00
 5.46000000e+02 4.00000000e+00 2.73627412e+00
 5.47000000e+02 4.00000000e+00 2.75875022e+00
 5.48000000e+02 4.00000000e+00 2.77076039e+00
 5.49000000e+02 4.00000000e+00 2.77278590e+00
 5.50000000e+02 4.00000000e+00 2.76530802e+00
 5.51000000e+02 4.00000000e+00 2.74880801e+00
 5.52000000e+02 4.00000000e+00 2.72376715e+00
 5.53000000e+02 4.00000000e+00 2.69066670e+00
 5.54000000e+02 4.00000000e+00 2.64998793e+00
 5.55000000e+02 4.00000000e+00 2.60221210e+00
 5.56000000e+02 4.00000000e+00 2.54782049e+00
 5.57000000e+02 4.00000000e+00 2.48729436e+00
 5.58000000e+02 4.00000000e+00 2.42111498e+00
 5.59000000e+02 4.00000000e+00 2.34976362e+00
 5.60000000e+02 4.00000000e+00 2.27372153e+00
 5.61000000e+02 4.00000000e+00 2.19347000e+00
 5.62000000e+02 4.00000000e+00 2.10949029e+00
 5.63000000e+02 4.00000000e+00 2.02226367e+00
 5.64000000e+02 4.00000000e+00 1.93227140e+00
 5.65000000e+02 4.00000000e+00 1.83999475e+00
 5.66000000e+02 4.00000000e+00 1.74591499e+00
 5.67000000e+02 4.00000000e+00 1.65051339e+00
 5.68000000e+02 4.00000000e+00 1.55427121e+00
 5.69000000e+02 4.00000000e+00 1.45766972e+00
 5.70000000e+02 4.00000000e+00 1.36119019e+00
 5.71000000e+02 4.00000000e+00 1.26531389e+00
 5.72000000e+02 4.00000000e+00 1.17052208e+00
 5.73000000e+02 4.00000000e+00 1.07729604e+00
 5.74000000e+02 4.00000000e+00 9.86117023e-01
 5.75000000e+02 4.00000000e+00 8.97466304e-01
 5.76000000e+02 4.00000000e+00 8.11825149e-01
 5.77000000e+02 4.00000000e+00 7.29674826e-01
 5.78000000e+02 4.00000000e+00 6.51496603e-01
 5.79000000e+02 4.00000000e+00 5.77771747e-01
 5.80000000e+02 4.00000000e+00 5.08981525e-01
 5.81000000e+02 4.00000000e+00 7.58937240e-01
 5.82000000e+02 4.00000000e+00 7.00891079e-01
 5.83000000e+02 4.00000000e+00 6.48105538e-01
 5.84000000e+02 4.00000000e+00 6.00452167e-01
 5.85000000e+02 4.00000000e+00 5.57802515e-01
 5.86000000e+02 4.00000000e+00 5.20028133e-01
 5.87000000e+02 4.00000000e+00 4.87000569e-01
 5.88000000e+02 4.00000000e+00 4.58591373e-01
 5.89000000e+02 4.00000000e+00 4.34672095e-01
 5.90000000e+02 4.00000000e+00 4.15114283e-01
 5.91000000e+02 4.00000000e+00 3.99789489e-01
 5.92000000e+02 4.00000000e+00 3.88569261e-01
 5.93000000e+02 4.00000000e+00 3.81325148e-01
 5.94000000e+02 4.00000000e+00 3.77928700e-01
 5.95000000e+02 4.00000000e+00 3.78251468e-01
 5.96000000e+02 4.00000000e+00 3.82164999e-01
 5.97000000e+02 4.00000000e+00 3.89540845e-01
 5.98000000e+02 4.00000000e+00 4.00250554e-01
 5.99000000e+02 4.00000000e+00 4.14165675e-01
 6.00000000e+02 4.00000000e+00 4.31157760e-01
 6.01000000e+02 4.00000000e+00 4.51098356e-01
 6.02000000e+02 4.00000000e+00 4.73859013e-01
 6.03000000e+02 4.00000000e+00 4.99311281e-01
 6.04000000e+02 4.00000000e+00 5.27326710e-01
 6.05000000e+02 4.00000000e+00 5.57776849e-01
 6.06000000e+02 4.00000000e+00 5.90533248e-01
 6.07000000e+02 4.00000000e+00 6.25467456e-01
 6.08000000e+02 4.00000000e+00 6.62451022e-01
 6.09000000e+02 4.00000000e+00 7.01355496e-01
 6.10000000e+02 4.00000000e+00 7.42052428e-01
 6.11000000e+02 4.00000000e+00 7.84413368e-01
 6.12000000e+02 4.00000000e+00 8.28309864e-01
 6.13000000e+02 4.00000000e+00 8.73613466e-01
 6.14000000e+02 4.00000000e+00 9.20195724e-01
 6.15000000e+02 4.00000000e+00 9.67928187e-01
 6.16000000e+02 4.00000000e+00 1.01668241e+00
 6.17000000e+02 4.00000000e+00 1.06632993e+00
 6.18000000e+02 4.00000000e+00 1.11674230e+00
 6.19000000e+02 4.00000000e+00 1.16779108e+00
 6.20000000e+02 4.00000000e+00 1.21934782e+00
 6.21000000e+02 4.00000000e+00 1.27128405e+00
 6.22000000e+02 4.00000000e+00 1.32347134e+00
 6.23000000e+02 4.00000000e+00 1.37578123e+00
 6.24000000e+02 4.00000000e+00 1.42808527e+00
 6.25000000e+02 4.00000000e+00 1.48025501e+00
 6.26000000e+02 4.00000000e+00 1.53216200e+00
 6.27000000e+02 4.00000000e+00 1.58367779e+00
 6.28000000e+02 4.00000000e+00 1.63467393e+00
 6.29000000e+02 4.00000000e+00 1.68502197e+00
 6.30000000e+02 4.00000000e+00 1.73459345e+00
 6.31000000e+02 4.00000000e+00 1.78325994e+00
 6.32000000e+02 4.00000000e+00 1.83089297e+00
 6.33000000e+02 4.00000000e+00 1.87736410e+00
 6.34000000e+02 4.00000000e+00 1.92254487e+00
 6.35000000e+02 4.00000000e+00 1.96630684e+00
 6.36000000e+02 4.00000000e+00 2.00852156e+00
 6.37000000e+02 4.00000000e+00 2.04906057e+00
 6.38000000e+02 4.00000000e+00 2.08779542e+00
 6.39000000e+02 4.00000000e+00 1.98863632e+00
 6.40000000e+02 4.00000000e+00 2.02349691e+00
 6.41000000e+02 4.00000000e+00 2.05638312e+00
 6.42000000e+02 4.00000000e+00 2.08727873e+00
 6.43000000e+02 4.00000000e+00 2.11616753e+00
 6.44000000e+02 4.00000000e+00 2.14303331e+00
 6.45000000e+02 4.00000000e+00 2.16785985e+00
 6.46000000e+02 4.00000000e+00 2.19063095e+00
 6.47000000e+02 4.00000000e+00 2.21133039e+00
 6.48000000e+02 4.00000000e+00 2.22994195e+00
 6.49000000e+02 4.00000000e+00 2.24644943e+00
 6.50000000e+02 4.00000000e+00 2.26083662e+00
 6.51000000e+02 4.00000000e+00 2.27308729e+00
 6.52000000e+02 4.00000000e+00 2.28318524e+00
 6.53000000e+02 4.00000000e+00 2.29111425e+00
 6.54000000e+02 4.00000000e+00 2.29685812e+00
 6.55000000e+02 4.00000000e+00 2.30040062e+00
 6.56000000e+02 4.00000000e+00 2.30172556e+00
 6.57000000e+02 4.00000000e+00 2.30081670e+00
 6.58000000e+02 4.00000000e+00 2.29765785e+00
 6.59000000e+02 4.00000000e+00 2.29223279e+00
 6.60000000e+02 4.00000000e+00 2.28452530e+00
 6.61000000e+02 4.00000000e+00 2.27451917e+00
 6.62000000e+02 4.00000000e+00 2.26219820e+00
 6.63000000e+02 4.00000000e+00 2.24754617e+00
 6.64000000e+02 4.00000000e+00 2.23054686e+00
 6.65000000e+02 4.00000000e+00 2.21118406e+00
 6.66000000e+02 4.00000000e+00 2.18944157e+00
 6.67000000e+02 4.00000000e+00 2.16530316e+00
 6.68000000e+02 4.00000000e+00 2.13875263e+00
 6.69000000e+02 4.00000000e+00 2.10977376e+00
 6.70000000e+02 4.00000000e+00 2.07835034e+00
 6.71000000e+02 4.00000000e+00 2.04446616e+00
 6.72000000e+02 4.00000000e+00 2.00810500e+00
 6.73000000e+02 4.00000000e+00 1.96925066e+00
 6.74000000e+02 4.00000000e+00 1.92788692e+00
 6.75000000e+02 4.00000000e+00 1.88399756e+00
 6.76000000e+02 4.00000000e+00 1.83756638e+00
 6.77000000e+02 4.00000000e+00 1.78857715e+00
 6.78000000e+02 4.00000000e+00 1.73701368e+00
 6.79000000e+02 4.00000000e+00 1.68285975e+00
 6.80000000e+02 4.00000000e+00 1.62609914e+00
 6.81000000e+02 4.00000000e+00 1.56671564e+00
 6.82000000e+02 4.00000000e+00 1.50469304e+00
 6.83000000e+02 4.00000000e+00 1.44001512e+00
 6.84000000e+02 4.00000000e+00 1.37266568e+00
 6.85000000e+02 4.00000000e+00 1.30262850e+00
 6.86000000e+02 4.00000000e+00 1.22988737e+00
 6.87000000e+02 4.00000000e+00 1.15442607e+00
 6.88000000e+02 4.00000000e+00 1.07622840e+00
 6.89000000e+02 4.00000000e+00 9.95278139e-01
 6.90000000e+02 4.00000000e+00 9.11559075e-01
 6.91000000e+02 4.00000000e+00 8.25054996e-01
 6.92000000e+02 4.00000000e+00 7.35749690e-01
 6.93000000e+02 4.00000000e+00 6.43626943e-01
 6.94000000e+02 4.00000000e+00 5.48670545e-01
 6.95000000e+02 4.00000000e+00 4.50864281e-01
 6.96000000e+02 4.00000000e+00 3.50191939e-01
