 1.00000000e+00 1.30000000e+01 3.86281081e+01
 2.00000000e+00 1.30000000e+01 3.89894998e+01
 3.00000000e+00 1.30000000e+01 3.93482703e+01
 4.00000000e+00 1.30000000e+01 3.97044241e+01
 5.00000000e+00 1.30000000e+01 4.00579661e+01
 6.00000000e+00 1.30000000e+01 4.04089009e+01
 7.00000000e+00 1.30000000e+01 4.07572332e+01
 8.00000000e+00 1.30000000e+01 4.11029678e+01
 9.00000000e+00 1.30000000e+01 4.14461093e+01
 1.00000000e+01 1.30000000e+01 4.17866624e+01
 1.10000000e+01 1.30000000e+01 4.21246319e+01
 1.20000000e+01 1.30000000e+01 4.24600224e+01
 1.30000000e+01 1.30000000e+01 4.27928387e+01
 1.40000000e+01 1.30000000e+01 4.31230855e+01
 1.50000000e+01 1.30000000e+01 4.34507674e+01
 1.60000000e+01 1.30000000e+01 4.37758892e+01
 1.70000000e+01 1.30000000e+01 4.40984556e+01
 1.80000000e+01 1.30000000e+01 4.44184713e+01
 1.90000000e+01 1.30000000e+01 4.47359409e+01
 2.00000000e+01 1.30000000e+01 4.50508693e+01
 2.10000000e+01 1.30000000e+01 4.53632610e+01
 2.20000000e+01 1.30000000e+01 4.56731209e+01
 2.30000000e+01 1.30000000e+01 4.59804535e+01
 2.40000000e+01 1.30000000e+01 4.62852637e+01
 2.50000000e+01 1.30000000e+01 4.65875561e+01
 2.60000000e+01 1.30000000e+01 4.68873354e+01
 2.70000000e+01 1.30000000e+01 4.71846064e+01
 2.80000000e+01 1.30000000e+01 4.74793737e+01
 2.90000000e+01 1.30000000e+01 4.77716420e+01
 3.00000000e+01 1.30000000e+01 4.80614161e+01
 3.10000000e+01 1.30000000e+01 4.83487006e+01
 3.20000000e+01 1.30000000e+01 4.86335003e+01
 3.30000000e+01 1.30000000e+01 4.89158198e+01
 3.40000000e+01 1.30000000e+01 4.91956639e+01
 3.50000000e+01 1.30000000e+01 4.94730373e+01
 3.60000000e+01 1.30000000e+01 4.97479447e+01
 3.70000000e+01 1.30000000e+01 5.00203907e+01
 3.80000000e+01 1.30000000e+01 5.02903801e+01
 3.90000000e+01 1.30000000e+01 5.05579176e+01
 4.00000000e+01 1.30000000e+01 5.08230079e+01
 4.10000000e+01 1.30000000e+01 5.10856558e+01
 4.20000000e+01 1.30000000e+01 5.13458658e+01
 4.30000000e+01 1.30000000e+01 5.16036427e+01
 4.40000000e+01 1.30000000e+01 5.18589913e+01
 4.50000000e+01 1.30000000e+01 5.21119161e+01
 4.60000000e+01 1.30000000e+01 5.23624220e+01
 4.70000000e+01 1.30000000e+01 5.26105137e+01
 4.80000000e+01 1.30000000e+01 5.28561958e+01
 4.90000000e+01 1.30000000e+01 5.30994730e+01
 5.00000000e+01 1.30000000e+01 5.33403500e+01
 5.10000000e+01 1.30000000e+01 5.35788317e+01
 5.20000000e+01 1.30000000e+01 5.38149225e+01
 5.30000000e+01 1.30000000e+01 5.40486274e+01
 5.40000000e+01 1.30000000e+01 5.42799509e+01
 5.50000000e+01 1.30000000e+01 5.45088978e+01
 5.60000000e+01 1.30000000e+01 5.47354727e+01
 5.70000000e+01 1.30000000e+01 5.49596805e+01
 5.80000000e+01 1.30000000e+01 5.51815257e+01
 5.90000000e+01 1.30000000e+01 5.54010131e+01
 6.00000000e+01 1.30000000e+01 5.56181475e+01
 6.10000000e+01 1.30000000e+01 5.58329334e+01
 6.20000000e+01 1.30000000e+01 5.60453756e+01
 6.30000000e+01 1.30000000e+01 5.62554789e+01
 6.40000000e+01 1.30000000e+01 5.64632479e+01
 6.50000000e+01 1.30000000e+01 5.66686873e+01
 6.60000000e+01 1.30000000e+01 5.68718018e+01
 6.70000000e+01 1.30000000e+01 5.70725962e+01
 6.80000000e+01 1.30000000e+01 5.72710751e+01
 6.90000000e+01 1.30000000e+01 5.74672433e+01
 7.00000000e+01 1.30000000e+01 5.76611054e+01
 7.10000000e+01 1.30000000e+01 5.78526661e+01
 7.20000000e+01 1.30000000e+01 5.80419303e+01
 7.30000000e+01 1.30000000e+01 5.82289024e+01
 7.40000000e+01 1.30000000e+01 5.84135874e+01
 7.50000000e+01 1.30000000e+01 5.85959899e+01
 7.60000000e+01 1.30000000e+01 5.87761145e+01
 7.70000000e+01 1.30000000e+01 5.89539660e+01
 7.80000000e+01 1.30000000e+01 5.91295491e+01
 7.90000000e+01 1.30000000e+01 5.93028685e+01
 8.00000000e+01 1.30000000e+01 5.94739289e+01
 8.10000000e+01 1.30000000e+01 5.96427350e+01
 8.20000000e+01 1.30000000e+01 5.98092915e+01
 8.30000000e+01 1.30000000e+01 5.99736031e+01
 8.40000000e+01 1.30000000e+01 6.01356746e+01
 8.50000000e+01 1.30000000e+01 6.02955106e+01
 8.60000000e+01 1.30000000e+01 6.04531158e+01
 8.70000000e+01 1.30000000e+01 6.06084950e+01
 8.80000000e+01 1.30000000e+01 6.07616528e+01
 8.90000000e+01 1.30000000e+01 6.09125939e+01
 9.00000000e+01 1.30000000e+01 6.10613231e+01
 9.10000000e+01 1.30000000e+01 6.12078451e+01
 9.20000000e+01 1.30000000e+01 6.13521645e+01
 9.30000000e+01 1.30000000e+01 6.14942861e+01
 9.40000000e+01 1.30000000e+01 6.16342146e+01
 9.50000000e+01 1.30000000e+01 6.17719546e+01
 9.60000000e+01 1.30000000e+01 6.19075110e+01
 9.70000000e+01 1.30000000e+01 6.20408883e+01
 9.80000000e+01 1.30000000e+01 6.21720913e+01
 9.90000000e+01 1.30000000e+01 6.23011247e+01
 1.00000000e+02 1.30000000e+01 6.24279932e+01
 1.01000000e+02 1.30000000e+01 6.25527016e+01
 1.02000000e+02 1.30000000e+01 6.26752544e+01
 1.03000000e+02 1.30000000e+01 6.27956565e+01
 1.04000000e+02 1.30000000e+01 6.29139125e+01
 1.05000000e+02 1.30000000e+01 6.30300271e+01
 1.06000000e+02 1.30000000e+01 6.31440051e+01
 1.07000000e+02 1.30000000e+01 6.32558511e+01
 1.08000000e+02 1.30000000e+01 6.33655698e+01
 1.09000000e+02 1.30000000e+01 6.34731660e+01
 1.10000000e+02 1.30000000e+01 6.35786443e+01
 1.11000000e+02 1.30000000e+01 6.36820096e+01
 1.12000000e+02 1.30000000e+01 6.37832663e+01
 1.13000000e+02 1.30000000e+01 6.38824194e+01
 1.14000000e+02 1.30000000e+01 6.39794734e+01
 1.15000000e+02 1.30000000e+01 6.40744331e+01
 1.16000000e+02 1.30000000e+01 6.41673032e+01
 1.17000000e+02 1.30000000e+01 6.42580884e+01
 1.18000000e+02 1.30000000e+01 6.43467934e+01
 1.19000000e+02 1.30000000e+01 6.44334229e+01
 1.20000000e+02 1.30000000e+01 6.45179816e+01
 1.21000000e+02 1.30000000e+01 6.46004742e+01
 1.22000000e+02 1.30000000e+01 6.46809054e+01
 1.23000000e+02 1.30000000e+01 6.47592800e+01
 1.24000000e+02 1.30000000e+01 6.48356026e+01
 1.25000000e+02 1.30000000e+01 6.49098779e+01
 1.26000000e+02 1.30000000e+01 6.49821106e+01
 1.27000000e+02 1.30000000e+01 6.50523055e+01
 1.28000000e+02 1.30000000e+01 6.51204672e+01
 1.29000000e+02 1.30000000e+01 6.51866005e+01
 1.30000000e+02 1.30000000e+01 6.52507101e+01
 1.31000000e+02 1.30000000e+01 6.53128006e+01
 1.32000000e+02 1.30000000e+01 6.53728768e+01
 1.33000000e+02 1.30000000e+01 6.54309434e+01
 1.34000000e+02 1.30000000e+01 6.54870050e+01
 1.35000000e+02 1.30000000e+01 6.55410664e+01
 1.36000000e+02 1.30000000e+01 6.55931323e+01
 1.37000000e+02 1.30000000e+01 6.56432074e+01
 1.38000000e+02 1.30000000e+01 6.56912965e+01
 1.39000000e+02 1.30000000e+01 6.57374041e+01
 1.40000000e+02 1.30000000e+01 6.57815350e+01
 1.41000000e+02 1.30000000e+01 6.58236939e+01
 1.42000000e+02 1.30000000e+01 6.58638856e+01
 1.43000000e+02 1.30000000e+01 6.59021147e+01
 1.44000000e+02 1.30000000e+01 6.59383859e+01
 1.45000000e+02 1.30000000e+01 6.59727039e+01
 1.46000000e+02 1.30000000e+01 6.60050735e+01
 1.47000000e+02 1.30000000e+01 6.60354994e+01
 1.48000000e+02 1.30000000e+01 6.60639862e+01
 1.49000000e+02 1.30000000e+01 6.60905386e+01
 1.50000000e+02 1.30000000e+01 6.61151614e+01
 1.51000000e+02 1.30000000e+01 6.61378593e+01
 1.52000000e+02 1.30000000e+01 6.61586369e+01
 1.53000000e+02 1.30000000e+01 6.61774991e+01
 1.54000000e+02 1.30000000e+01 6.61944504e+01
 1.55000000e+02 1.30000000e+01 6.62094955e+01
 1.56000000e+02 1.30000000e+01 6.62226393e+01
 1.57000000e+02 1.30000000e+01 6.62338864e+01
 1.58000000e+02 1.30000000e+01 6.62432415e+01
 1.59000000e+02 1.30000000e+01 6.62507093e+01
 1.60000000e+02 1.30000000e+01 6.62562945e+01
 1.61000000e+02 1.30000000e+01 6.62600018e+01
 1.62000000e+02 1.30000000e+01 6.62618360e+01
 1.63000000e+02 1.30000000e+01 6.62618016e+01
 1.64000000e+02 1.30000000e+01 6.62599035e+01
 1.65000000e+02 1.30000000e+01 6.62561464e+01
 1.66000000e+02 1.30000000e+01 6.62505349e+01
 1.67000000e+02 1.30000000e+01 6.62430737e+01
 1.68000000e+02 1.30000000e+01 6.62337676e+01
 1.69000000e+02 1.30000000e+01 6.62226212e+01
 1.70000000e+02 1.30000000e+01 6.62096394e+01
 1.71000000e+02 1.30000000e+01 6.61948266e+01
 1.72000000e+02 1.30000000e+01 6.61781878e+01
 1.73000000e+02 1.30000000e+01 6.61597275e+01
 1.74000000e+02 1.30000000e+01 6.61394506e+01
 1.75000000e+02 1.30000000e+01 6.61173616e+01
 1.76000000e+02 1.30000000e+01 6.60934653e+01
 1.77000000e+02 1.30000000e+01 6.60677664e+01
 1.78000000e+02 1.30000000e+01 6.60402696e+01
 1.79000000e+02 1.30000000e+01 6.60109796e+01
 1.80000000e+02 1.30000000e+01 6.59799011e+01
 1.81000000e+02 1.30000000e+01 6.59470389e+01
 1.82000000e+02 1.30000000e+01 6.59123976e+01
 1.83000000e+02 1.30000000e+01 6.58759819e+01
 1.84000000e+02 1.30000000e+01 6.58377965e+01
 1.85000000e+02 1.30000000e+01 6.57978462e+01
 1.86000000e+02 1.30000000e+01 6.57561357e+01
 1.87000000e+02 1.30000000e+01 6.57126696e+01
 1.88000000e+02 1.30000000e+01 6.56674526e+01
 1.89000000e+02 1.30000000e+01 6.56204895e+01
 1.90000000e+02 1.30000000e+01 6.55717850e+01
 1.91000000e+02 1.30000000e+01 6.55213437e+01
 1.92000000e+02 1.30000000e+01 6.54691704e+01
 1.93000000e+02 1.30000000e+01 6.54152698e+01
 1.94000000e+02 1.30000000e+01 6.53596466e+01
 1.95000000e+02 1.30000000e+01 6.53023055e+01
 1.96000000e+02 1.30000000e+01 6.52432512e+01
 1.97000000e+02 1.30000000e+01 6.51824884e+01
 1.98000000e+02 1.30000000e+01 6.51200218e+01
 1.99000000e+02 1.30000000e+01 6.50558561e+01
 2.00000000e+02 1.30000000e+01 6.49899960e+01
 2.01000000e+02 1.30000000e+01 6.49224462e+01
 2.02000000e+02 1.30000000e+01 6.48532115e+01
 2.03000000e+02 1.30000000e+01 6.47822965e+01
 2.04000000e+02 1.30000000e+01 6.47097060e+01
 2.05000000e+02 1.30000000e+01 6.46354445e+01
 2.06000000e+02 1.30000000e+01 6.45595170e+01
 2.07000000e+02 1.30000000e+01 6.44819280e+01
 2.08000000e+02 1.30000000e+01 6.44026822e+01
 2.09000000e+02 1.30000000e+01 6.43217844e+01
 2.10000000e+02 1.30000000e+01 6.42392393e+01
 2.11000000e+02 1.30000000e+01 6.41550516e+01
 2.12000000e+02 1.30000000e+01 6.40692259e+01
 2.13000000e+02 1.30000000e+01 6.39817670e+01
 2.14000000e+02 1.30000000e+01 6.38926797e+01
 2.15000000e+02 1.30000000e+01 6.38019685e+01
 2.16000000e+02 1.30000000e+01 6.37096382e+01
 2.17000000e+02 1.30000000e+01 6.36156935e+01
 2.18000000e+02 1.30000000e+01 6.35201391e+01
 2.19000000e+02 1.30000000e+01 6.34229797e+01
 2.20000000e+02 1.30000000e+01 6.33242201e+01
 2.21000000e+02 1.30000000e+01 6.32238649e+01
 2.22000000e+02 1.30000000e+01 6.31219188e+01
 2.23000000e+02 1.30000000e+01 6.30183866e+01
 2.24000000e+02 1.30000000e+01 6.29132728e+01
 2.25000000e+02 1.30000000e+01 6.28971897e+01
 2.26000000e+02 1.30000000e+01 6.27889710e+01
 2.27000000e+02 1.30000000e+01 6.26793101e+01
 2.28000000e+02 1.30000000e+01 6.25682952e+01
 2.29000000e+02 1.30000000e+01 6.24560146e+01
 2.30000000e+02 1.30000000e+01 6.23425563e+01
 2.31000000e+02 1.30000000e+01 6.22280085e+01
 2.32000000e+02 1.30000000e+01 6.21124594e+01
 2.33000000e+02 1.30000000e+01 6.19959973e+01
 2.34000000e+02 1.30000000e+01 6.18787101e+01
 2.35000000e+02 1.30000000e+01 6.17606862e+01
 2.36000000e+02 1.30000000e+01 6.16420137e+01
 2.37000000e+02 1.30000000e+01 6.15227807e+01
 2.38000000e+02 1.30000000e+01 6.14030755e+01
 2.39000000e+02 1.30000000e+01 6.12829862e+01
 2.40000000e+02 1.30000000e+01 6.11626009e+01
 2.41000000e+02 1.30000000e+01 6.10420079e+01
 2.42000000e+02 1.30000000e+01 6.09212953e+01
 2.43000000e+02 1.30000000e+01 6.08005512e+01
 2.44000000e+02 1.30000000e+01 6.06798640e+01
 2.45000000e+02 1.30000000e+01 6.05593216e+01
 2.46000000e+02 1.30000000e+01 6.04390124e+01
 2.47000000e+02 1.30000000e+01 6.03190244e+01
 2.48000000e+02 1.30000000e+01 6.01994459e+01
 2.49000000e+02 1.30000000e+01 6.00803649e+01
 2.50000000e+02 1.30000000e+01 5.99618698e+01
 2.51000000e+02 1.30000000e+01 5.98440485e+01
 2.52000000e+02 1.30000000e+01 5.97269895e+01
 2.53000000e+02 1.30000000e+01 5.96107806e+01
 2.54000000e+02 1.30000000e+01 5.94955103e+01
 2.55000000e+02 1.30000000e+01 5.93812666e+01
 2.56000000e+02 1.30000000e+01 5.92681377e+01
 2.57000000e+02 1.30000000e+01 5.91562117e+01
 2.58000000e+02 1.30000000e+01 5.90455769e+01
 2.59000000e+02 1.30000000e+01 5.89363214e+01
 2.60000000e+02 1.30000000e+01 5.88285334e+01
 2.61000000e+02 1.30000000e+01 5.87223011e+01
 2.62000000e+02 1.30000000e+01 5.86177125e+01
 2.63000000e+02 1.30000000e+01 5.85148560e+01
 2.64000000e+02 1.30000000e+01 5.84138196e+01
 2.65000000e+02 1.30000000e+01 5.83146916e+01
 2.66000000e+02 1.30000000e+01 5.82083268e+01
 2.67000000e+02 1.30000000e+01 5.81132474e+01
 2.68000000e+02 1.30000000e+01 5.80201484e+01
 2.69000000e+02 1.30000000e+01 5.79289253e+01
 2.70000000e+02 1.30000000e+01 5.78394739e+01
 2.71000000e+02 1.30000000e+01 5.77516898e+01
 2.72000000e+02 1.30000000e+01 5.76654687e+01
 2.73000000e+02 1.30000000e+01 5.75807063e+01
 2.74000000e+02 1.30000000e+01 5.74972981e+01
 2.75000000e+02 1.30000000e+01 5.74151399e+01
 2.76000000e+02 1.30000000e+01 5.73341274e+01
 2.77000000e+02 1.30000000e+01 5.72541561e+01
 2.78000000e+02 1.30000000e+01 5.71751217e+01
 2.79000000e+02 1.30000000e+01 5.70969200e+01
 2.80000000e+02 1.30000000e+01 5.70194465e+01
 2.81000000e+02 1.30000000e+01 5.69425970e+01
 2.82000000e+02 1.30000000e+01 5.68662670e+01
 2.83000000e+02 1.30000000e+01 5.67903523e+01
 2.84000000e+02 1.30000000e+01 5.67147484e+01
 2.85000000e+02 1.30000000e+01 5.66393512e+01
 2.86000000e+02 1.30000000e+01 5.65640562e+01
 2.87000000e+02 1.30000000e+01 5.64887590e+01
 2.88000000e+02 1.30000000e+01 5.64133554e+01
 2.89000000e+02 1.30000000e+01 5.63377411e+01
 2.90000000e+02 1.30000000e+01 5.62618115e+01
 2.91000000e+02 1.30000000e+01 5.61854626e+01
 2.92000000e+02 1.30000000e+01 5.61085898e+01
 2.93000000e+02 1.30000000e+01 5.60310888e+01
 2.94000000e+02 1.30000000e+01 5.59528554e+01
 2.95000000e+02 1.30000000e+01 5.58737851e+01
 2.96000000e+02 1.30000000e+01 5.57937737e+01
 2.97000000e+02 1.30000000e+01 5.57127168e+01
 2.98000000e+02 1.30000000e+01 5.56305100e+01
 2.99000000e+02 1.30000000e+01 5.55470490e+01
 3.00000000e+02 1.30000000e+01 5.54622296e+01
 3.01000000e+02 1.30000000e+01 5.53759472e+01
 3.02000000e+02 1.30000000e+01 5.52880976e+01
 3.03000000e+02 1.30000000e+01 5.51985765e+01
 3.04000000e+02 1.30000000e+01 5.51072795e+01
 3.05000000e+02 1.30000000e+01 5.50141023e+01
 3.06000000e+02 1.30000000e+01 5.49189406e+01
 3.07000000e+02 1.30000000e+01 5.48216899e+01
 3.08000000e+02 1.30000000e+01 5.47379739e+01
 3.09000000e+02 1.30000000e+01 5.46363990e+01
 3.10000000e+02 1.30000000e+01 5.45328843e+01
 3.11000000e+02 1.30000000e+01 5.44276336e+01
 3.12000000e+02 1.30000000e+01 5.43208507e+01
 3.13000000e+02 1.30000000e+01 5.42127392e+01
 3.14000000e+02 1.30000000e+01 5.41035031e+01
 3.15000000e+02 1.30000000e+01 5.39933459e+01
 3.16000000e+02 1.30000000e+01 5.38824715e+01
 3.17000000e+02 1.30000000e+01 5.37710837e+01
 3.18000000e+02 1.30000000e+01 5.36593862e+01
 3.19000000e+02 1.30000000e+01 5.35475827e+01
 3.20000000e+02 1.30000000e+01 5.34358771e+01
 3.21000000e+02 1.30000000e+01 5.33244730e+01
 3.22000000e+02 1.30000000e+01 5.32135743e+01
 3.23000000e+02 1.30000000e+01 5.31033847e+01
 3.24000000e+02 1.30000000e+01 5.29941079e+01
 3.25000000e+02 1.30000000e+01 5.28859478e+01
 3.26000000e+02 1.30000000e+01 5.27791080e+01
 3.27000000e+02 1.30000000e+01 5.26737924e+01
 3.28000000e+02 1.30000000e+01 5.25702047e+01
 3.29000000e+02 1.30000000e+01 5.24685486e+01
 3.30000000e+02 1.30000000e+01 5.23690279e+01
 3.31000000e+02 1.30000000e+01 5.22718465e+01
 3.32000000e+02 1.30000000e+01 5.21772079e+01
 3.33000000e+02 1.30000000e+01 5.20853161e+01
 3.34000000e+02 1.30000000e+01 5.19963747e+01
 3.35000000e+02 1.30000000e+01 5.19105875e+01
 3.36000000e+02 1.30000000e+01 5.18281583e+01
 3.37000000e+02 1.30000000e+01 5.17492908e+01
 3.38000000e+02 1.30000000e+01 5.16741888e+01
 3.39000000e+02 1.30000000e+01 5.16030560e+01
 3.40000000e+02 1.30000000e+01 5.15360963e+01
 3.41000000e+02 1.30000000e+01 5.14735133e+01
 3.42000000e+02 1.30000000e+01 5.14155109e+01
 3.43000000e+02 1.30000000e+01 5.13622927e+01
 3.44000000e+02 1.30000000e+01 5.13140626e+01
 3.45000000e+02 1.30000000e+01 5.12710243e+01
 3.46000000e+02 1.30000000e+01 5.12333816e+01
 3.47000000e+02 1.30000000e+01 5.12013382e+01
 3.48000000e+02 1.30000000e+01 5.11750978e+01
 3.49000000e+02 1.30000000e+01 5.11235598e+01
 3.50000000e+02 1.30000000e+01 5.11094420e+01
 3.51000000e+02 1.30000000e+01 5.11011632e+01
 3.52000000e+02 1.30000000e+01 5.10983519e+01
 3.53000000e+02 1.30000000e+01 5.11006366e+01
 3.54000000e+02 1.30000000e+01 5.11076457e+01
 3.55000000e+02 1.30000000e+01 5.11190075e+01
 3.56000000e+02 1.30000000e+01 5.11343507e+01
 3.57000000e+02 1.30000000e+01 5.11533036e+01
 3.58000000e+02 1.30000000e+01 5.11754947e+01
 3.59000000e+02 1.30000000e+01 5.12005523e+01
 3.60000000e+02 1.30000000e+01 5.12281051e+01
 3.61000000e+02 1.30000000e+01 5.12577813e+01
 3.62000000e+02 1.30000000e+01 5.12892096e+01
 3.63000000e+02 1.30000000e+01 5.13220182e+01
 3.64000000e+02 1.30000000e+01 5.13558357e+01
 3.65000000e+02 1.30000000e+01 5.13902904e+01
 3.66000000e+02 1.30000000e+01 5.14250109e+01
 3.67000000e+02 1.30000000e+01 5.14596257e+01
 3.68000000e+02 1.30000000e+01 5.14937630e+01
 3.69000000e+02 1.30000000e+01 5.15270514e+01
 3.70000000e+02 1.30000000e+01 5.15591194e+01
 3.71000000e+02 1.30000000e+01 5.15895953e+01
 3.72000000e+02 1.30000000e+01 5.16181077e+01
 3.73000000e+02 1.30000000e+01 5.16442849e+01
 3.74000000e+02 1.30000000e+01 5.16677554e+01
 3.75000000e+02 1.30000000e+01 5.16881477e+01
 3.76000000e+02 1.30000000e+01 5.17050902e+01
 3.77000000e+02 1.30000000e+01 5.17182114e+01
 3.78000000e+02 1.30000000e+01 5.17271396e+01
 3.79000000e+02 1.30000000e+01 5.17315034e+01
 3.80000000e+02 1.30000000e+01 5.17309312e+01
 3.81000000e+02 1.30000000e+01 5.17250514e+01
 3.82000000e+02 1.30000000e+01 5.17134926e+01
 3.83000000e+02 1.30000000e+01 5.16958830e+01
 3.84000000e+02 1.30000000e+01 5.16718512e+01
 3.85000000e+02 1.30000000e+01 5.16410257e+01
 3.86000000e+02 1.30000000e+01 5.16030348e+01
 3.87000000e+02 1.30000000e+01 5.15575070e+01
 3.88000000e+02 1.30000000e+01 5.15040708e+01
 3.89000000e+02 1.30000000e+01 5.14423546e+01
 3.90000000e+02 1.30000000e+01 5.13719869e+01
 3.91000000e+02 1.30000000e+01 5.11734564e+01
 3.92000000e+02 1.30000000e+01 5.10851036e+01
 3.93000000e+02 1.30000000e+01 5.09881824e+01
 3.94000000e+02 1.30000000e+01 5.08831196e+01
 3.95000000e+02 1.30000000e+01 5.07703423e+01
 3.96000000e+02 1.30000000e+01 5.06502773e+01
 3.97000000e+02 1.30000000e+01 5.05233517e+01
 3.98000000e+02 1.30000000e+01 5.03899923e+01
 3.99000000e+02 1.30000000e+01 5.02506262e+01
 4.00000000e+02 1.30000000e+01 5.01056802e+01
 4.01000000e+02 1.30000000e+01 4.99555814e+01
 4.02000000e+02 1.30000000e+01 4.98007566e+01
 4.03000000e+02 1.30000000e+01 4.96416328e+01
 4.04000000e+02 1.30000000e+01 4.94786369e+01
 4.05000000e+02 1.30000000e+01 4.93121959e+01
 4.06000000e+02 1.30000000e+01 4.91427368e+01
 4.07000000e+02 1.30000000e+01 4.89706865e+01
 4.08000000e+02 1.30000000e+01 4.87964718e+01
 4.09000000e+02 1.30000000e+01 4.86205199e+01
 4.10000000e+02 1.30000000e+01 4.84432576e+01
 4.11000000e+02 1.30000000e+01 4.82651118e+01
 4.12000000e+02 1.30000000e+01 4.80865096e+01
 4.13000000e+02 1.30000000e+01 4.79078778e+01
 4.14000000e+02 1.30000000e+01 4.77296434e+01
 4.15000000e+02 1.30000000e+01 4.75522334e+01
 4.16000000e+02 1.30000000e+01 4.73760747e+01
 4.17000000e+02 1.30000000e+01 4.72015942e+01
 4.18000000e+02 1.30000000e+01 4.70292189e+01
 4.19000000e+02 1.30000000e+01 4.68593757e+01
 4.20000000e+02 1.30000000e+01 4.66924916e+01
 4.21000000e+02 1.30000000e+01 4.65289935e+01
 4.22000000e+02 1.30000000e+01 4.63693084e+01
 4.23000000e+02 1.30000000e+01 4.62138632e+01
 4.24000000e+02 1.30000000e+01 4.60630849e+01
 4.25000000e+02 1.30000000e+01 4.59174004e+01
 4.26000000e+02 1.30000000e+01 4.57772366e+01
 4.27000000e+02 1.30000000e+01 4.56430206e+01
 4.28000000e+02 1.30000000e+01 4.55151791e+01
 4.29000000e+02 1.30000000e+01 4.53941393e+01
 4.30000000e+02 1.30000000e+01 4.52803280e+01
 4.31000000e+02 1.30000000e+01 4.51741722e+01
 4.32000000e+02 1.30000000e+01 4.50645318e+01
 4.33000000e+02 1.30000000e+01 4.49748104e+01
 4.34000000e+02 1.30000000e+01 4.48930721e+01
 4.35000000e+02 1.30000000e+01 4.48187908e+01
 4.36000000e+02 1.30000000e+01 4.47514401e+01
 4.37000000e+02 1.30000000e+01 4.46904938e+01
 4.38000000e+02 1.30000000e+01 4.46354258e+01
 4.39000000e+02 1.30000000e+01 4.45857097e+01
 4.40000000e+02 1.30000000e+01 4.45408193e+01
 4.41000000e+02 1.30000000e+01 4.45002285e+01
 4.42000000e+02 1.30000000e+01 4.44634109e+01
 4.43000000e+02 1.30000000e+01 4.44298403e+01
 4.44000000e+02 1.30000000e+01 4.43989905e+01
 4.45000000e+02 1.30000000e+01 4.43703353e+01
 4.46000000e+02 1.30000000e+01 4.43433484e+01
 4.47000000e+02 1.30000000e+01 4.43175036e+01
 4.48000000e+02 1.30000000e+01 4.42922746e+01
 4.49000000e+02 1.30000000e+01 4.42671352e+01
 4.50000000e+02 1.30000000e+01 4.42415593e+01
 4.51000000e+02 1.30000000e+01 4.42150204e+01
 4.52000000e+02 1.30000000e+01 4.41869925e+01
 4.53000000e+02 1.30000000e+01 4.41569493e+01
 4.54000000e+02 1.30000000e+01 4.41243645e+01
 4.55000000e+02 1.30000000e+01 4.40887120e+01
 4.56000000e+02 1.30000000e+01 4.40494654e+01
 4.57000000e+02 1.30000000e+01 4.40060985e+01
 4.58000000e+02 1.30000000e+01 4.39580851e+01
 4.59000000e+02 1.30000000e+01 4.39048991e+01
 4.60000000e+02 1.30000000e+01 4.38460140e+01
 4.61000000e+02 1.30000000e+01 4.37809038e+01
 4.62000000e+02 1.30000000e+01 4.37090421e+01
 4.63000000e+02 1.30000000e+01 4.36299027e+01
 4.64000000e+02 1.30000000e+01 4.35429595e+01
 4.65000000e+02 1.30000000e+01 4.34476861e+01
 4.66000000e+02 1.30000000e+01 4.33435564e+01
 4.67000000e+02 1.30000000e+01 4.32300440e+01
 4.68000000e+02 1.30000000e+01 4.31066228e+01
 4.69000000e+02 1.30000000e+01 4.29727665e+01
 4.70000000e+02 1.30000000e+01 4.28279489e+01
 4.71000000e+02 1.30000000e+01 4.26716438e+01
 4.72000000e+02 1.30000000e+01 4.25033248e+01
 4.73000000e+02 1.30000000e+01 4.23224659e+01
 4.74000000e+02 1.30000000e+01 4.20069579e+01
 4.75000000e+02 1.30000000e+01 4.17999918e+01
 4.76000000e+02 1.30000000e+01 4.15804339e+01
 4.77000000e+02 1.30000000e+01 4.13487763e+01
 4.78000000e+02 1.30000000e+01 4.11055107e+01
 4.79000000e+02 1.30000000e+01 4.08511288e+01
 4.80000000e+02 1.30000000e+01 4.05861226e+01
 4.81000000e+02 1.30000000e+01 4.03109838e+01
 4.82000000e+02 1.30000000e+01 4.00262043e+01
 4.83000000e+02 1.30000000e+01 3.97322759e+01
 4.84000000e+02 1.30000000e+01 3.94296904e+01
 4.85000000e+02 1.30000000e+01 3.91189395e+01
 4.86000000e+02 1.30000000e+01 3.88005153e+01
 4.87000000e+02 1.30000000e+01 3.84749093e+01
 4.88000000e+02 1.30000000e+01 3.81426135e+01
 4.89000000e+02 1.30000000e+01 3.78041197e+01
 4.90000000e+02 1.30000000e+01 3.74599197e+01
 4.91000000e+02 1.30000000e+01 3.71105053e+01
 4.92000000e+02 1.30000000e+01 3.67563684e+01
 4.93000000e+02 1.30000000e+01 3.63980006e+01
 4.94000000e+02 1.30000000e+01 3.60358940e+01
 4.95000000e+02 1.30000000e+01 3.56705402e+01
 4.96000000e+02 1.30000000e+01 3.53024312e+01
 4.97000000e+02 1.30000000e+01 3.49320586e+01
 4.98000000e+02 1.30000000e+01 3.45599144e+01
 4.99000000e+02 1.30000000e+01 3.41864903e+01
 5.00000000e+02 1.30000000e+01 3.38122782e+01
 5.01000000e+02 1.30000000e+01 3.34377699e+01
 5.02000000e+02 1.30000000e+01 3.30634572e+01
 5.03000000e+02 1.30000000e+01 3.26898319e+01
 5.04000000e+02 1.30000000e+01 3.23173858e+01
 5.05000000e+02 1.30000000e+01 3.19466108e+01
 5.06000000e+02 1.30000000e+01 3.15779987e+01
 5.07000000e+02 1.30000000e+01 3.12120412e+01
 5.08000000e+02 1.30000000e+01 3.08492303e+01
 5.09000000e+02 1.30000000e+01 3.04900577e+01
 5.10000000e+02 1.30000000e+01 3.01350152e+01
 5.11000000e+02 1.30000000e+01 2.97845946e+01
 5.12000000e+02 1.30000000e+01 2.94392879e+01
 5.13000000e+02 1.30000000e+01 2.90995867e+01
 5.14000000e+02 1.30000000e+01 2.87659829e+01
 5.15000000e+02 1.30000000e+01 2.85323546e+01
 5.16000000e+02 1.30000000e+01 2.82123096e+01
 5.17000000e+02 1.30000000e+01 2.78991686e+01
 5.18000000e+02 1.30000000e+01 2.75927546e+01
 5.19000000e+02 1.30000000e+01 2.72928905e+01
 5.20000000e+02 1.30000000e+01 2.69993992e+01
 5.21000000e+02 1.30000000e+01 2.67121039e+01
 5.22000000e+02 1.30000000e+01 2.64308273e+01
 5.23000000e+02 1.30000000e+01 2.61553926e+01
 5.24000000e+02 1.30000000e+01 2.58856226e+01
 5.25000000e+02 1.30000000e+01 2.56213403e+01
 5.26000000e+02 1.30000000e+01 2.53623687e+01
 5.27000000e+02 1.30000000e+01 2.51085308e+01
 5.28000000e+02 1.30000000e+01 2.48596494e+01
 5.29000000e+02 1.30000000e+01 2.46155476e+01
 5.30000000e+02 1.30000000e+01 2.43760484e+01
 5.31000000e+02 1.30000000e+01 2.41409746e+01
 5.32000000e+02 1.30000000e+01 2.39101493e+01
 5.33000000e+02 1.30000000e+01 2.36833955e+01
 5.34000000e+02 1.30000000e+01 2.34605360e+01
 5.35000000e+02 1.30000000e+01 2.32413939e+01
 5.36000000e+02 1.30000000e+01 2.30257921e+01
 5.37000000e+02 1.30000000e+01 2.28135536e+01
 5.38000000e+02 1.30000000e+01 2.26045013e+01
 5.39000000e+02 1.30000000e+01 2.23984582e+01
 5.40000000e+02 1.30000000e+01 2.21952473e+01
 5.41000000e+02 1.30000000e+01 2.19946916e+01
 5.42000000e+02 1.30000000e+01 2.17966139e+01
 5.43000000e+02 1.30000000e+01 2.16008373e+01
 5.44000000e+02 1.30000000e+01 2.14071848e+01
 5.45000000e+02 1.30000000e+01 2.12154792e+01
 5.46000000e+02 1.30000000e+01 2.10255436e+01
 5.47000000e+02 1.30000000e+01 2.08372009e+01
 5.48000000e+02 1.30000000e+01 2.06502741e+01
 5.49000000e+02 1.30000000e+01 2.04645861e+01
 5.50000000e+02 1.30000000e+01 2.02799600e+01
 5.51000000e+02 1.30000000e+01 2.00962186e+01
 5.52000000e+02 1.30000000e+01 1.99131850e+01
 5.53000000e+02 1.30000000e+01 1.97306820e+01
 5.54000000e+02 1.30000000e+01 1.95485328e+01
 5.55000000e+02 1.30000000e+01 1.93665601e+01
 5.56000000e+02 1.30000000e+01 1.91845871e+01
 5.57000000e+02 1.30000000e+01 1.89170528e+01
 5.58000000e+02 1.30000000e+01 1.87346647e+01
 5.59000000e+02 1.30000000e+01 1.85520679e+01
 5.60000000e+02 1.30000000e+01 1.83693008e+01
 5.61000000e+02 1.30000000e+01 1.81864015e+01
 5.62000000e+02 1.30000000e+01 1.80034084e+01
 5.63000000e+02 1.30000000e+01 1.78203597e+01
 5.64000000e+02 1.30000000e+01 1.76372936e+01
 5.65000000e+02 1.30000000e+01 1.74542483e+01
 5.66000000e+02 1.30000000e+01 1.72712622e+01
 5.67000000e+02 1.30000000e+01 1.70883734e+01
 5.68000000e+02 1.30000000e+01 1.69056201e+01
 5.69000000e+02 1.30000000e+01 1.67230407e+01
 5.70000000e+02 1.30000000e+01 1.65406734e+01
 5.71000000e+02 1.30000000e+01 1.63585563e+01
 5.72000000e+02 1.30000000e+01 1.61767278e+01
 5.73000000e+02 1.30000000e+01 1.59952261e+01
 5.74000000e+02 1.30000000e+01 1.58140895e+01
 5.75000000e+02 1.30000000e+01 1.56333561e+01
 5.76000000e+02 1.30000000e+01 1.54530642e+01
 5.77000000e+02 1.30000000e+01 1.52732521e+01
 5.78000000e+02 1.30000000e+01 1.50939580e+01
 5.79000000e+02 1.30000000e+01 1.49152202e+01
 5.80000000e+02 1.30000000e+01 1.47370768e+01
 5.81000000e+02 1.30000000e+01 1.45595662e+01
 5.82000000e+02 1.30000000e+01 1.43827265e+01
 5.83000000e+02 1.30000000e+01 1.42065961e+01
 5.84000000e+02 1.30000000e+01 1.40312131e+01
 5.85000000e+02 1.30000000e+01 1.38566158e+01
 5.86000000e+02 1.30000000e+01 1.36828425e+01
 5.87000000e+02 1.30000000e+01 1.35099313e+01
 5.88000000e+02 1.30000000e+01 1.33379205e+01
 5.89000000e+02 1.30000000e+01 1.31668485e+01
 5.90000000e+02 1.30000000e+01 1.29967533e+01
 5.91000000e+02 1.30000000e+01 1.28276733e+01
 5.92000000e+02 1.30000000e+01 1.26596466e+01
 5.93000000e+02 1.30000000e+01 1.24927117e+01
 5.94000000e+02 1.30000000e+01 1.23269065e+01
 5.95000000e+02 1.30000000e+01 1.21622695e+01
 5.96000000e+02 1.30000000e+01 1.19988389e+01
 5.97000000e+02 1.30000000e+01 1.18366529e+01
 5.98000000e+02 1.30000000e+01 1.16945826e+01
 5.99000000e+02 1.30000000e+01 1.15349934e+01
 6.00000000e+02 1.30000000e+01 1.13767231e+01
 6.01000000e+02 1.30000000e+01 1.12197698e+01
 6.02000000e+02 1.30000000e+01 1.10641312e+01
 6.03000000e+02 1.30000000e+01 1.09098055e+01
 6.04000000e+02 1.30000000e+01 1.07567904e+01
 6.05000000e+02 1.30000000e+01 1.06050838e+01
 6.06000000e+02 1.30000000e+01 1.04546838e+01
 6.07000000e+02 1.30000000e+01 1.03055881e+01
 6.08000000e+02 1.30000000e+01 1.01577948e+01
 6.09000000e+02 1.30000000e+01 1.00113016e+01
 6.10000000e+02 1.30000000e+01 9.86610665e+00
 6.11000000e+02 1.30000000e+01 9.72220773e+00
 6.12000000e+02 1.30000000e+01 9.57960277e+00
 6.13000000e+02 1.30000000e+01 9.43828970e+00
 6.14000000e+02 1.30000000e+01 9.29826643e+00
 6.15000000e+02 1.30000000e+01 9.15953086e+00
 6.16000000e+02 1.30000000e+01 9.02208092e+00
 6.17000000e+02 1.30000000e+01 8.88591452e+00
 6.18000000e+02 1.30000000e+01 8.75102958e+00
 6.19000000e+02 1.30000000e+01 8.61742400e+00
 6.20000000e+02 1.30000000e+01 8.48509570e+00
 6.21000000e+02 1.30000000e+01 8.35404259e+00
 6.22000000e+02 1.30000000e+01 8.22426260e+00
 6.23000000e+02 1.30000000e+01 8.09575363e+00
 6.24000000e+02 1.30000000e+01 7.96851359e+00
 6.25000000e+02 1.30000000e+01 7.84254041e+00
 6.26000000e+02 1.30000000e+01 7.71783199e+00
 6.27000000e+02 1.30000000e+01 7.59438625e+00
 6.28000000e+02 1.30000000e+01 7.47220110e+00
 6.29000000e+02 1.30000000e+01 7.35127446e+00
 6.30000000e+02 1.30000000e+01 7.23160424e+00
 6.31000000e+02 1.30000000e+01 7.11318836e+00
 6.32000000e+02 1.30000000e+01 6.99602472e+00
 6.33000000e+02 1.30000000e+01 6.88011125e+00
 6.34000000e+02 1.30000000e+01 6.76544586e+00
 6.35000000e+02 1.30000000e+01 6.65202645e+00
 6.36000000e+02 1.30000000e+01 6.53985095e+00
 6.37000000e+02 1.30000000e+01 6.42891727e+00
 6.38000000e+02 1.30000000e+01 6.31922333e+00
 6.39000000e+02 1.30000000e+01 6.21076703e+00
 6.40000000e+02 1.30000000e+01 6.11865337e+00
 6.41000000e+02 1.30000000e+01 6.01266651e+00
 6.42000000e+02 1.30000000e+01 5.90791159e+00
 6.43000000e+02 1.30000000e+01 5.80438690e+00
 6.44000000e+02 1.30000000e+01 5.70209071e+00
 6.45000000e+02 1.30000000e+01 5.60102130e+00
 6.46000000e+02 1.30000000e+01 5.50117697e+00
 6.47000000e+02 1.30000000e+01 5.40255598e+00
 6.48000000e+02 1.30000000e+01 5.30515662e+00
 6.49000000e+02 1.30000000e+01 5.20897718e+00
 6.50000000e+02 1.30000000e+01 5.11401593e+00
 6.51000000e+02 1.30000000e+01 5.02027116e+00
 6.52000000e+02 1.30000000e+01 4.92774115e+00
 6.53000000e+02 1.30000000e+01 4.83642418e+00
 6.54000000e+02 1.30000000e+01 4.74631853e+00
 6.55000000e+02 1.30000000e+01 4.65742248e+00
 6.56000000e+02 1.30000000e+01 4.56973432e+00
 6.57000000e+02 1.30000000e+01 4.48325233e+00
 6.58000000e+02 1.30000000e+01 4.39797478e+00
 6.59000000e+02 1.30000000e+01 4.31389997e+00
 6.60000000e+02 1.30000000e+01 4.23102617e+00
 6.61000000e+02 1.30000000e+01 4.14935167e+00
 6.62000000e+02 1.30000000e+01 4.06887474e+00
 6.63000000e+02 1.30000000e+01 3.98959367e+00
 6.64000000e+02 1.30000000e+01 3.91150674e+00
 6.65000000e+02 1.30000000e+01 3.83461223e+00
 6.66000000e+02 1.30000000e+01 3.75890842e+00
 6.67000000e+02 1.30000000e+01 3.68439360e+00
 6.68000000e+02 1.30000000e+01 3.61106605e+00
 6.69000000e+02 1.30000000e+01 3.53892405e+00
 6.70000000e+02 1.30000000e+01 3.46796588e+00
 6.71000000e+02 1.30000000e+01 3.39818982e+00
 6.72000000e+02 1.30000000e+01 3.32959415e+00
 6.73000000e+02 1.30000000e+01 3.26217716e+00
 6.74000000e+02 1.30000000e+01 3.19593713e+00
 6.75000000e+02 1.30000000e+01 3.13087234e+00
 6.76000000e+02 1.30000000e+01 3.06698107e+00
 6.77000000e+02 1.30000000e+01 3.00426160e+00
 6.78000000e+02 1.30000000e+01 2.94271222e+00
 6.79000000e+02 1.30000000e+01 2.88233121e+00
 6.80000000e+02 1.30000000e+01 2.82311684e+00
 6.81000000e+02 1.30000000e+01 2.77798758e+00
 6.82000000e+02 1.30000000e+01 2.72110066e+00
 6.83000000e+02 1.30000000e+01 2.66537249e+00
 6.84000000e+02 1.30000000e+01 2.61079865e+00
 6.85000000e+02 1.30000000e+01 2.55737468e+00
 6.86000000e+02 1.30000000e+01 2.50509613e+00
 6.87000000e+02 1.30000000e+01 2.45395856e+00
 6.88000000e+02 1.30000000e+01 2.40395752e+00
 6.89000000e+02 1.30000000e+01 2.35508857e+00
 6.90000000e+02 1.30000000e+01 2.30734726e+00
 6.91000000e+02 1.30000000e+01 2.26072913e+00
 6.92000000e+02 1.30000000e+01 2.21522975e+00
 6.93000000e+02 1.30000000e+01 2.17084467e+00
 6.94000000e+02 1.30000000e+01 2.12756944e+00
 6.95000000e+02 1.30000000e+01 2.08539961e+00
 6.96000000e+02 1.30000000e+01 2.04433073e+00
 6.97000000e+02 1.30000000e+01 2.00435837e+00
 6.98000000e+02 1.30000000e+01 1.96547807e+00
 6.99000000e+02 1.30000000e+01 1.92768539e+00
 7.00000000e+02 1.30000000e+01 1.89097588e+00
 7.01000000e+02 1.30000000e+01 1.85534509e+00
 7.02000000e+02 1.30000000e+01 1.82078858e+00
 7.03000000e+02 1.30000000e+01 1.78730189e+00
 7.04000000e+02 1.30000000e+01 1.75488059e+00
 7.05000000e+02 1.30000000e+01 1.72352022e+00
 7.06000000e+02 1.30000000e+01 1.69321634e+00
 7.07000000e+02 1.30000000e+01 1.66396451e+00
 7.08000000e+02 1.30000000e+01 1.63576027e+00
 7.09000000e+02 1.30000000e+01 1.60859917e+00
 7.10000000e+02 1.30000000e+01 1.58247678e+00
 7.11000000e+02 1.30000000e+01 1.55738865e+00
 7.12000000e+02 1.30000000e+01 1.53333032e+00
 7.13000000e+02 1.30000000e+01 1.51029735e+00
 7.14000000e+02 1.30000000e+01 1.48828529e+00
 7.15000000e+02 1.30000000e+01 1.46728971e+00
 7.16000000e+02 1.30000000e+01 1.44730614e+00
 7.17000000e+02 1.30000000e+01 1.42833015e+00
 7.18000000e+02 1.30000000e+01 1.41035729e+00
 7.19000000e+02 1.30000000e+01 1.39338310e+00
 7.20000000e+02 1.30000000e+01 1.37740315e+00
 7.21000000e+02 1.30000000e+01 1.36241298e+00
 7.22000000e+02 1.30000000e+01 1.34840816e+00
 7.23000000e+02 1.30000000e+01 1.35185626e+00
 7.24000000e+02 1.30000000e+01 1.33978936e+00
 7.25000000e+02 1.30000000e+01 1.32864129e+00
 7.26000000e+02 1.30000000e+01 1.31837213e+00
 7.27000000e+02 1.30000000e+01 1.30894201e+00
 7.28000000e+02 1.30000000e+01 1.30031102e+00
 7.29000000e+02 1.30000000e+01 1.29243926e+00
 7.30000000e+02 1.30000000e+01 1.28528683e+00
 7.31000000e+02 1.30000000e+01 1.27881384e+00
 7.32000000e+02 1.30000000e+01 1.27298039e+00
 7.33000000e+02 1.30000000e+01 1.26774658e+00
 7.34000000e+02 1.30000000e+01 1.26307251e+00
 7.35000000e+02 1.30000000e+01 1.25891829e+00
 7.36000000e+02 1.30000000e+01 1.25524402e+00
 7.37000000e+02 1.30000000e+01 1.25200980e+00
 7.38000000e+02 1.30000000e+01 1.24917573e+00
 7.39000000e+02 1.30000000e+01 1.24670192e+00
 7.40000000e+02 1.30000000e+01 1.24454846e+00
 7.41000000e+02 1.30000000e+01 1.24267547e+00
 7.42000000e+02 1.30000000e+01 1.24104304e+00
 7.43000000e+02 1.30000000e+01 1.23961127e+00
 7.44000000e+02 1.30000000e+01 1.23834027e+00
 7.45000000e+02 1.30000000e+01 1.23719014e+00
 7.46000000e+02 1.30000000e+01 1.23612097e+00
 7.47000000e+02 1.30000000e+01 1.23509289e+00
 7.48000000e+02 1.30000000e+01 1.23406598e+00
 7.49000000e+02 1.30000000e+01 1.23300035e+00
 7.50000000e+02 1.30000000e+01 1.23185610e+00
 7.51000000e+02 1.30000000e+01 1.23059333e+00
 7.52000000e+02 1.30000000e+01 1.22917214e+00
 7.53000000e+02 1.30000000e+01 1.22755265e+00
 7.54000000e+02 1.30000000e+01 1.22569494e+00
 7.55000000e+02 1.30000000e+01 1.22355913e+00
 7.56000000e+02 1.30000000e+01 1.22110531e+00
 7.57000000e+02 1.30000000e+01 1.21829359e+00
 7.58000000e+02 1.30000000e+01 1.21508407e+00
 7.59000000e+02 1.30000000e+01 1.21143685e+00
 7.60000000e+02 1.30000000e+01 1.20731204e+00
 7.61000000e+02 1.30000000e+01 1.20266973e+00
 7.62000000e+02 1.30000000e+01 1.19747003e+00
 7.63000000e+02 1.30000000e+01 1.19167304e+00
 7.64000000e+02 1.30000000e+01 1.18523886e+00
