 3.00000000e+00 7.00000000e+00 4.13119303e+01
 4.00000000e+00 7.00000000e+00 4.14515896e+01
 5.00000000e+00 7.00000000e+00 4.15865167e+01
 6.00000000e+00 7.00000000e+00 4.17167600e+01
 7.00000000e+00 7.00000000e+00 4.18423682e+01
 8.00000000e+00 7.00000000e+00 4.19633898e+01
 9.00000000e+00 7.00000000e+00 4.20798733e+01
 1.00000000e+01 7.00000000e+00 4.21918673e+01
 1.10000000e+01 7.00000000e+00 4.22994203e+01
 1.20000000e+01 7.00000000e+00 4.24025809e+01
 1.30000000e+01 7.00000000e+00 4.25013976e+01
 1.40000000e+01 7.00000000e+00 4.25959190e+01
 1.50000000e+01 7.00000000e+00 4.26861936e+01
 1.60000000e+01 7.00000000e+00 4.27722699e+01
 1.70000000e+01 7.00000000e+00 4.28541966e+01
 1.80000000e+01 7.00000000e+00 4.29320221e+01
 1.90000000e+01 7.00000000e+00 4.30057951e+01
 2.00000000e+01 7.00000000e+00 4.30755640e+01
 2.10000000e+01 7.00000000e+00 4.31413774e+01
 2.20000000e+01 7.00000000e+00 4.32032838e+01
 2.30000000e+01 7.00000000e+00 4.32613318e+01
 2.40000000e+01 7.00000000e+00 4.33155700e+01
 2.50000000e+01 7.00000000e+00 4.33660469e+01
 2.60000000e+01 7.00000000e+00 4.34128110e+01
 2.70000000e+01 7.00000000e+00 4.34559109e+01
 2.80000000e+01 7.00000000e+00 4.34953951e+01
 2.90000000e+01 7.00000000e+00 4.35313122e+01
 3.00000000e+01 7.00000000e+00 4.35637107e+01
 3.10000000e+01 7.00000000e+00 4.35926393e+01
 3.20000000e+01 7.00000000e+00 4.36181463e+01
 3.30000000e+01 7.00000000e+00 4.36402804e+01
 3.40000000e+01 7.00000000e+00 4.36590901e+01
 3.50000000e+01 7.00000000e+00 4.36746240e+01
 3.60000000e+01 7.00000000e+00 4.36869306e+01
 3.70000000e+01 7.00000000e+00 4.36960585e+01
 3.80000000e+01 7.00000000e+00 4.37020561e+01
 3.90000000e+01 7.00000000e+00 4.37049721e+01
 4.00000000e+01 7.00000000e+00 4.37048551e+01
 4.10000000e+01 7.00000000e+00 4.37017534e+01
 4.20000000e+01 7.00000000e+00 4.36957158e+01
 4.30000000e+01 7.00000000e+00 4.36867907e+01
 4.40000000e+01 7.00000000e+00 4.36750267e+01
 4.50000000e+01 7.00000000e+00 4.36604724e+01
 4.60000000e+01 7.00000000e+00 4.36431762e+01
 4.70000000e+01 7.00000000e+00 4.36231868e+01
 4.80000000e+01 7.00000000e+00 4.36005526e+01
 4.90000000e+01 7.00000000e+00 4.35753223e+01
 5.00000000e+01 7.00000000e+00 4.35475444e+01
 5.10000000e+01 7.00000000e+00 4.35172673e+01
 5.20000000e+01 7.00000000e+00 4.34845398e+01
 5.30000000e+01 7.00000000e+00 4.34275481e+01
 5.40000000e+01 7.00000000e+00 4.33901164e+01
 5.50000000e+01 7.00000000e+00 4.33505685e+01
 5.60000000e+01 7.00000000e+00 4.33091079e+01
 5.70000000e+01 7.00000000e+00 4.32659385e+01
 5.80000000e+01 7.00000000e+00 4.32212641e+01
 5.90000000e+01 7.00000000e+00 4.31752884e+01
 6.00000000e+01 7.00000000e+00 4.31282153e+01
 6.10000000e+01 7.00000000e+00 4.30802486e+01
 6.20000000e+01 7.00000000e+00 4.30315919e+01
 6.30000000e+01 7.00000000e+00 4.29824492e+01
 6.40000000e+01 7.00000000e+00 4.29330242e+01
 6.50000000e+01 7.00000000e+00 4.28835207e+01
 6.60000000e+01 7.00000000e+00 4.28341425e+01
 6.70000000e+01 7.00000000e+00 4.27850934e+01
 6.80000000e+01 7.00000000e+00 4.27365770e+01
 6.90000000e+01 7.00000000e+00 4.26887974e+01
 7.00000000e+01 7.00000000e+00 4.26419581e+01
 7.10000000e+01 7.00000000e+00 4.25962631e+01
 7.20000000e+01 7.00000000e+00 4.25519161e+01
 7.30000000e+01 7.00000000e+00 4.25091209e+01
 7.40000000e+01 7.00000000e+00 4.24680812e+01
 7.50000000e+01 7.00000000e+00 4.24290009e+01
 7.60000000e+01 7.00000000e+00 4.23920838e+01
 7.70000000e+01 7.00000000e+00 4.23575336e+01
 7.80000000e+01 7.00000000e+00 4.23255541e+01
 7.90000000e+01 7.00000000e+00 4.22963492e+01
 8.00000000e+01 7.00000000e+00 4.22701225e+01
 8.10000000e+01 7.00000000e+00 4.22470780e+01
 8.20000000e+01 7.00000000e+00 4.22274193e+01
 8.30000000e+01 7.00000000e+00 4.22113502e+01
 8.40000000e+01 7.00000000e+00 4.21990747e+01
 8.50000000e+01 7.00000000e+00 4.21907963e+01
 8.60000000e+01 7.00000000e+00 4.21867190e+01
 8.70000000e+01 7.00000000e+00 4.21870465e+01
 8.80000000e+01 7.00000000e+00 4.21919826e+01
 8.90000000e+01 7.00000000e+00 4.22017311e+01
 9.00000000e+01 7.00000000e+00 4.22164957e+01
 9.10000000e+01 7.00000000e+00 4.22364803e+01
 9.20000000e+01 7.00000000e+00 4.22618887e+01
 9.30000000e+01 7.00000000e+00 4.22929246e+01
 9.40000000e+01 7.00000000e+00 4.23297918e+01
 9.50000000e+01 7.00000000e+00 4.23726941e+01
 9.60000000e+01 7.00000000e+00 4.24218354e+01
 9.70000000e+01 7.00000000e+00 4.24774193e+01
 9.80000000e+01 7.00000000e+00 4.25396496e+01
 9.90000000e+01 7.00000000e+00 4.26087303e+01
 1.00000000e+02 7.00000000e+00 4.26848650e+01
 1.01000000e+02 7.00000000e+00 4.27682575e+01
 1.02000000e+02 7.00000000e+00 4.28591116e+01
 1.03000000e+02 7.00000000e+00 4.28180143e+01
 1.04000000e+02 7.00000000e+00 4.29241665e+01
 1.05000000e+02 7.00000000e+00 4.30377311e+01
 1.06000000e+02 7.00000000e+00 4.31584494e+01
 1.07000000e+02 7.00000000e+00 4.32860630e+01
 1.08000000e+02 7.00000000e+00 4.34203130e+01
 1.09000000e+02 7.00000000e+00 4.35609410e+01
 1.10000000e+02 7.00000000e+00 4.37076883e+01
 1.11000000e+02 7.00000000e+00 4.38602963e+01
 1.12000000e+02 7.00000000e+00 4.40185064e+01
 1.13000000e+02 7.00000000e+00 4.41820598e+01
 1.14000000e+02 7.00000000e+00 4.43506982e+01
 1.15000000e+02 7.00000000e+00 4.45241627e+01
 1.16000000e+02 7.00000000e+00 4.47021948e+01
 1.17000000e+02 7.00000000e+00 4.48845359e+01
 1.18000000e+02 7.00000000e+00 4.50709273e+01
 1.19000000e+02 7.00000000e+00 4.52611105e+01
 1.20000000e+02 7.00000000e+00 4.54548268e+01
 1.21000000e+02 7.00000000e+00 4.56518175e+01
 1.22000000e+02 7.00000000e+00 4.58518242e+01
 1.23000000e+02 7.00000000e+00 4.60545881e+01
 1.24000000e+02 7.00000000e+00 4.62598506e+01
 1.25000000e+02 7.00000000e+00 4.64673531e+01
 1.26000000e+02 7.00000000e+00 4.66768370e+01
 1.27000000e+02 7.00000000e+00 4.68880437e+01
 1.28000000e+02 7.00000000e+00 4.71007146e+01
 1.29000000e+02 7.00000000e+00 4.73145910e+01
 1.30000000e+02 7.00000000e+00 4.75294142e+01
 1.31000000e+02 7.00000000e+00 4.77449258e+01
 1.32000000e+02 7.00000000e+00 4.79608671e+01
 1.33000000e+02 7.00000000e+00 4.81769794e+01
 1.34000000e+02 7.00000000e+00 4.83930042e+01
 1.35000000e+02 7.00000000e+00 4.86086828e+01
 1.36000000e+02 7.00000000e+00 4.88237566e+01
 1.37000000e+02 7.00000000e+00 4.90379669e+01
 1.38000000e+02 7.00000000e+00 4.92510552e+01
 1.39000000e+02 7.00000000e+00 4.94627629e+01
 1.40000000e+02 7.00000000e+00 4.96728313e+01
 1.41000000e+02 7.00000000e+00 4.98810017e+01
 1.42000000e+02 7.00000000e+00 5.00870157e+01
 1.43000000e+02 7.00000000e+00 5.02906145e+01
 1.44000000e+02 7.00000000e+00 5.04915396e+01
 1.45000000e+02 7.00000000e+00 5.06895322e+01
 1.46000000e+02 7.00000000e+00 5.08843339e+01
 1.47000000e+02 7.00000000e+00 5.10756860e+01
 1.48000000e+02 7.00000000e+00 5.12633298e+01
 1.49000000e+02 7.00000000e+00 5.14470068e+01
 1.50000000e+02 7.00000000e+00 5.16264583e+01
 1.51000000e+02 7.00000000e+00 5.18014257e+01
 1.52000000e+02 7.00000000e+00 5.19716504e+01
 1.53000000e+02 7.00000000e+00 5.21699867e+01
 1.54000000e+02 7.00000000e+00 5.23302000e+01
 1.55000000e+02 7.00000000e+00 5.24854797e+01
 1.56000000e+02 7.00000000e+00 5.26359230e+01
 1.57000000e+02 7.00000000e+00 5.27816274e+01
 1.58000000e+02 7.00000000e+00 5.29226903e+01
 1.59000000e+02 7.00000000e+00 5.30592091e+01
 1.60000000e+02 7.00000000e+00 5.31912812e+01
 1.61000000e+02 7.00000000e+00 5.33190039e+01
 1.62000000e+02 7.00000000e+00 5.34424746e+01
 1.63000000e+02 7.00000000e+00 5.35617908e+01
 1.64000000e+02 7.00000000e+00 5.36770499e+01
 1.65000000e+02 7.00000000e+00 5.37883492e+01
 1.66000000e+02 7.00000000e+00 5.38957861e+01
 1.67000000e+02 7.00000000e+00 5.39994580e+01
 1.68000000e+02 7.00000000e+00 5.40994623e+01
 1.69000000e+02 7.00000000e+00 5.41958964e+01
 1.70000000e+02 7.00000000e+00 5.42888577e+01
 1.71000000e+02 7.00000000e+00 5.43784436e+01
 1.72000000e+02 7.00000000e+00 5.44647515e+01
 1.73000000e+02 7.00000000e+00 5.45478788e+01
 1.74000000e+02 7.00000000e+00 5.46279228e+01
 1.75000000e+02 7.00000000e+00 5.47049809e+01
 1.76000000e+02 7.00000000e+00 5.47791507e+01
 1.77000000e+02 7.00000000e+00 5.48505293e+01
 1.78000000e+02 7.00000000e+00 5.49192143e+01
 1.79000000e+02 7.00000000e+00 5.49853030e+01
 1.80000000e+02 7.00000000e+00 5.50488929e+01
 1.81000000e+02 7.00000000e+00 5.51100812e+01
 1.82000000e+02 7.00000000e+00 5.51689655e+01
 1.83000000e+02 7.00000000e+00 5.52256430e+01
 1.84000000e+02 7.00000000e+00 5.52802113e+01
 1.85000000e+02 7.00000000e+00 5.53327676e+01
 1.86000000e+02 7.00000000e+00 5.53834094e+01
 1.87000000e+02 7.00000000e+00 5.54322341e+01
 1.88000000e+02 7.00000000e+00 5.54793390e+01
 1.89000000e+02 7.00000000e+00 5.55248216e+01
 1.90000000e+02 7.00000000e+00 5.55687792e+01
 1.91000000e+02 7.00000000e+00 5.56113093e+01
 1.92000000e+02 7.00000000e+00 5.56525092e+01
 1.93000000e+02 7.00000000e+00 5.56924763e+01
 1.94000000e+02 7.00000000e+00 5.57313080e+01
 1.95000000e+02 7.00000000e+00 5.57691017e+01
 1.96000000e+02 7.00000000e+00 5.58059549e+01
 1.97000000e+02 7.00000000e+00 5.58419648e+01
 1.98000000e+02 7.00000000e+00 5.58772289e+01
 1.99000000e+02 7.00000000e+00 5.59118446e+01
 2.00000000e+02 7.00000000e+00 5.59459093e+01
 2.01000000e+02 7.00000000e+00 5.59795203e+01
 2.02000000e+02 7.00000000e+00 5.60127751e+01
 2.03000000e+02 7.00000000e+00 5.60653600e+01
 2.04000000e+02 7.00000000e+00 5.60981162e+01
 2.05000000e+02 7.00000000e+00 5.61306549e+01
 2.06000000e+02 7.00000000e+00 5.61629908e+01
 2.07000000e+02 7.00000000e+00 5.61951388e+01
 2.08000000e+02 7.00000000e+00 5.62271136e+01
 2.09000000e+02 7.00000000e+00 5.62589301e+01
 2.10000000e+02 7.00000000e+00 5.62906029e+01
 2.11000000e+02 7.00000000e+00 5.63221468e+01
 2.12000000e+02 7.00000000e+00 5.63535767e+01
 2.13000000e+02 7.00000000e+00 5.63849073e+01
 2.14000000e+02 7.00000000e+00 5.64161534e+01
 2.15000000e+02 7.00000000e+00 5.64473297e+01
 2.16000000e+02 7.00000000e+00 5.64784511e+01
 2.17000000e+02 7.00000000e+00 5.65095323e+01
 2.18000000e+02 7.00000000e+00 5.65405880e+01
 2.19000000e+02 7.00000000e+00 5.65716331e+01
 2.20000000e+02 7.00000000e+00 5.66026824e+01
 2.21000000e+02 7.00000000e+00 5.66337505e+01
 2.22000000e+02 7.00000000e+00 5.66648523e+01
 2.23000000e+02 7.00000000e+00 5.66960026e+01
 2.24000000e+02 7.00000000e+00 5.67272162e+01
 2.25000000e+02 7.00000000e+00 5.67585077e+01
 2.26000000e+02 7.00000000e+00 5.67898920e+01
 2.27000000e+02 7.00000000e+00 5.68213839e+01
 2.28000000e+02 7.00000000e+00 5.68529981e+01
 2.29000000e+02 7.00000000e+00 5.68847494e+01
 2.30000000e+02 7.00000000e+00 5.69166526e+01
 2.31000000e+02 7.00000000e+00 5.69487225e+01
 2.32000000e+02 7.00000000e+00 5.69809738e+01
 2.33000000e+02 7.00000000e+00 5.70134213e+01
 2.34000000e+02 7.00000000e+00 5.70460798e+01
 2.35000000e+02 7.00000000e+00 5.70789641e+01
 2.36000000e+02 7.00000000e+00 5.71120889e+01
 2.37000000e+02 7.00000000e+00 5.71454690e+01
 2.38000000e+02 7.00000000e+00 5.71791192e+01
 2.39000000e+02 7.00000000e+00 5.72130543e+01
 2.40000000e+02 7.00000000e+00 5.72472890e+01
 2.41000000e+02 7.00000000e+00 5.72818381e+01
 2.42000000e+02 7.00000000e+00 5.73167164e+01
 2.43000000e+02 7.00000000e+00 5.73519387e+01
 2.44000000e+02 7.00000000e+00 5.73875197e+01
 2.45000000e+02 7.00000000e+00 5.74234743e+01
 2.46000000e+02 7.00000000e+00 5.74598171e+01
 2.47000000e+02 7.00000000e+00 5.74965630e+01
 2.48000000e+02 7.00000000e+00 5.75337267e+01
 2.49000000e+02 7.00000000e+00 5.75713231e+01
 2.50000000e+02 7.00000000e+00 5.76093668e+01
 2.51000000e+02 7.00000000e+00 5.76478727e+01
 2.52000000e+02 7.00000000e+00 5.76323008e+01
 2.53000000e+02 7.00000000e+00 5.76717622e+01
 2.54000000e+02 7.00000000e+00 5.77116759e+01
 2.55000000e+02 7.00000000e+00 5.77520063e+01
 2.56000000e+02 7.00000000e+00 5.77927173e+01
 2.57000000e+02 7.00000000e+00 5.78337735e+01
 2.58000000e+02 7.00000000e+00 5.78751388e+01
 2.59000000e+02 7.00000000e+00 5.79167776e+01
 2.60000000e+02 7.00000000e+00 5.79586541e+01
 2.61000000e+02 7.00000000e+00 5.80007325e+01
 2.62000000e+02 7.00000000e+00 5.80429770e+01
 2.63000000e+02 7.00000000e+00 5.80853519e+01
 2.64000000e+02 7.00000000e+00 5.81278213e+01
 2.65000000e+02 7.00000000e+00 5.81703496e+01
 2.66000000e+02 7.00000000e+00 5.82129009e+01
 2.67000000e+02 7.00000000e+00 5.82554395e+01
 2.68000000e+02 7.00000000e+00 5.82979295e+01
 2.69000000e+02 7.00000000e+00 5.83403353e+01
 2.70000000e+02 7.00000000e+00 5.83826210e+01
 2.71000000e+02 7.00000000e+00 5.84247509e+01
 2.72000000e+02 7.00000000e+00 5.84666891e+01
 2.73000000e+02 7.00000000e+00 5.85084000e+01
 2.74000000e+02 7.00000000e+00 5.85498477e+01
 2.75000000e+02 7.00000000e+00 5.85909964e+01
 2.76000000e+02 7.00000000e+00 5.86318105e+01
 2.77000000e+02 7.00000000e+00 5.86722540e+01
 2.78000000e+02 7.00000000e+00 5.87122913e+01
 2.79000000e+02 7.00000000e+00 5.87518866e+01
 2.80000000e+02 7.00000000e+00 5.87910040e+01
 2.81000000e+02 7.00000000e+00 5.88296078e+01
 2.82000000e+02 7.00000000e+00 5.88676623e+01
 2.83000000e+02 7.00000000e+00 5.89051317e+01
 2.84000000e+02 7.00000000e+00 5.89419801e+01
 2.85000000e+02 7.00000000e+00 5.89781719e+01
 2.86000000e+02 7.00000000e+00 5.90136711e+01
 2.87000000e+02 7.00000000e+00 5.90484422e+01
 2.88000000e+02 7.00000000e+00 5.90824492e+01
 2.89000000e+02 7.00000000e+00 5.91156565e+01
 2.90000000e+02 7.00000000e+00 5.91480281e+01
 2.91000000e+02 7.00000000e+00 5.91795285e+01
 2.92000000e+02 7.00000000e+00 5.92101217e+01
 2.93000000e+02 7.00000000e+00 5.92397721e+01
 2.94000000e+02 7.00000000e+00 5.92684438e+01
 2.95000000e+02 7.00000000e+00 5.92961010e+01
 2.96000000e+02 7.00000000e+00 5.93227080e+01
 2.97000000e+02 7.00000000e+00 5.93482291e+01
 2.98000000e+02 7.00000000e+00 5.93726284e+01
 2.99000000e+02 7.00000000e+00 5.93958701e+01
 3.00000000e+02 7.00000000e+00 5.94179186e+01
 3.01000000e+02 7.00000000e+00 5.94387379e+01
 3.02000000e+02 7.00000000e+00 5.94884188e+01
 3.03000000e+02 7.00000000e+00 5.95067114e+01
 3.04000000e+02 7.00000000e+00 5.95238038e+01
 3.05000000e+02 7.00000000e+00 5.95397663e+01
 3.06000000e+02 7.00000000e+00 5.95546691e+01
 3.07000000e+02 7.00000000e+00 5.95685823e+01
 3.08000000e+02 7.00000000e+00 5.95815763e+01
 3.09000000e+02 7.00000000e+00 5.95937212e+01
 3.10000000e+02 7.00000000e+00 5.96050873e+01
 3.11000000e+02 7.00000000e+00 5.96157447e+01
 3.12000000e+02 7.00000000e+00 5.96257637e+01
 3.13000000e+02 7.00000000e+00 5.96352145e+01
 3.14000000e+02 7.00000000e+00 5.96441673e+01
 3.15000000e+02 7.00000000e+00 5.96526923e+01
 3.16000000e+02 7.00000000e+00 5.96608597e+01
 3.17000000e+02 7.00000000e+00 5.96687397e+01
 3.18000000e+02 7.00000000e+00 5.96764027e+01
 3.19000000e+02 7.00000000e+00 5.96839186e+01
 3.20000000e+02 7.00000000e+00 5.96913579e+01
 3.21000000e+02 7.00000000e+00 5.96987907e+01
 3.22000000e+02 7.00000000e+00 5.97062871e+01
 3.23000000e+02 7.00000000e+00 5.97139175e+01
 3.24000000e+02 7.00000000e+00 5.97217521e+01
 3.25000000e+02 7.00000000e+00 5.97298610e+01
 3.26000000e+02 7.00000000e+00 5.97383144e+01
 3.27000000e+02 7.00000000e+00 5.97471827e+01
 3.28000000e+02 7.00000000e+00 5.97565359e+01
 3.29000000e+02 7.00000000e+00 5.97664443e+01
 3.30000000e+02 7.00000000e+00 5.97769782e+01
 3.31000000e+02 7.00000000e+00 5.97882077e+01
 3.32000000e+02 7.00000000e+00 5.98002030e+01
 3.33000000e+02 7.00000000e+00 5.98130344e+01
 3.34000000e+02 7.00000000e+00 5.98267721e+01
 3.35000000e+02 7.00000000e+00 5.98414863e+01
 3.36000000e+02 7.00000000e+00 5.98572471e+01
 3.37000000e+02 7.00000000e+00 5.98741249e+01
 3.38000000e+02 7.00000000e+00 5.98921899e+01
 3.39000000e+02 7.00000000e+00 5.99115121e+01
 3.40000000e+02 7.00000000e+00 5.99321620e+01
 3.41000000e+02 7.00000000e+00 5.99542096e+01
 3.42000000e+02 7.00000000e+00 5.99777252e+01
 3.43000000e+02 7.00000000e+00 6.00027790e+01
 3.44000000e+02 7.00000000e+00 6.00294412e+01
 3.45000000e+02 7.00000000e+00 6.00577820e+01
 3.46000000e+02 7.00000000e+00 6.00878717e+01
 3.47000000e+02 7.00000000e+00 6.01197804e+01
 3.48000000e+02 7.00000000e+00 6.01535785e+01
 3.49000000e+02 7.00000000e+00 6.01893360e+01
 3.50000000e+02 7.00000000e+00 6.02271232e+01
 3.51000000e+02 7.00000000e+00 6.02670103e+01
 3.52000000e+02 7.00000000e+00 6.01567288e+01
 3.53000000e+02 7.00000000e+00 6.02010022e+01
 3.54000000e+02 7.00000000e+00 6.02475271e+01
 3.55000000e+02 7.00000000e+00 6.02963342e+01
 3.56000000e+02 7.00000000e+00 6.03474546e+01
 3.57000000e+02 7.00000000e+00 6.04009189e+01
 3.58000000e+02 7.00000000e+00 6.04567580e+01
 3.59000000e+02 7.00000000e+00 6.05150028e+01
 3.60000000e+02 7.00000000e+00 6.05756840e+01
 3.61000000e+02 7.00000000e+00 6.06388326e+01
 3.62000000e+02 7.00000000e+00 6.07044793e+01
 3.63000000e+02 7.00000000e+00 6.07726550e+01
 3.64000000e+02 7.00000000e+00 6.08433905e+01
 3.65000000e+02 7.00000000e+00 6.09167166e+01
 3.66000000e+02 7.00000000e+00 6.09926642e+01
 3.67000000e+02 7.00000000e+00 6.10712642e+01
 3.68000000e+02 7.00000000e+00 6.11525473e+01
 3.69000000e+02 7.00000000e+00 6.12365443e+01
 3.70000000e+02 7.00000000e+00 6.13232862e+01
 3.71000000e+02 7.00000000e+00 6.14128037e+01
 3.72000000e+02 7.00000000e+00 6.15051277e+01
 3.73000000e+02 7.00000000e+00 6.16002890e+01
 3.74000000e+02 7.00000000e+00 6.16983184e+01
 3.75000000e+02 7.00000000e+00 6.17992468e+01
 3.76000000e+02 7.00000000e+00 6.19031051e+01
 3.77000000e+02 7.00000000e+00 6.20099239e+01
 3.78000000e+02 7.00000000e+00 6.21197343e+01
 3.79000000e+02 7.00000000e+00 6.22325669e+01
 3.80000000e+02 7.00000000e+00 6.23484527e+01
 3.81000000e+02 7.00000000e+00 6.24674225e+01
 3.82000000e+02 7.00000000e+00 6.25895070e+01
 3.83000000e+02 7.00000000e+00 6.27147372e+01
 3.84000000e+02 7.00000000e+00 6.28431439e+01
 3.85000000e+02 7.00000000e+00 6.29747579e+01
 3.86000000e+02 7.00000000e+00 6.31096100e+01
 3.87000000e+02 7.00000000e+00 6.32477311e+01
 3.88000000e+02 7.00000000e+00 6.33891520e+01
 3.89000000e+02 7.00000000e+00 6.35339036e+01
 3.90000000e+02 7.00000000e+00 6.36820166e+01
 3.91000000e+02 7.00000000e+00 6.38335219e+01
 3.92000000e+02 7.00000000e+00 6.39884503e+01
 3.93000000e+02 7.00000000e+00 6.41468327e+01
 3.94000000e+02 7.00000000e+00 6.43086999e+01
 3.95000000e+02 7.00000000e+00 6.44740828e+01
 3.96000000e+02 7.00000000e+00 6.46430121e+01
 3.97000000e+02 7.00000000e+00 6.48155187e+01
 3.98000000e+02 7.00000000e+00 6.49916335e+01
 3.99000000e+02 7.00000000e+00 6.51713872e+01
 4.00000000e+02 7.00000000e+00 6.53548107e+01
 4.01000000e+02 7.00000000e+00 6.55419348e+01
 4.02000000e+02 7.00000000e+00 6.58747075e+01
 4.03000000e+02 7.00000000e+00 6.60691749e+01
 4.04000000e+02 7.00000000e+00 6.62671002e+01
 4.05000000e+02 7.00000000e+00 6.64683184e+01
 4.06000000e+02 7.00000000e+00 6.66726648e+01
 4.07000000e+02 7.00000000e+00 6.68799746e+01
 4.08000000e+02 7.00000000e+00 6.70900830e+01
 4.09000000e+02 7.00000000e+00 6.73028252e+01
 4.10000000e+02 7.00000000e+00 6.75180365e+01
 4.11000000e+02 7.00000000e+00 6.77355519e+01
 4.12000000e+02 7.00000000e+00 6.79552068e+01
 4.13000000e+02 7.00000000e+00 6.81768364e+01
 4.14000000e+02 7.00000000e+00 6.84002757e+01
 4.15000000e+02 7.00000000e+00 6.86253602e+01
 4.16000000e+02 7.00000000e+00 6.88519249e+01
 4.17000000e+02 7.00000000e+00 6.90798050e+01
 4.18000000e+02 7.00000000e+00 6.93088359e+01
 4.19000000e+02 7.00000000e+00 6.95388526e+01
 4.20000000e+02 7.00000000e+00 6.97696904e+01
 4.21000000e+02 7.00000000e+00 7.00011845e+01
 4.22000000e+02 7.00000000e+00 7.02331701e+01
 4.23000000e+02 7.00000000e+00 7.04654825e+01
 4.24000000e+02 7.00000000e+00 7.06979567e+01
 4.25000000e+02 7.00000000e+00 7.09304281e+01
 4.26000000e+02 7.00000000e+00 7.11627318e+01
 4.27000000e+02 7.00000000e+00 7.13947031e+01
 4.28000000e+02 7.00000000e+00 7.16261771e+01
 4.29000000e+02 7.00000000e+00 7.18569891e+01
 4.30000000e+02 7.00000000e+00 7.20869742e+01
 4.31000000e+02 7.00000000e+00 7.23159677e+01
 4.32000000e+02 7.00000000e+00 7.25438048e+01
 4.33000000e+02 7.00000000e+00 7.27703207e+01
 4.34000000e+02 7.00000000e+00 7.29953505e+01
 4.35000000e+02 7.00000000e+00 7.32187296e+01
 4.36000000e+02 7.00000000e+00 7.34402931e+01
 4.37000000e+02 7.00000000e+00 7.36598762e+01
 4.38000000e+02 7.00000000e+00 7.38773141e+01
 4.39000000e+02 7.00000000e+00 7.40924420e+01
 4.40000000e+02 7.00000000e+00 7.43050952e+01
 4.41000000e+02 7.00000000e+00 7.45151089e+01
 4.42000000e+02 7.00000000e+00 7.47223182e+01
 4.43000000e+02 7.00000000e+00 7.49265583e+01
 4.44000000e+02 7.00000000e+00 7.51276645e+01
 4.45000000e+02 7.00000000e+00 7.53254720e+01
 4.46000000e+02 7.00000000e+00 7.55198160e+01
 4.47000000e+02 7.00000000e+00 7.57105317e+01
 4.48000000e+02 7.00000000e+00 7.58974542e+01
 4.49000000e+02 7.00000000e+00 7.60804189e+01
 4.50000000e+02 7.00000000e+00 7.62592609e+01
 4.51000000e+02 7.00000000e+00 7.64338154e+01
 4.52000000e+02 7.00000000e+00 7.65511616e+01
 4.53000000e+02 7.00000000e+00 7.67168419e+01
 4.54000000e+02 7.00000000e+00 7.68780927e+01
 4.55000000e+02 7.00000000e+00 7.70349319e+01
 4.56000000e+02 7.00000000e+00 7.71873775e+01
 4.57000000e+02 7.00000000e+00 7.73354474e+01
 4.58000000e+02 7.00000000e+00 7.74791595e+01
 4.59000000e+02 7.00000000e+00 7.76185317e+01
 4.60000000e+02 7.00000000e+00 7.77535820e+01
 4.61000000e+02 7.00000000e+00 7.78843283e+01
 4.62000000e+02 7.00000000e+00 7.80107884e+01
 4.63000000e+02 7.00000000e+00 7.81329804e+01
 4.64000000e+02 7.00000000e+00 7.82509221e+01
 4.65000000e+02 7.00000000e+00 7.83646315e+01
 4.66000000e+02 7.00000000e+00 7.84741264e+01
 4.67000000e+02 7.00000000e+00 7.85794249e+01
 4.68000000e+02 7.00000000e+00 7.86805447e+01
 4.69000000e+02 7.00000000e+00 7.87775040e+01
 4.70000000e+02 7.00000000e+00 7.88703205e+01
 4.71000000e+02 7.00000000e+00 7.89590121e+01
 4.72000000e+02 7.00000000e+00 7.90435969e+01
 4.73000000e+02 7.00000000e+00 7.91240928e+01
 4.74000000e+02 7.00000000e+00 7.92005176e+01
 4.75000000e+02 7.00000000e+00 7.92728892e+01
 4.76000000e+02 7.00000000e+00 7.93412257e+01
 4.77000000e+02 7.00000000e+00 7.94055449e+01
 4.78000000e+02 7.00000000e+00 7.94658647e+01
 4.79000000e+02 7.00000000e+00 7.95222031e+01
 4.80000000e+02 7.00000000e+00 7.95745780e+01
 4.81000000e+02 7.00000000e+00 7.96230073e+01
 4.82000000e+02 7.00000000e+00 7.96675089e+01
 4.83000000e+02 7.00000000e+00 7.97081008e+01
 4.84000000e+02 7.00000000e+00 7.97448009e+01
 4.85000000e+02 7.00000000e+00 7.97776270e+01
 4.86000000e+02 7.00000000e+00 7.98065972e+01
 4.87000000e+02 7.00000000e+00 7.98317293e+01
 4.88000000e+02 7.00000000e+00 7.98530413e+01
 4.89000000e+02 7.00000000e+00 7.98705510e+01
 4.90000000e+02 7.00000000e+00 7.98842765e+01
 4.91000000e+02 7.00000000e+00 7.98942356e+01
 4.92000000e+02 7.00000000e+00 7.99004462e+01
 4.93000000e+02 7.00000000e+00 7.99029264e+01
 4.94000000e+02 7.00000000e+00 7.99016939e+01
 4.95000000e+02 7.00000000e+00 7.98967667e+01
 4.96000000e+02 7.00000000e+00 7.98881627e+01
 4.97000000e+02 7.00000000e+00 7.98758999e+01
 4.98000000e+02 7.00000000e+00 7.98599962e+01
 4.99000000e+02 7.00000000e+00 7.98404695e+01
 5.00000000e+02 7.00000000e+00 7.98173377e+01
 5.01000000e+02 7.00000000e+00 7.97549078e+01
 5.02000000e+02 7.00000000e+00 7.97246945e+01
 5.03000000e+02 7.00000000e+00 7.96912793e+01
 5.04000000e+02 7.00000000e+00 7.96549858e+01
 5.05000000e+02 7.00000000e+00 7.96161376e+01
 5.06000000e+02 7.00000000e+00 7.95750583e+01
 5.07000000e+02 7.00000000e+00 7.95320714e+01
 5.08000000e+02 7.00000000e+00 7.94875007e+01
 5.09000000e+02 7.00000000e+00 7.94416698e+01
 5.10000000e+02 7.00000000e+00 7.93949021e+01
 5.11000000e+02 7.00000000e+00 7.93475215e+01
 5.12000000e+02 7.00000000e+00 7.92998514e+01
 5.13000000e+02 7.00000000e+00 7.92522155e+01
 5.14000000e+02 7.00000000e+00 7.92049375e+01
 5.15000000e+02 7.00000000e+00 7.91583408e+01
 5.16000000e+02 7.00000000e+00 7.91127492e+01
 5.17000000e+02 7.00000000e+00 7.90684862e+01
 5.18000000e+02 7.00000000e+00 7.90258755e+01
 5.19000000e+02 7.00000000e+00 7.89852407e+01
 5.20000000e+02 7.00000000e+00 7.89469054e+01
 5.21000000e+02 7.00000000e+00 7.89111932e+01
 5.22000000e+02 7.00000000e+00 7.88784277e+01
 5.23000000e+02 7.00000000e+00 7.88489325e+01
 5.24000000e+02 7.00000000e+00 7.88230313e+01
 5.25000000e+02 7.00000000e+00 7.88010477e+01
 5.26000000e+02 7.00000000e+00 7.87833052e+01
 5.27000000e+02 7.00000000e+00 7.87701275e+01
 5.28000000e+02 7.00000000e+00 7.87618383e+01
 5.29000000e+02 7.00000000e+00 7.87587610e+01
 5.30000000e+02 7.00000000e+00 7.87612194e+01
 5.31000000e+02 7.00000000e+00 7.87695371e+01
 5.32000000e+02 7.00000000e+00 7.87840376e+01
 5.33000000e+02 7.00000000e+00 7.88050446e+01
 5.34000000e+02 7.00000000e+00 7.88328817e+01
 5.35000000e+02 7.00000000e+00 7.88678724e+01
 5.36000000e+02 7.00000000e+00 7.89103406e+01
 5.37000000e+02 7.00000000e+00 7.89606096e+01
 5.38000000e+02 7.00000000e+00 7.90190032e+01
 5.39000000e+02 7.00000000e+00 7.90858449e+01
 5.40000000e+02 7.00000000e+00 7.91614585e+01
 5.41000000e+02 7.00000000e+00 7.92461674e+01
 5.42000000e+02 7.00000000e+00 7.93402953e+01
 5.43000000e+02 7.00000000e+00 7.94441659e+01
 5.44000000e+02 7.00000000e+00 7.95581027e+01
 5.45000000e+02 7.00000000e+00 7.96824293e+01
 5.46000000e+02 7.00000000e+00 7.98174694e+01
 5.47000000e+02 7.00000000e+00 7.99635466e+01
 5.48000000e+02 7.00000000e+00 8.01209845e+01
 5.49000000e+02 7.00000000e+00 8.02901066e+01
 5.50000000e+02 7.00000000e+00 8.04712367e+01
 5.51000000e+02 7.00000000e+00 8.04769117e+01
 5.52000000e+02 7.00000000e+00 8.06826849e+01
 5.53000000e+02 7.00000000e+00 8.09002950e+01
 5.54000000e+02 7.00000000e+00 8.11292242e+01
 5.55000000e+02 7.00000000e+00 8.13689547e+01
 5.56000000e+02 7.00000000e+00 8.16189687e+01
 5.57000000e+02 7.00000000e+00 8.18787485e+01
 5.58000000e+02 7.00000000e+00 8.21477763e+01
 5.59000000e+02 7.00000000e+00 8.24255343e+01
 5.60000000e+02 7.00000000e+00 8.27115048e+01
 5.61000000e+02 7.00000000e+00 8.30051699e+01
 5.62000000e+02 7.00000000e+00 8.33060119e+01
 5.63000000e+02 7.00000000e+00 8.36135130e+01
 5.64000000e+02 7.00000000e+00 8.39271554e+01
 5.65000000e+02 7.00000000e+00 8.42464214e+01
 5.66000000e+02 7.00000000e+00 8.45707932e+01
 5.67000000e+02 7.00000000e+00 8.48997530e+01
 5.68000000e+02 7.00000000e+00 8.52327830e+01
 5.69000000e+02 7.00000000e+00 8.55693654e+01
 5.70000000e+02 7.00000000e+00 8.59089825e+01
 5.71000000e+02 7.00000000e+00 8.62511165e+01
 5.72000000e+02 7.00000000e+00 8.65952497e+01
 5.73000000e+02 7.00000000e+00 8.69408641e+01
 5.74000000e+02 7.00000000e+00 8.72874422e+01
 5.75000000e+02 7.00000000e+00 8.76344660e+01
 5.76000000e+02 7.00000000e+00 8.79814178e+01
 5.77000000e+02 7.00000000e+00 8.83277799e+01
 5.78000000e+02 7.00000000e+00 8.86730344e+01
 5.79000000e+02 7.00000000e+00 8.90166636e+01
 5.80000000e+02 7.00000000e+00 8.93581497e+01
 5.81000000e+02 7.00000000e+00 8.96969749e+01
 5.82000000e+02 7.00000000e+00 9.00326215e+01
 5.83000000e+02 7.00000000e+00 9.03645717e+01
 5.84000000e+02 7.00000000e+00 9.06923076e+01
 5.85000000e+02 7.00000000e+00 9.10153116e+01
 5.86000000e+02 7.00000000e+00 9.13330658e+01
 5.87000000e+02 7.00000000e+00 9.16450525e+01
 5.88000000e+02 7.00000000e+00 9.19507539e+01
 5.89000000e+02 7.00000000e+00 9.22496522e+01
 5.90000000e+02 7.00000000e+00 9.25412296e+01
 5.91000000e+02 7.00000000e+00 9.28249684e+01
 5.92000000e+02 7.00000000e+00 9.31003507e+01
 5.93000000e+02 7.00000000e+00 9.33668589e+01
 5.94000000e+02 7.00000000e+00 9.36239751e+01
 5.95000000e+02 7.00000000e+00 9.38711816e+01
 5.96000000e+02 7.00000000e+00 9.41079605e+01
 5.97000000e+02 7.00000000e+00 9.43337941e+01
 5.98000000e+02 7.00000000e+00 9.45481647e+01
 5.99000000e+02 7.00000000e+00 9.47505544e+01
 6.00000000e+02 7.00000000e+00 9.49404454e+01
 6.01000000e+02 7.00000000e+00 9.51021546e+01
 6.02000000e+02 7.00000000e+00 9.52661250e+01
 6.03000000e+02 7.00000000e+00 9.54176643e+01
 6.04000000e+02 7.00000000e+00 9.55572861e+01
 6.05000000e+02 7.00000000e+00 9.56855040e+01
 6.06000000e+02 7.00000000e+00 9.58028317e+01
 6.07000000e+02 7.00000000e+00 9.59097829e+01
 6.08000000e+02 7.00000000e+00 9.60068712e+01
 6.09000000e+02 7.00000000e+00 9.60946103e+01
 6.10000000e+02 7.00000000e+00 9.61735138e+01
 6.11000000e+02 7.00000000e+00 9.62440953e+01
 6.12000000e+02 7.00000000e+00 9.63068686e+01
 6.13000000e+02 7.00000000e+00 9.63623472e+01
 6.14000000e+02 7.00000000e+00 9.64110448e+01
 6.15000000e+02 7.00000000e+00 9.64534751e+01
 6.16000000e+02 7.00000000e+00 9.64901517e+01
 6.17000000e+02 7.00000000e+00 9.65215883e+01
 6.18000000e+02 7.00000000e+00 9.65482985e+01
 6.19000000e+02 7.00000000e+00 9.65707960e+01
 6.20000000e+02 7.00000000e+00 9.65895944e+01
 6.21000000e+02 7.00000000e+00 9.66052073e+01
 6.22000000e+02 7.00000000e+00 9.66181485e+01
 6.23000000e+02 7.00000000e+00 9.66289316e+01
 6.24000000e+02 7.00000000e+00 9.66380702e+01
 6.25000000e+02 7.00000000e+00 9.66460779e+01
 6.26000000e+02 7.00000000e+00 9.66534685e+01
 6.27000000e+02 7.00000000e+00 9.66607556e+01
 6.28000000e+02 7.00000000e+00 9.66684528e+01
 6.29000000e+02 7.00000000e+00 9.66770738e+01
 6.30000000e+02 7.00000000e+00 9.66871322e+01
 6.31000000e+02 7.00000000e+00 9.66991416e+01
 6.32000000e+02 7.00000000e+00 9.67136159e+01
 6.33000000e+02 7.00000000e+00 9.67310685e+01
 6.34000000e+02 7.00000000e+00 9.67520131e+01
 6.35000000e+02 7.00000000e+00 9.67769634e+01
 6.36000000e+02 7.00000000e+00 9.68064331e+01
 6.37000000e+02 7.00000000e+00 9.68409357e+01
 6.38000000e+02 7.00000000e+00 9.68809850e+01
 6.39000000e+02 7.00000000e+00 9.69270946e+01
 6.40000000e+02 7.00000000e+00 9.69797781e+01
 6.41000000e+02 7.00000000e+00 9.70395492e+01
 6.42000000e+02 7.00000000e+00 9.71069216e+01
 6.43000000e+02 7.00000000e+00 9.71824088e+01
 6.44000000e+02 7.00000000e+00 9.72665246e+01
 6.45000000e+02 7.00000000e+00 9.73597826e+01
 6.46000000e+02 7.00000000e+00 9.74626965e+01
 6.47000000e+02 7.00000000e+00 9.75757798e+01
 6.48000000e+02 7.00000000e+00 9.76995463e+01
 6.49000000e+02 7.00000000e+00 9.78345095e+01
 6.50000000e+02 7.00000000e+00 9.79811833e+01
 6.51000000e+02 7.00000000e+00 9.81259439e+01
 6.52000000e+02 7.00000000e+00 9.82964961e+01
 6.53000000e+02 7.00000000e+00 9.84780608e+01
 6.54000000e+02 7.00000000e+00 9.86698980e+01
 6.55000000e+02 7.00000000e+00 9.88712675e+01
 6.56000000e+02 7.00000000e+00 9.90814294e+01
 6.57000000e+02 7.00000000e+00 9.92996435e+01
 6.58000000e+02 7.00000000e+00 9.95251696e+01
 6.59000000e+02 7.00000000e+00 9.97572678e+01
 6.60000000e+02 7.00000000e+00 9.99951979e+01
 6.61000000e+02 7.00000000e+00 1.00238220e+02
 6.62000000e+02 7.00000000e+00 1.00485594e+02
 6.63000000e+02 7.00000000e+00 1.00736579e+02
 6.64000000e+02 7.00000000e+00 1.00990436e+02
 6.65000000e+02 7.00000000e+00 1.01246424e+02
 6.66000000e+02 7.00000000e+00 1.01503804e+02
 6.67000000e+02 7.00000000e+00 1.01761834e+02
 6.68000000e+02 7.00000000e+00 1.02019777e+02
 6.69000000e+02 7.00000000e+00 1.02276890e+02
 6.70000000e+02 7.00000000e+00 1.02532434e+02
 6.71000000e+02 7.00000000e+00 1.02785669e+02
 6.72000000e+02 7.00000000e+00 1.03035855e+02
 6.73000000e+02 7.00000000e+00 1.03282251e+02
 6.74000000e+02 7.00000000e+00 1.03524118e+02
 6.75000000e+02 7.00000000e+00 1.03760716e+02
 6.76000000e+02 7.00000000e+00 1.03991304e+02
 6.77000000e+02 7.00000000e+00 1.04215142e+02
 6.78000000e+02 7.00000000e+00 1.04431491e+02
 6.79000000e+02 7.00000000e+00 1.04639610e+02
 6.80000000e+02 7.00000000e+00 1.04838759e+02
 6.81000000e+02 7.00000000e+00 1.05028197e+02
 6.82000000e+02 7.00000000e+00 1.05207186e+02
 6.83000000e+02 7.00000000e+00 1.05374984e+02
 6.84000000e+02 7.00000000e+00 1.05530852e+02
 6.85000000e+02 7.00000000e+00 1.05674050e+02
 6.86000000e+02 7.00000000e+00 1.05803837e+02
 6.87000000e+02 7.00000000e+00 1.05919474e+02
 6.88000000e+02 7.00000000e+00 1.06020219e+02
 6.89000000e+02 7.00000000e+00 1.06105334e+02
 6.90000000e+02 7.00000000e+00 1.06174079e+02
 6.91000000e+02 7.00000000e+00 1.06225712e+02
 6.92000000e+02 7.00000000e+00 1.06259494e+02
 6.93000000e+02 7.00000000e+00 1.06274685e+02
 6.94000000e+02 7.00000000e+00 1.06270544e+02
 6.95000000e+02 7.00000000e+00 1.06246332e+02
 6.96000000e+02 7.00000000e+00 1.06201309e+02
 6.97000000e+02 7.00000000e+00 1.06134734e+02
 6.98000000e+02 7.00000000e+00 1.06045868e+02
 6.99000000e+02 7.00000000e+00 1.05933970e+02
 7.00000000e+02 7.00000000e+00 1.05798300e+02
