 2.08000000e+02 5.00000000e+00 4.56941632e+01
 2.09000000e+02 5.00000000e+00 4.54698611e+01
 2.10000000e+02 5.00000000e+00 4.52481802e+01
 2.11000000e+02 5.00000000e+00 4.50290198e+01
 2.12000000e+02 5.00000000e+00 4.48122793e+01
 2.13000000e+02 5.00000000e+00 4.45978579e+01
 2.14000000e+02 5.00000000e+00 4.43856550e+01
 2.15000000e+02 5.00000000e+00 4.41755698e+01
 2.16000000e+02 5.00000000e+00 4.39675018e+01
 2.17000000e+02 5.00000000e+00 4.37613500e+01
 2.18000000e+02 5.00000000e+00 4.35570140e+01
 2.19000000e+02 5.00000000e+00 4.33543930e+01
 2.20000000e+02 5.00000000e+00 4.31533863e+01
 2.21000000e+02 5.00000000e+00 4.29538932e+01
 2.22000000e+02 5.00000000e+00 4.27558130e+01
 2.23000000e+02 5.00000000e+00 4.25590450e+01
 2.24000000e+02 5.00000000e+00 4.23634885e+01
 2.25000000e+02 5.00000000e+00 4.21690429e+01
 2.26000000e+02 5.00000000e+00 4.19756075e+01
 2.27000000e+02 5.00000000e+00 4.17830815e+01
 2.28000000e+02 5.00000000e+00 4.15913643e+01
 2.29000000e+02 5.00000000e+00 4.14003551e+01
 2.30000000e+02 5.00000000e+00 4.12099534e+01
 2.31000000e+02 5.00000000e+00 4.10200583e+01
 2.32000000e+02 5.00000000e+00 4.08305692e+01
 2.33000000e+02 5.00000000e+00 4.06413854e+01
 2.34000000e+02 5.00000000e+00 4.04524063e+01
 2.35000000e+02 5.00000000e+00 4.02635310e+01
 2.36000000e+02 5.00000000e+00 4.00746590e+01
 2.37000000e+02 5.00000000e+00 3.98856895e+01
 2.38000000e+02 5.00000000e+00 3.96965219e+01
 2.39000000e+02 5.00000000e+00 3.95070554e+01
 2.40000000e+02 5.00000000e+00 3.93171894e+01
 2.41000000e+02 5.00000000e+00 3.91268231e+01
 2.42000000e+02 5.00000000e+00 3.89358560e+01
 2.43000000e+02 5.00000000e+00 3.87441872e+01
 2.44000000e+02 5.00000000e+00 3.85517160e+01
 2.45000000e+02 5.00000000e+00 3.83583419e+01
 2.46000000e+02 5.00000000e+00 3.81639641e+01
 2.47000000e+02 5.00000000e+00 3.79684820e+01
 2.48000000e+02 5.00000000e+00 3.77893736e+01
 2.49000000e+02 5.00000000e+00 3.75914506e+01
 2.50000000e+02 5.00000000e+00 3.73923783e+01
 2.51000000e+02 5.00000000e+00 3.71922561e+01
 2.52000000e+02 5.00000000e+00 3.69911832e+01
 2.53000000e+02 5.00000000e+00 3.67892591e+01
 2.54000000e+02 5.00000000e+00 3.65865831e+01
 2.55000000e+02 5.00000000e+00 3.63832544e+01
 2.56000000e+02 5.00000000e+00 3.61793725e+01
 2.57000000e+02 5.00000000e+00 3.59750367e+01
 2.58000000e+02 5.00000000e+00 3.57703463e+01
 2.59000000e+02 5.00000000e+00 3.55654006e+01
 2.60000000e+02 5.00000000e+00 3.53602991e+01
 2.61000000e+02 5.00000000e+00 3.51551409e+01
 2.62000000e+02 5.00000000e+00 3.49500255e+01
 2.63000000e+02 5.00000000e+00 3.47450522e+01
 2.64000000e+02 5.00000000e+00 3.45403204e+01
 2.65000000e+02 5.00000000e+00 3.43359293e+01
 2.66000000e+02 5.00000000e+00 3.41319783e+01
 2.67000000e+02 5.00000000e+00 3.39285668e+01
 2.68000000e+02 5.00000000e+00 3.37257940e+01
 2.69000000e+02 5.00000000e+00 3.35237594e+01
 2.70000000e+02 5.00000000e+00 3.33225622e+01
 2.71000000e+02 5.00000000e+00 3.31223019e+01
 2.72000000e+02 5.00000000e+00 3.29230776e+01
 2.73000000e+02 5.00000000e+00 3.27249888e+01
 2.74000000e+02 5.00000000e+00 3.25281349e+01
 2.75000000e+02 5.00000000e+00 3.23326150e+01
 2.76000000e+02 5.00000000e+00 3.21385287e+01
 2.77000000e+02 5.00000000e+00 3.19459751e+01
 2.78000000e+02 5.00000000e+00 3.17550537e+01
 2.79000000e+02 5.00000000e+00 3.15658638e+01
 2.80000000e+02 5.00000000e+00 3.13785048e+01
 2.81000000e+02 5.00000000e+00 3.11930759e+01
 2.82000000e+02 5.00000000e+00 3.10096764e+01
 2.83000000e+02 5.00000000e+00 3.08284059e+01
 2.84000000e+02 5.00000000e+00 3.06493634e+01
 2.85000000e+02 5.00000000e+00 3.04726485e+01
 2.86000000e+02 5.00000000e+00 3.02983605e+01
 2.87000000e+02 5.00000000e+00 3.01265986e+01
 2.88000000e+02 5.00000000e+00 2.99459612e+01
 2.89000000e+02 5.00000000e+00 2.97794668e+01
 2.90000000e+02 5.00000000e+00 2.96155853e+01
 2.91000000e+02 5.00000000e+00 2.94542816e+01
 2.92000000e+02 5.00000000e+00 2.92955205e+01
 2.93000000e+02 5.00000000e+00 2.91392670e+01
 2.94000000e+02 5.00000000e+00 2.89854859e+01
 2.95000000e+02 5.00000000e+00 2.88341421e+01
 2.96000000e+02 5.00000000e+00 2.86852004e+01
 2.97000000e+02 5.00000000e+00 2.85386258e+01
 2.98000000e+02 5.00000000e+00 2.83943831e+01
 2.99000000e+02 5.00000000e+00 2.82524372e+01
 3.00000000e+02 5.00000000e+00 2.81127530e+01
 3.01000000e+02 5.00000000e+00 2.79752953e+01
 3.02000000e+02 5.00000000e+00 2.78400291e+01
 3.03000000e+02 5.00000000e+00 2.77069191e+01
 3.04000000e+02 5.00000000e+00 2.75759304e+01
 3.05000000e+02 5.00000000e+00 2.74470277e+01
 3.06000000e+02 5.00000000e+00 2.73201759e+01
 3.07000000e+02 5.00000000e+00 2.71953400e+01
 3.08000000e+02 5.00000000e+00 2.70724847e+01
 3.09000000e+02 5.00000000e+00 2.69515751e+01
 3.10000000e+02 5.00000000e+00 2.68325758e+01
 3.11000000e+02 5.00000000e+00 2.67154519e+01
 3.12000000e+02 5.00000000e+00 2.66001682e+01
 3.13000000e+02 5.00000000e+00 2.64866896e+01
 3.14000000e+02 5.00000000e+00 2.63749810e+01
 3.15000000e+02 5.00000000e+00 2.62650071e+01
 3.16000000e+02 5.00000000e+00 2.61567330e+01
 3.17000000e+02 5.00000000e+00 2.60501235e+01
 3.18000000e+02 5.00000000e+00 2.59451434e+01
 3.19000000e+02 5.00000000e+00 2.58417577e+01
 3.20000000e+02 5.00000000e+00 2.57399312e+01
 3.21000000e+02 5.00000000e+00 2.56396288e+01
 3.22000000e+02 5.00000000e+00 2.55408154e+01
 3.23000000e+02 5.00000000e+00 2.54434558e+01
 3.24000000e+02 5.00000000e+00 2.53475150e+01
 3.25000000e+02 5.00000000e+00 2.52529578e+01
 3.26000000e+02 5.00000000e+00 2.51597490e+01
 3.27000000e+02 5.00000000e+00 2.50678536e+01
 3.28000000e+02 5.00000000e+00 2.49648425e+01
 3.29000000e+02 5.00000000e+00 2.48755023e+01
 3.30000000e+02 5.00000000e+00 2.47874356e+01
 3.31000000e+02 5.00000000e+00 2.47006426e+01
 3.32000000e+02 5.00000000e+00 2.46151234e+01
 3.33000000e+02 5.00000000e+00 2.45308783e+01
 3.34000000e+02 5.00000000e+00 2.44479073e+01
 3.35000000e+02 5.00000000e+00 2.43662105e+01
 3.36000000e+02 5.00000000e+00 2.42857883e+01
 3.37000000e+02 5.00000000e+00 2.42066407e+01
 3.38000000e+02 5.00000000e+00 2.41287678e+01
 3.39000000e+02 5.00000000e+00 2.40521699e+01
 3.40000000e+02 5.00000000e+00 2.39768471e+01
 3.41000000e+02 5.00000000e+00 2.39027996e+01
 3.42000000e+02 5.00000000e+00 2.38300275e+01
 3.43000000e+02 5.00000000e+00 2.37585309e+01
 3.44000000e+02 5.00000000e+00 2.36883101e+01
 3.45000000e+02 5.00000000e+00 2.36193652e+01
 3.46000000e+02 5.00000000e+00 2.35516964e+01
 3.47000000e+02 5.00000000e+00 2.34853037e+01
 3.48000000e+02 5.00000000e+00 2.34201874e+01
 3.49000000e+02 5.00000000e+00 2.33563476e+01
 3.50000000e+02 5.00000000e+00 2.32937846e+01
 3.51000000e+02 5.00000000e+00 2.32324983e+01
 3.52000000e+02 5.00000000e+00 2.31724891e+01
 3.53000000e+02 5.00000000e+00 2.31137570e+01
 3.54000000e+02 5.00000000e+00 2.30563022e+01
 3.55000000e+02 5.00000000e+00 2.30001249e+01
 3.56000000e+02 5.00000000e+00 2.29452253e+01
 3.57000000e+02 5.00000000e+00 2.28916034e+01
 3.58000000e+02 5.00000000e+00 2.28392595e+01
 3.59000000e+02 5.00000000e+00 2.27881937e+01
 3.60000000e+02 5.00000000e+00 2.27384062e+01
 3.61000000e+02 5.00000000e+00 2.26898970e+01
 3.62000000e+02 5.00000000e+00 2.26426665e+01
 3.63000000e+02 5.00000000e+00 2.25967147e+01
 3.64000000e+02 5.00000000e+00 2.25520418e+01
 3.65000000e+02 5.00000000e+00 2.25086480e+01
 3.66000000e+02 5.00000000e+00 2.24665334e+01
 3.67000000e+02 5.00000000e+00 2.24148172e+01
 3.68000000e+02 5.00000000e+00 2.23752519e+01
 3.69000000e+02 5.00000000e+00 2.23369212e+01
 3.70000000e+02 5.00000000e+00 2.22997862e+01
 3.71000000e+02 5.00000000e+00 2.22638074e+01
 3.72000000e+02 5.00000000e+00 2.22289458e+01
 3.73000000e+02 5.00000000e+00 2.21951622e+01
 3.74000000e+02 5.00000000e+00 2.21624173e+01
 3.75000000e+02 5.00000000e+00 2.21306721e+01
 3.76000000e+02 5.00000000e+00 2.20998872e+01
 3.77000000e+02 5.00000000e+00 2.20700235e+01
 3.78000000e+02 5.00000000e+00 2.20410418e+01
 3.79000000e+02 5.00000000e+00 2.20129030e+01
 3.80000000e+02 5.00000000e+00 2.19855678e+01
 3.81000000e+02 5.00000000e+00 2.19589970e+01
 3.82000000e+02 5.00000000e+00 2.19331514e+01
 3.83000000e+02 5.00000000e+00 2.19079920e+01
 3.84000000e+02 5.00000000e+00 2.18834794e+01
 3.85000000e+02 5.00000000e+00 2.18595744e+01
 3.86000000e+02 5.00000000e+00 2.18362380e+01
 3.87000000e+02 5.00000000e+00 2.18134309e+01
 3.88000000e+02 5.00000000e+00 2.17911139e+01
 3.89000000e+02 5.00000000e+00 2.17692477e+01
 3.90000000e+02 5.00000000e+00 2.17477934e+01
 3.91000000e+02 5.00000000e+00 2.17267115e+01
 3.92000000e+02 5.00000000e+00 2.17059630e+01
 3.93000000e+02 5.00000000e+00 2.16855087e+01
 3.94000000e+02 5.00000000e+00 2.16653093e+01
 3.95000000e+02 5.00000000e+00 2.16453257e+01
 3.96000000e+02 5.00000000e+00 2.16255187e+01
 3.97000000e+02 5.00000000e+00 2.16058491e+01
 3.98000000e+02 5.00000000e+00 2.15862777e+01
 3.99000000e+02 5.00000000e+00 2.15667653e+01
 4.00000000e+02 5.00000000e+00 2.15472728e+01
 4.01000000e+02 5.00000000e+00 2.15277608e+01
 4.02000000e+02 5.00000000e+00 2.15081904e+01
 4.03000000e+02 5.00000000e+00 2.14885221e+01
 4.04000000e+02 5.00000000e+00 2.14687170e+01
 4.05000000e+02 5.00000000e+00 2.14487357e+01
 4.06000000e+02 5.00000000e+00 2.14285391e+01
 4.07000000e+02 5.00000000e+00 2.13767877e+01
 4.08000000e+02 5.00000000e+00 2.13560900e+01
 4.09000000e+02 5.00000000e+00 2.13352032e+01
 4.10000000e+02 5.00000000e+00 2.13141885e+01
 4.11000000e+02 5.00000000e+00 2.12931074e+01
 4.12000000e+02 5.00000000e+00 2.12720213e+01
 4.13000000e+02 5.00000000e+00 2.12509915e+01
 4.14000000e+02 5.00000000e+00 2.12300794e+01
 4.15000000e+02 5.00000000e+00 2.12093465e+01
 4.16000000e+02 5.00000000e+00 2.11888540e+01
 4.17000000e+02 5.00000000e+00 2.11686635e+01
 4.18000000e+02 5.00000000e+00 2.11488362e+01
 4.19000000e+02 5.00000000e+00 2.11294337e+01
 4.20000000e+02 5.00000000e+00 2.11105171e+01
 4.21000000e+02 5.00000000e+00 2.10921480e+01
 4.22000000e+02 5.00000000e+00 2.10743878e+01
 4.23000000e+02 5.00000000e+00 2.10572977e+01
 4.24000000e+02 5.00000000e+00 2.10409393e+01
 4.25000000e+02 5.00000000e+00 2.10253738e+01
 4.26000000e+02 5.00000000e+00 2.10106628e+01
 4.27000000e+02 5.00000000e+00 2.09968674e+01
 4.28000000e+02 5.00000000e+00 2.09840493e+01
 4.29000000e+02 5.00000000e+00 2.09722697e+01
 4.30000000e+02 5.00000000e+00 2.09615900e+01
 4.31000000e+02 5.00000000e+00 2.09520716e+01
 4.32000000e+02 5.00000000e+00 2.09437760e+01
 4.33000000e+02 5.00000000e+00 2.09367644e+01
 4.34000000e+02 5.00000000e+00 2.09310983e+01
 4.35000000e+02 5.00000000e+00 2.09268390e+01
 4.36000000e+02 5.00000000e+00 2.09240480e+01
 4.37000000e+02 5.00000000e+00 2.09227867e+01
 4.38000000e+02 5.00000000e+00 2.09231163e+01
 4.39000000e+02 5.00000000e+00 2.09250984e+01
 4.40000000e+02 5.00000000e+00 2.09287943e+01
 4.41000000e+02 5.00000000e+00 2.09342654e+01
 4.42000000e+02 5.00000000e+00 2.09415730e+01
 4.43000000e+02 5.00000000e+00 2.09507786e+01
 4.44000000e+02 5.00000000e+00 2.09619436e+01
 4.45000000e+02 5.00000000e+00 2.09751293e+01
 4.46000000e+02 5.00000000e+00 2.09903971e+01
 4.47000000e+02 5.00000000e+00 2.10681211e+01
 4.48000000e+02 5.00000000e+00 2.10876487e+01
 4.49000000e+02 5.00000000e+00 2.11092480e+01
 4.50000000e+02 5.00000000e+00 2.11328668e+01
 4.51000000e+02 5.00000000e+00 2.11584531e+01
 4.52000000e+02 5.00000000e+00 2.11859547e+01
 4.53000000e+02 5.00000000e+00 2.12153195e+01
 4.54000000e+02 5.00000000e+00 2.12464953e+01
 4.55000000e+02 5.00000000e+00 2.12794301e+01
 4.56000000e+02 5.00000000e+00 2.13140718e+01
 4.57000000e+02 5.00000000e+00 2.13503681e+01
 4.58000000e+02 5.00000000e+00 2.13882670e+01
 4.59000000e+02 5.00000000e+00 2.14277163e+01
 4.60000000e+02 5.00000000e+00 2.14686640e+01
 4.61000000e+02 5.00000000e+00 2.15110579e+01
 4.62000000e+02 5.00000000e+00 2.15548458e+01
 4.63000000e+02 5.00000000e+00 2.15999757e+01
 4.64000000e+02 5.00000000e+00 2.16463955e+01
 4.65000000e+02 5.00000000e+00 2.16940529e+01
 4.66000000e+02 5.00000000e+00 2.17428959e+01
 4.67000000e+02 5.00000000e+00 2.17928724e+01
 4.68000000e+02 5.00000000e+00 2.18439302e+01
 4.69000000e+02 5.00000000e+00 2.18960172e+01
 4.70000000e+02 5.00000000e+00 2.19490813e+01
 4.71000000e+02 5.00000000e+00 2.20030703e+01
 4.72000000e+02 5.00000000e+00 2.20579322e+01
 4.73000000e+02 5.00000000e+00 2.21136148e+01
 4.74000000e+02 5.00000000e+00 2.21700660e+01
 4.75000000e+02 5.00000000e+00 2.22272336e+01
 4.76000000e+02 5.00000000e+00 2.22850656e+01
 4.77000000e+02 5.00000000e+00 2.23435097e+01
 4.78000000e+02 5.00000000e+00 2.24025140e+01
 4.79000000e+02 5.00000000e+00 2.24620262e+01
 4.80000000e+02 5.00000000e+00 2.25219943e+01
 4.81000000e+02 5.00000000e+00 2.25823661e+01
 4.82000000e+02 5.00000000e+00 2.26430894e+01
 4.83000000e+02 5.00000000e+00 2.27041123e+01
 4.84000000e+02 5.00000000e+00 2.27653825e+01
 4.85000000e+02 5.00000000e+00 2.28268479e+01
 4.86000000e+02 5.00000000e+00 2.29073239e+01
 4.87000000e+02 5.00000000e+00 2.29690506e+01
 4.88000000e+02 5.00000000e+00 2.30309752e+01
 4.89000000e+02 5.00000000e+00 2.30932049e+01
 4.90000000e+02 5.00000000e+00 2.31558466e+01
 4.91000000e+02 5.00000000e+00 2.32190075e+01
 4.92000000e+02 5.00000000e+00 2.32827945e+01
 4.93000000e+02 5.00000000e+00 2.33473147e+01
 4.94000000e+02 5.00000000e+00 2.34126752e+01
 4.95000000e+02 5.00000000e+00 2.34789829e+01
 4.96000000e+02 5.00000000e+00 2.35463449e+01
 4.97000000e+02 5.00000000e+00 2.36148683e+01
 4.98000000e+02 5.00000000e+00 2.36846600e+01
 4.99000000e+02 5.00000000e+00 2.37558271e+01
 5.00000000e+02 5.00000000e+00 2.38284767e+01
 5.01000000e+02 5.00000000e+00 2.39027158e+01
 5.02000000e+02 5.00000000e+00 2.39786514e+01
 5.03000000e+02 5.00000000e+00 2.40563906e+01
 5.04000000e+02 5.00000000e+00 2.41360403e+01
 5.05000000e+02 5.00000000e+00 2.42177077e+01
 5.06000000e+02 5.00000000e+00 2.43014998e+01
 5.07000000e+02 5.00000000e+00 2.43875236e+01
 5.08000000e+02 5.00000000e+00 2.44758861e+01
 5.09000000e+02 5.00000000e+00 2.45666945e+01
 5.10000000e+02 5.00000000e+00 2.46600556e+01
 5.11000000e+02 5.00000000e+00 2.47560766e+01
 5.12000000e+02 5.00000000e+00 2.48548645e+01
 5.13000000e+02 5.00000000e+00 2.49565264e+01
 5.14000000e+02 5.00000000e+00 2.50611692e+01
 5.15000000e+02 5.00000000e+00 2.51689000e+01
 5.16000000e+02 5.00000000e+00 2.52798258e+01
 5.17000000e+02 5.00000000e+00 2.53940538e+01
 5.18000000e+02 5.00000000e+00 2.55116909e+01
 5.19000000e+02 5.00000000e+00 2.56328441e+01
 5.20000000e+02 5.00000000e+00 2.57576205e+01
 5.21000000e+02 5.00000000e+00 2.58861271e+01
 5.22000000e+02 5.00000000e+00 2.60184711e+01
 5.23000000e+02 5.00000000e+00 2.61547593e+01
 5.24000000e+02 5.00000000e+00 2.62950988e+01
 5.25000000e+02 5.00000000e+00 2.64395968e+01
 5.26000000e+02 5.00000000e+00 2.65023329e+01
 5.27000000e+02 5.00000000e+00 2.66553332e+01
 5.28000000e+02 5.00000000e+00 2.68123168e+01
 5.29000000e+02 5.00000000e+00 2.69730047e+01
 5.30000000e+02 5.00000000e+00 2.71371181e+01
 5.31000000e+02 5.00000000e+00 2.73043780e+01
 5.32000000e+02 5.00000000e+00 2.74745056e+01
 5.33000000e+02 5.00000000e+00 2.76472219e+01
 5.34000000e+02 5.00000000e+00 2.78222480e+01
 5.35000000e+02 5.00000000e+00 2.79993049e+01
 5.36000000e+02 5.00000000e+00 2.81781139e+01
 5.37000000e+02 5.00000000e+00 2.83583959e+01
 5.38000000e+02 5.00000000e+00 2.85398721e+01
 5.39000000e+02 5.00000000e+00 2.87222636e+01
 5.40000000e+02 5.00000000e+00 2.89052914e+01
 5.41000000e+02 5.00000000e+00 2.90886766e+01
 5.42000000e+02 5.00000000e+00 2.92721404e+01
 5.43000000e+02 5.00000000e+00 2.94554037e+01
 5.44000000e+02 5.00000000e+00 2.96381878e+01
 5.45000000e+02 5.00000000e+00 2.98202136e+01
 5.46000000e+02 5.00000000e+00 3.00012023e+01
 5.47000000e+02 5.00000000e+00 3.01808750e+01
 5.48000000e+02 5.00000000e+00 3.03589527e+01
 5.49000000e+02 5.00000000e+00 3.05351566e+01
 5.50000000e+02 5.00000000e+00 3.07092077e+01
 5.51000000e+02 5.00000000e+00 3.08808271e+01
 5.52000000e+02 5.00000000e+00 3.10497359e+01
 5.53000000e+02 5.00000000e+00 3.12156553e+01
 5.54000000e+02 5.00000000e+00 3.13783062e+01
 5.55000000e+02 5.00000000e+00 3.15374098e+01
 5.56000000e+02 5.00000000e+00 3.16926871e+01
 5.57000000e+02 5.00000000e+00 3.18438594e+01
 5.58000000e+02 5.00000000e+00 3.19906475e+01
 5.59000000e+02 5.00000000e+00 3.21327727e+01
 5.60000000e+02 5.00000000e+00 3.22699560e+01
 5.61000000e+02 5.00000000e+00 3.24019186e+01
 5.62000000e+02 5.00000000e+00 3.25283814e+01
 5.63000000e+02 5.00000000e+00 3.26490656e+01
 5.64000000e+02 5.00000000e+00 3.27636923e+01
 5.65000000e+02 5.00000000e+00 3.28719826e+01
 5.66000000e+02 5.00000000e+00 3.30449538e+01
 5.67000000e+02 5.00000000e+00 3.31400363e+01
 5.68000000e+02 5.00000000e+00 3.32287175e+01
 5.69000000e+02 5.00000000e+00 3.33112098e+01
 5.70000000e+02 5.00000000e+00 3.33877255e+01
 5.71000000e+02 5.00000000e+00 3.34584768e+01
 5.72000000e+02 5.00000000e+00 3.35236761e+01
 5.73000000e+02 5.00000000e+00 3.35835357e+01
 5.74000000e+02 5.00000000e+00 3.36382680e+01
 5.75000000e+02 5.00000000e+00 3.36880851e+01
 5.76000000e+02 5.00000000e+00 3.37331995e+01
 5.77000000e+02 5.00000000e+00 3.37738234e+01
 5.78000000e+02 5.00000000e+00 3.38101691e+01
 5.79000000e+02 5.00000000e+00 3.38424490e+01
 5.80000000e+02 5.00000000e+00 3.38708753e+01
 5.81000000e+02 5.00000000e+00 3.38956604e+01
 5.82000000e+02 5.00000000e+00 3.39170166e+01
 5.83000000e+02 5.00000000e+00 3.39351561e+01
 5.84000000e+02 5.00000000e+00 3.39502914e+01
 5.85000000e+02 5.00000000e+00 3.39626346e+01
 5.86000000e+02 5.00000000e+00 3.39723982e+01
 5.87000000e+02 5.00000000e+00 3.39797943e+01
 5.88000000e+02 5.00000000e+00 3.39850354e+01
 5.89000000e+02 5.00000000e+00 3.39883338e+01
 5.90000000e+02 5.00000000e+00 3.39899016e+01
 5.91000000e+02 5.00000000e+00 3.39899514e+01
 5.92000000e+02 5.00000000e+00 3.39886952e+01
 5.93000000e+02 5.00000000e+00 3.39863456e+01
 5.94000000e+02 5.00000000e+00 3.39831147e+01
 5.95000000e+02 5.00000000e+00 3.39792150e+01
 5.96000000e+02 5.00000000e+00 3.39748586e+01
 5.97000000e+02 5.00000000e+00 3.39702579e+01
 5.98000000e+02 5.00000000e+00 3.39656252e+01
 5.99000000e+02 5.00000000e+00 3.39611729e+01
 6.00000000e+02 5.00000000e+00 3.39571132e+01
 6.01000000e+02 5.00000000e+00 3.39536584e+01
 6.02000000e+02 5.00000000e+00 3.39510209e+01
 6.03000000e+02 5.00000000e+00 3.39494129e+01
 6.04000000e+02 5.00000000e+00 3.39490468e+01
 6.05000000e+02 5.00000000e+00 3.39501349e+01
 6.06000000e+02 5.00000000e+00 3.39040790e+01
 6.07000000e+02 5.00000000e+00 3.39083962e+01
 6.08000000e+02 5.00000000e+00 3.39141947e+01
 6.09000000e+02 5.00000000e+00 3.39213582e+01
 6.10000000e+02 5.00000000e+00 3.39297708e+01
 6.11000000e+02 5.00000000e+00 3.39393163e+01
 6.12000000e+02 5.00000000e+00 3.39498785e+01
 6.13000000e+02 5.00000000e+00 3.39613415e+01
 6.14000000e+02 5.00000000e+00 3.39735891e+01
 6.15000000e+02 5.00000000e+00 3.39865052e+01
 6.16000000e+02 5.00000000e+00 3.39999737e+01
 6.17000000e+02 5.00000000e+00 3.40138785e+01
 6.18000000e+02 5.00000000e+00 3.40281035e+01
 6.19000000e+02 5.00000000e+00 3.40425326e+01
 6.20000000e+02 5.00000000e+00 3.40570497e+01
 6.21000000e+02 5.00000000e+00 3.40715387e+01
 6.22000000e+02 5.00000000e+00 3.40858836e+01
 6.23000000e+02 5.00000000e+00 3.40999681e+01
 6.24000000e+02 5.00000000e+00 3.41136763e+01
 6.25000000e+02 5.00000000e+00 3.41268920e+01
 6.26000000e+02 5.00000000e+00 3.41394991e+01
 6.27000000e+02 5.00000000e+00 3.41513815e+01
 6.28000000e+02 5.00000000e+00 3.41624231e+01
 6.29000000e+02 5.00000000e+00 3.41725078e+01
 6.30000000e+02 5.00000000e+00 3.41815196e+01
 6.31000000e+02 5.00000000e+00 3.41893423e+01
 6.32000000e+02 5.00000000e+00 3.41958597e+01
 6.33000000e+02 5.00000000e+00 3.42009560e+01
 6.34000000e+02 5.00000000e+00 3.42045148e+01
 6.35000000e+02 5.00000000e+00 3.42064201e+01
 6.36000000e+02 5.00000000e+00 3.42065559e+01
 6.37000000e+02 5.00000000e+00 3.42048060e+01
 6.38000000e+02 5.00000000e+00 3.42010543e+01
 6.39000000e+02 5.00000000e+00 3.41951848e+01
 6.40000000e+02 5.00000000e+00 3.41870812e+01
 6.41000000e+02 5.00000000e+00 3.41766276e+01
 6.42000000e+02 5.00000000e+00 3.41637078e+01
 6.43000000e+02 5.00000000e+00 3.41482058e+01
 6.44000000e+02 5.00000000e+00 3.41300053e+01
 6.45000000e+02 5.00000000e+00 3.40799157e+01
 6.46000000e+02 5.00000000e+00 3.40560280e+01
 6.47000000e+02 5.00000000e+00 3.40293609e+01
 6.48000000e+02 5.00000000e+00 3.40000324e+01
 6.49000000e+02 5.00000000e+00 3.39681603e+01
 6.50000000e+02 5.00000000e+00 3.39338624e+01
 6.51000000e+02 5.00000000e+00 3.38972566e+01
 6.52000000e+02 5.00000000e+00 3.38584607e+01
 6.53000000e+02 5.00000000e+00 3.38175926e+01
 6.54000000e+02 5.00000000e+00 3.37747701e+01
 6.55000000e+02 5.00000000e+00 3.37301110e+01
 6.56000000e+02 5.00000000e+00 3.36837332e+01
 6.57000000e+02 5.00000000e+00 3.36357545e+01
 6.58000000e+02 5.00000000e+00 3.35862928e+01
 6.59000000e+02 5.00000000e+00 3.35354659e+01
 6.60000000e+02 5.00000000e+00 3.34833917e+01
 6.61000000e+02 5.00000000e+00 3.34301880e+01
 6.62000000e+02 5.00000000e+00 3.33759727e+01
 6.63000000e+02 5.00000000e+00 3.33208635e+01
 6.64000000e+02 5.00000000e+00 3.32649784e+01
 6.65000000e+02 5.00000000e+00 3.32084352e+01
 6.66000000e+02 5.00000000e+00 3.31513517e+01
 6.67000000e+02 5.00000000e+00 3.30938458e+01
 6.68000000e+02 5.00000000e+00 3.30360353e+01
 6.69000000e+02 5.00000000e+00 3.29780381e+01
 6.70000000e+02 5.00000000e+00 3.29199720e+01
 6.71000000e+02 5.00000000e+00 3.28619548e+01
 6.72000000e+02 5.00000000e+00 3.28041044e+01
 6.73000000e+02 5.00000000e+00 3.27465387e+01
 6.74000000e+02 5.00000000e+00 3.26893754e+01
 6.75000000e+02 5.00000000e+00 3.26327325e+01
 6.76000000e+02 5.00000000e+00 3.25767277e+01
 6.77000000e+02 5.00000000e+00 3.25214789e+01
 6.78000000e+02 5.00000000e+00 3.24671041e+01
 6.79000000e+02 5.00000000e+00 3.24137209e+01
 6.80000000e+02 5.00000000e+00 3.23614472e+01
 6.81000000e+02 5.00000000e+00 3.23104010e+01
 6.82000000e+02 5.00000000e+00 3.22606999e+01
 6.83000000e+02 5.00000000e+00 3.22124620e+01
 6.84000000e+02 5.00000000e+00 3.21658050e+01
 6.85000000e+02 5.00000000e+00 3.21846077e+01
 6.86000000e+02 5.00000000e+00 3.21413836e+01
 6.87000000e+02 5.00000000e+00 3.20998434e+01
 6.88000000e+02 5.00000000e+00 3.20599295e+01
 6.89000000e+02 5.00000000e+00 3.20215845e+01
 6.90000000e+02 5.00000000e+00 3.19847507e+01
 6.91000000e+02 5.00000000e+00 3.19493707e+01
 6.92000000e+02 5.00000000e+00 3.19153869e+01
 6.93000000e+02 5.00000000e+00 3.18827418e+01
 6.94000000e+02 5.00000000e+00 3.18513778e+01
 6.95000000e+02 5.00000000e+00 3.18212373e+01
 6.96000000e+02 5.00000000e+00 3.17922629e+01
 6.97000000e+02 5.00000000e+00 3.17643970e+01
 6.98000000e+02 5.00000000e+00 3.17375821e+01
 6.99000000e+02 5.00000000e+00 3.17117606e+01
 7.00000000e+02 5.00000000e+00 3.16868749e+01
 7.01000000e+02 5.00000000e+00 3.16628676e+01
 7.02000000e+02 5.00000000e+00 3.16396811e+01
 7.03000000e+02 5.00000000e+00 3.16172578e+01
 7.04000000e+02 5.00000000e+00 3.15955402e+01
 7.05000000e+02 5.00000000e+00 3.15744709e+01
 7.06000000e+02 5.00000000e+00 3.15539921e+01
 7.07000000e+02 5.00000000e+00 3.15340465e+01
 7.08000000e+02 5.00000000e+00 3.15145764e+01
 7.09000000e+02 5.00000000e+00 3.14955243e+01
 7.10000000e+02 5.00000000e+00 3.14768326e+01
 7.11000000e+02 5.00000000e+00 3.14584439e+01
 7.12000000e+02 5.00000000e+00 3.14403006e+01
 7.13000000e+02 5.00000000e+00 3.14223452e+01
 7.14000000e+02 5.00000000e+00 3.14045200e+01
 7.15000000e+02 5.00000000e+00 3.13867676e+01
 7.16000000e+02 5.00000000e+00 3.13690305e+01
 7.17000000e+02 5.00000000e+00 3.13512510e+01
 7.18000000e+02 5.00000000e+00 3.13333717e+01
 7.19000000e+02 5.00000000e+00 3.13153350e+01
 7.20000000e+02 5.00000000e+00 3.12970833e+01
 7.21000000e+02 5.00000000e+00 3.12785591e+01
 7.22000000e+02 5.00000000e+00 3.12597050e+01
 7.23000000e+02 5.00000000e+00 3.12404633e+01
 7.24000000e+02 5.00000000e+00 3.12207765e+01
 7.25000000e+02 5.00000000e+00 3.11867842e+01
 7.26000000e+02 5.00000000e+00 3.11661242e+01
 7.27000000e+02 5.00000000e+00 3.11450424e+01
 7.28000000e+02 5.00000000e+00 3.11235958e+01
 7.29000000e+02 5.00000000e+00 3.11018411e+01
 7.30000000e+02 5.00000000e+00 3.10798350e+01
 7.31000000e+02 5.00000000e+00 3.10576344e+01
 7.32000000e+02 5.00000000e+00 3.10352962e+01
 7.33000000e+02 5.00000000e+00 3.10128770e+01
 7.34000000e+02 5.00000000e+00 3.09904337e+01
 7.35000000e+02 5.00000000e+00 3.09680231e+01
 7.36000000e+02 5.00000000e+00 3.09457021e+01
 7.37000000e+02 5.00000000e+00 3.09235273e+01
 7.38000000e+02 5.00000000e+00 3.09015556e+01
 7.39000000e+02 5.00000000e+00 3.08798438e+01
 7.40000000e+02 5.00000000e+00 3.08584487e+01
 7.41000000e+02 5.00000000e+00 3.08374271e+01
 7.42000000e+02 5.00000000e+00 3.08168358e+01
 7.43000000e+02 5.00000000e+00 3.07967316e+01
 7.44000000e+02 5.00000000e+00 3.07771713e+01
 7.45000000e+02 5.00000000e+00 3.07582117e+01
 7.46000000e+02 5.00000000e+00 3.07399096e+01
 7.47000000e+02 5.00000000e+00 3.07223218e+01
 7.48000000e+02 5.00000000e+00 3.07055051e+01
 7.49000000e+02 5.00000000e+00 3.06895163e+01
 7.50000000e+02 5.00000000e+00 3.06744122e+01
 7.51000000e+02 5.00000000e+00 3.06602496e+01
 7.52000000e+02 5.00000000e+00 3.06470853e+01
 7.53000000e+02 5.00000000e+00 3.06349762e+01
 7.54000000e+02 5.00000000e+00 3.06239789e+01
 7.55000000e+02 5.00000000e+00 3.06141503e+01
 7.56000000e+02 5.00000000e+00 3.06055472e+01
 7.57000000e+02 5.00000000e+00 3.05982265e+01
 7.58000000e+02 5.00000000e+00 3.05922448e+01
 7.59000000e+02 5.00000000e+00 3.05876591e+01
 7.60000000e+02 5.00000000e+00 3.05845260e+01
 7.61000000e+02 5.00000000e+00 3.05829025e+01
 7.62000000e+02 5.00000000e+00 3.05828453e+01
 7.63000000e+02 5.00000000e+00 3.05844111e+01
 7.64000000e+02 5.00000000e+00 3.05876569e+01
