 1.00000000e+00 2.60000000e+01 1.40153689e+01
 2.00000000e+00 2.60000000e+01 1.35914440e+01
 3.00000000e+00 2.60000000e+01 1.31880390e+01
 4.00000000e+00 2.60000000e+01 1.28048348e+01
 5.00000000e+00 2.60000000e+01 1.24415123e+01
 6.00000000e+00 2.60000000e+01 1.20977526e+01
 7.00000000e+00 2.60000000e+01 1.17732366e+01
 8.00000000e+00 2.60000000e+01 1.14676454e+01
 9.00000000e+00 2.60000000e+01 1.11806598e+01
 1.00000000e+01 2.60000000e+01 1.09119608e+01
 1.10000000e+01 2.60000000e+01 1.06612295e+01
 1.20000000e+01 2.60000000e+01 1.04281467e+01
 1.30000000e+01 2.60000000e+01 1.02123936e+01
 1.40000000e+01 2.60000000e+01 1.00136510e+01
 1.50000000e+01 2.60000000e+01 9.83159989e+00
 1.60000000e+01 2.60000000e+01 9.66592131e+00
 1.70000000e+01 2.60000000e+01 9.51629620e+00
 1.80000000e+01 2.60000000e+01 9.38240555e+00
 1.90000000e+01 2.60000000e+01 9.26393032e+00
 2.00000000e+01 2.60000000e+01 9.16055149e+00
 2.10000000e+01 2.60000000e+01 9.07195004e+00
 2.20000000e+01 2.60000000e+01 8.99780695e+00
 2.30000000e+01 2.60000000e+01 8.93780318e+00
 2.40000000e+01 2.60000000e+01 8.89161971e+00
 2.50000000e+01 2.60000000e+01 8.85893752e+00
 2.60000000e+01 2.60000000e+01 8.83943758e+00
 2.70000000e+01 2.60000000e+01 8.83280087e+00
 2.80000000e+01 2.60000000e+01 8.83870837e+00
 2.90000000e+01 2.60000000e+01 8.85684104e+00
 3.00000000e+01 2.60000000e+01 8.88687987e+00
 3.10000000e+01 2.60000000e+01 8.92850582e+00
 3.20000000e+01 2.60000000e+01 8.98139988e+00
 3.30000000e+01 2.60000000e+01 9.04524302e+00
 3.40000000e+01 2.60000000e+01 9.11971622e+00
 3.50000000e+01 2.60000000e+01 9.20450044e+00
 3.60000000e+01 2.60000000e+01 9.29927667e+00
 3.70000000e+01 2.60000000e+01 9.40372588e+00
 3.80000000e+01 2.60000000e+01 9.51752905e+00
 3.90000000e+01 2.60000000e+01 9.64036714e+00
 4.00000000e+01 2.60000000e+01 9.77192114e+00
 4.10000000e+01 2.60000000e+01 9.91187203e+00
 4.20000000e+01 2.60000000e+01 1.00599008e+01
 4.30000000e+01 2.60000000e+01 1.02156883e+01
 4.40000000e+01 2.60000000e+01 1.03789157e+01
 4.50000000e+01 2.60000000e+01 1.05492639e+01
 4.60000000e+01 2.60000000e+01 1.07264138e+01
 4.70000000e+01 2.60000000e+01 1.09100465e+01
 4.80000000e+01 2.60000000e+01 1.10998428e+01
 4.90000000e+01 2.60000000e+01 1.12954839e+01
 5.00000000e+01 2.60000000e+01 1.14966506e+01
 5.10000000e+01 2.60000000e+01 1.17840547e+01
 5.20000000e+01 2.60000000e+01 1.19953195e+01
 5.30000000e+01 2.60000000e+01 1.22112043e+01
 5.40000000e+01 2.60000000e+01 1.24314383e+01
 5.50000000e+01 2.60000000e+01 1.26557504e+01
 5.60000000e+01 2.60000000e+01 1.28838698e+01
 5.70000000e+01 2.60000000e+01 1.31155255e+01
 5.80000000e+01 2.60000000e+01 1.33504466e+01
 5.90000000e+01 2.60000000e+01 1.35883620e+01
 6.00000000e+01 2.60000000e+01 1.38290008e+01
 6.10000000e+01 2.60000000e+01 1.40720921e+01
 6.20000000e+01 2.60000000e+01 1.43173649e+01
 6.30000000e+01 2.60000000e+01 1.45645484e+01
 6.40000000e+01 2.60000000e+01 1.48133714e+01
 6.50000000e+01 2.60000000e+01 1.50635631e+01
 6.60000000e+01 2.60000000e+01 1.53148525e+01
 6.70000000e+01 2.60000000e+01 1.55669687e+01
 6.80000000e+01 2.60000000e+01 1.58196408e+01
 6.90000000e+01 2.60000000e+01 1.60725976e+01
 7.00000000e+01 2.60000000e+01 1.63255684e+01
 7.10000000e+01 2.60000000e+01 1.65782822e+01
 7.20000000e+01 2.60000000e+01 1.68304680e+01
 7.30000000e+01 2.60000000e+01 1.70818548e+01
 7.40000000e+01 2.60000000e+01 1.73321717e+01
 7.50000000e+01 2.60000000e+01 1.75811478e+01
 7.60000000e+01 2.60000000e+01 1.78285121e+01
 7.70000000e+01 2.60000000e+01 1.80739936e+01
 7.80000000e+01 2.60000000e+01 1.83173215e+01
 7.90000000e+01 2.60000000e+01 1.85582247e+01
 8.00000000e+01 2.60000000e+01 1.87964323e+01
 8.10000000e+01 2.60000000e+01 1.90316733e+01
 8.20000000e+01 2.60000000e+01 1.92636769e+01
 8.30000000e+01 2.60000000e+01 1.94921719e+01
 8.40000000e+01 2.60000000e+01 1.97168876e+01
 8.50000000e+01 2.60000000e+01 1.99375529e+01
 8.60000000e+01 2.60000000e+01 2.01538969e+01
 8.70000000e+01 2.60000000e+01 2.03656487e+01
 8.80000000e+01 2.60000000e+01 2.05725372e+01
 8.90000000e+01 2.60000000e+01 2.07742915e+01
 9.00000000e+01 2.60000000e+01 2.09706408e+01
 9.10000000e+01 2.60000000e+01 2.11613139e+01
 9.20000000e+01 2.60000000e+01 2.13460401e+01
 9.30000000e+01 2.60000000e+01 2.15245483e+01
 9.40000000e+01 2.60000000e+01 2.16965675e+01
 9.50000000e+01 2.60000000e+01 2.18618269e+01
 9.60000000e+01 2.60000000e+01 2.20200554e+01
 9.70000000e+01 2.60000000e+01 2.21709822e+01
 9.80000000e+01 2.60000000e+01 2.23143362e+01
 9.90000000e+01 2.60000000e+01 2.24498466e+01
 1.00000000e+02 2.60000000e+01 2.25772423e+01
 1.01000000e+02 2.60000000e+01 2.30363668e+01
 1.02000000e+02 2.60000000e+01 2.31468669e+01
 1.03000000e+02 2.60000000e+01 2.32490464e+01
 1.04000000e+02 2.60000000e+01 2.33431657e+01
 1.05000000e+02 2.60000000e+01 2.34294848e+01
 1.06000000e+02 2.60000000e+01 2.35082640e+01
 1.07000000e+02 2.60000000e+01 2.35797635e+01
 1.08000000e+02 2.60000000e+01 2.36442433e+01
 1.09000000e+02 2.60000000e+01 2.37019637e+01
 1.10000000e+02 2.60000000e+01 2.37531849e+01
 1.11000000e+02 2.60000000e+01 2.37981671e+01
 1.12000000e+02 2.60000000e+01 2.38371704e+01
 1.13000000e+02 2.60000000e+01 2.38704549e+01
 1.14000000e+02 2.60000000e+01 2.38982810e+01
 1.15000000e+02 2.60000000e+01 2.39209087e+01
 1.16000000e+02 2.60000000e+01 2.39385983e+01
 1.17000000e+02 2.60000000e+01 2.39516099e+01
 1.18000000e+02 2.60000000e+01 2.39602037e+01
 1.19000000e+02 2.60000000e+01 2.39646399e+01
 1.20000000e+02 2.60000000e+01 2.39651786e+01
 1.21000000e+02 2.60000000e+01 2.39620801e+01
 1.22000000e+02 2.60000000e+01 2.39556045e+01
 1.23000000e+02 2.60000000e+01 2.39460120e+01
 1.24000000e+02 2.60000000e+01 2.39335628e+01
 1.25000000e+02 2.60000000e+01 2.39185170e+01
 1.26000000e+02 2.60000000e+01 2.39011349e+01
 1.27000000e+02 2.60000000e+01 2.38816765e+01
 1.28000000e+02 2.60000000e+01 2.38604022e+01
 1.29000000e+02 2.60000000e+01 2.38375720e+01
 1.30000000e+02 2.60000000e+01 2.38134462e+01
 1.31000000e+02 2.60000000e+01 2.37882849e+01
 1.32000000e+02 2.60000000e+01 2.37623483e+01
 1.33000000e+02 2.60000000e+01 2.37358966e+01
 1.34000000e+02 2.60000000e+01 2.37091900e+01
 1.35000000e+02 2.60000000e+01 2.36824886e+01
 1.36000000e+02 2.60000000e+01 2.36560526e+01
 1.37000000e+02 2.60000000e+01 2.36301423e+01
 1.38000000e+02 2.60000000e+01 2.36050177e+01
 1.39000000e+02 2.60000000e+01 2.35809391e+01
 1.40000000e+02 2.60000000e+01 2.35581666e+01
 1.41000000e+02 2.60000000e+01 2.35369604e+01
 1.42000000e+02 2.60000000e+01 2.35175808e+01
 1.43000000e+02 2.60000000e+01 2.35002878e+01
 1.44000000e+02 2.60000000e+01 2.34853416e+01
 1.45000000e+02 2.60000000e+01 2.34730025e+01
 1.46000000e+02 2.60000000e+01 2.34635306e+01
 1.47000000e+02 2.60000000e+01 2.34571861e+01
 1.48000000e+02 2.60000000e+01 2.34542292e+01
 1.49000000e+02 2.60000000e+01 2.34549200e+01
 1.50000000e+02 2.60000000e+01 2.34595188e+01
 1.51000000e+02 2.60000000e+01 2.27316027e+01
 1.52000000e+02 2.60000000e+01 2.27446931e+01
 1.53000000e+02 2.60000000e+01 2.27620239e+01
 1.54000000e+02 2.60000000e+01 2.27834864e+01
 1.55000000e+02 2.60000000e+01 2.28089718e+01
 1.56000000e+02 2.60000000e+01 2.28383713e+01
 1.57000000e+02 2.60000000e+01 2.28715762e+01
 1.58000000e+02 2.60000000e+01 2.29084777e+01
 1.59000000e+02 2.60000000e+01 2.29489670e+01
 1.60000000e+02 2.60000000e+01 2.29929353e+01
 1.61000000e+02 2.60000000e+01 2.30402740e+01
 1.62000000e+02 2.60000000e+01 2.30908741e+01
 1.63000000e+02 2.60000000e+01 2.31446269e+01
 1.64000000e+02 2.60000000e+01 2.32014238e+01
 1.65000000e+02 2.60000000e+01 2.32611557e+01
 1.66000000e+02 2.60000000e+01 2.33237141e+01
 1.67000000e+02 2.60000000e+01 2.33889902e+01
 1.68000000e+02 2.60000000e+01 2.34568751e+01
 1.69000000e+02 2.60000000e+01 2.35272601e+01
 1.70000000e+02 2.60000000e+01 2.36000364e+01
 1.71000000e+02 2.60000000e+01 2.36750953e+01
 1.72000000e+02 2.60000000e+01 2.37523279e+01
 1.73000000e+02 2.60000000e+01 2.38316255e+01
 1.74000000e+02 2.60000000e+01 2.39128794e+01
 1.75000000e+02 2.60000000e+01 2.39959807e+01
 1.76000000e+02 2.60000000e+01 2.40808207e+01
 1.77000000e+02 2.60000000e+01 2.41672906e+01
 1.78000000e+02 2.60000000e+01 2.42552817e+01
 1.79000000e+02 2.60000000e+01 2.43446851e+01
 1.80000000e+02 2.60000000e+01 2.44353921e+01
 1.81000000e+02 2.60000000e+01 2.45272939e+01
 1.82000000e+02 2.60000000e+01 2.46202818e+01
 1.83000000e+02 2.60000000e+01 2.47142470e+01
 1.84000000e+02 2.60000000e+01 2.48090806e+01
 1.85000000e+02 2.60000000e+01 2.49046740e+01
 1.86000000e+02 2.60000000e+01 2.50009184e+01
 1.87000000e+02 2.60000000e+01 2.50977049e+01
 1.88000000e+02 2.60000000e+01 2.51949248e+01
 1.89000000e+02 2.60000000e+01 2.52924694e+01
 1.90000000e+02 2.60000000e+01 2.53902299e+01
 1.91000000e+02 2.60000000e+01 2.54880974e+01
 1.92000000e+02 2.60000000e+01 2.55859633e+01
 1.93000000e+02 2.60000000e+01 2.56837187e+01
 1.94000000e+02 2.60000000e+01 2.57812549e+01
 1.95000000e+02 2.60000000e+01 2.58784631e+01
 1.96000000e+02 2.60000000e+01 2.59752345e+01
 1.97000000e+02 2.60000000e+01 2.60714604e+01
 1.98000000e+02 2.60000000e+01 2.61670320e+01
 1.99000000e+02 2.60000000e+01 2.62618405e+01
 2.00000000e+02 2.60000000e+01 2.63557771e+01
 2.01000000e+02 2.60000000e+01 2.66651828e+01
 2.02000000e+02 2.60000000e+01 2.67570461e+01
 2.03000000e+02 2.60000000e+01 2.68477168e+01
 2.04000000e+02 2.60000000e+01 2.69370903e+01
 2.05000000e+02 2.60000000e+01 2.70250623e+01
 2.06000000e+02 2.60000000e+01 2.71115282e+01
 2.07000000e+02 2.60000000e+01 2.71963837e+01
 2.08000000e+02 2.60000000e+01 2.72795241e+01
 2.09000000e+02 2.60000000e+01 2.73608451e+01
 2.10000000e+02 2.60000000e+01 2.74402421e+01
 2.11000000e+02 2.60000000e+01 2.75176108e+01
 2.12000000e+02 2.60000000e+01 2.75928466e+01
 2.13000000e+02 2.60000000e+01 2.76658450e+01
 2.14000000e+02 2.60000000e+01 2.77365017e+01
 2.15000000e+02 2.60000000e+01 2.78047121e+01
 2.16000000e+02 2.60000000e+01 2.78703717e+01
 2.17000000e+02 2.60000000e+01 2.79333762e+01
 2.18000000e+02 2.60000000e+01 2.79936209e+01
 2.19000000e+02 2.60000000e+01 2.80510016e+01
 2.20000000e+02 2.60000000e+01 2.81054136e+01
 2.21000000e+02 2.60000000e+01 2.81567525e+01
 2.22000000e+02 2.60000000e+01 2.82049139e+01
 2.23000000e+02 2.60000000e+01 2.82497933e+01
 2.24000000e+02 2.60000000e+01 2.82912861e+01
 2.25000000e+02 2.60000000e+01 2.83292881e+01
 2.26000000e+02 2.60000000e+01 2.83636946e+01
 2.27000000e+02 2.60000000e+01 2.83944012e+01
 2.28000000e+02 2.60000000e+01 2.84213034e+01
 2.29000000e+02 2.60000000e+01 2.84442968e+01
 2.30000000e+02 2.60000000e+01 2.84632769e+01
 2.31000000e+02 2.60000000e+01 2.84781393e+01
 2.32000000e+02 2.60000000e+01 2.84887794e+01
 2.33000000e+02 2.60000000e+01 2.84950927e+01
 2.34000000e+02 2.60000000e+01 2.84969750e+01
 2.35000000e+02 2.60000000e+01 2.84943215e+01
 2.36000000e+02 2.60000000e+01 2.84870280e+01
 2.37000000e+02 2.60000000e+01 2.84749899e+01
 2.38000000e+02 2.60000000e+01 2.84581027e+01
 2.39000000e+02 2.60000000e+01 2.84362620e+01
 2.40000000e+02 2.60000000e+01 2.84093633e+01
 2.41000000e+02 2.60000000e+01 2.83773022e+01
 2.42000000e+02 2.60000000e+01 2.83399741e+01
 2.43000000e+02 2.60000000e+01 2.82972747e+01
 2.44000000e+02 2.60000000e+01 2.82490994e+01
 2.45000000e+02 2.60000000e+01 2.81953437e+01
 2.46000000e+02 2.60000000e+01 2.81359033e+01
 2.47000000e+02 2.60000000e+01 2.80706736e+01
 2.48000000e+02 2.60000000e+01 2.79995501e+01
 2.49000000e+02 2.60000000e+01 2.79224284e+01
 2.50000000e+02 2.60000000e+01 2.78392041e+01
 2.51000000e+02 2.60000000e+01 2.81396224e+01
 2.52000000e+02 2.60000000e+01 2.80440842e+01
 2.53000000e+02 2.60000000e+01 2.79428098e+01
 2.54000000e+02 2.60000000e+01 2.78361958e+01
 2.55000000e+02 2.60000000e+01 2.77246387e+01
 2.56000000e+02 2.60000000e+01 2.76085350e+01
 2.57000000e+02 2.60000000e+01 2.74882812e+01
 2.58000000e+02 2.60000000e+01 2.73642738e+01
 2.59000000e+02 2.60000000e+01 2.72369094e+01
 2.60000000e+02 2.60000000e+01 2.71065844e+01
 2.61000000e+02 2.60000000e+01 2.69736955e+01
 2.62000000e+02 2.60000000e+01 2.68386390e+01
 2.63000000e+02 2.60000000e+01 2.67018116e+01
 2.64000000e+02 2.60000000e+01 2.65636098e+01
 2.65000000e+02 2.60000000e+01 2.64244300e+01
 2.66000000e+02 2.60000000e+01 2.62846689e+01
 2.67000000e+02 2.60000000e+01 2.61447228e+01
 2.68000000e+02 2.60000000e+01 2.60049884e+01
 2.69000000e+02 2.60000000e+01 2.58658622e+01
 2.70000000e+02 2.60000000e+01 2.57277406e+01
 2.71000000e+02 2.60000000e+01 2.55910203e+01
 2.72000000e+02 2.60000000e+01 2.54560976e+01
 2.73000000e+02 2.60000000e+01 2.53233692e+01
 2.74000000e+02 2.60000000e+01 2.51932316e+01
 2.75000000e+02 2.60000000e+01 2.50660812e+01
 2.76000000e+02 2.60000000e+01 2.49423147e+01
 2.77000000e+02 2.60000000e+01 2.48223285e+01
 2.78000000e+02 2.60000000e+01 2.47065191e+01
 2.79000000e+02 2.60000000e+01 2.45952831e+01
 2.80000000e+02 2.60000000e+01 2.44890170e+01
 2.81000000e+02 2.60000000e+01 2.43881173e+01
 2.82000000e+02 2.60000000e+01 2.42929805e+01
 2.83000000e+02 2.60000000e+01 2.42040031e+01
 2.84000000e+02 2.60000000e+01 2.41215818e+01
 2.85000000e+02 2.60000000e+01 2.40461129e+01
 2.86000000e+02 2.60000000e+01 2.39779930e+01
 2.87000000e+02 2.60000000e+01 2.39176187e+01
 2.88000000e+02 2.60000000e+01 2.38653864e+01
 2.89000000e+02 2.60000000e+01 2.38216926e+01
 2.90000000e+02 2.60000000e+01 2.37869340e+01
 2.91000000e+02 2.60000000e+01 2.37615070e+01
 2.92000000e+02 2.60000000e+01 2.37458081e+01
 2.93000000e+02 2.60000000e+01 2.37402339e+01
 2.94000000e+02 2.60000000e+01 2.37451808e+01
 2.95000000e+02 2.60000000e+01 2.37610455e+01
 2.96000000e+02 2.60000000e+01 2.37882243e+01
 2.97000000e+02 2.60000000e+01 2.38271139e+01
 2.98000000e+02 2.60000000e+01 2.38781107e+01
 2.99000000e+02 2.60000000e+01 2.39416114e+01
 3.00000000e+02 2.60000000e+01 2.40180123e+01
 3.01000000e+02 2.60000000e+01 2.42764227e+01
 3.02000000e+02 2.60000000e+01 2.43793957e+01
 3.03000000e+02 2.60000000e+01 2.44951857e+01
 3.04000000e+02 2.60000000e+01 2.46232984e+01
 3.05000000e+02 2.60000000e+01 2.47632393e+01
 3.06000000e+02 2.60000000e+01 2.49145140e+01
 3.07000000e+02 2.60000000e+01 2.50766280e+01
 3.08000000e+02 2.60000000e+01 2.52490871e+01
 3.09000000e+02 2.60000000e+01 2.54313966e+01
 3.10000000e+02 2.60000000e+01 2.56230622e+01
 3.11000000e+02 2.60000000e+01 2.58235895e+01
 3.12000000e+02 2.60000000e+01 2.60324840e+01
 3.13000000e+02 2.60000000e+01 2.62492513e+01
 3.14000000e+02 2.60000000e+01 2.64733970e+01
 3.15000000e+02 2.60000000e+01 2.67044267e+01
 3.16000000e+02 2.60000000e+01 2.69418459e+01
 3.17000000e+02 2.60000000e+01 2.71851602e+01
 3.18000000e+02 2.60000000e+01 2.74338752e+01
 3.19000000e+02 2.60000000e+01 2.76874964e+01
 3.20000000e+02 2.60000000e+01 2.79455295e+01
 3.21000000e+02 2.60000000e+01 2.82074799e+01
 3.22000000e+02 2.60000000e+01 2.84728533e+01
 3.23000000e+02 2.60000000e+01 2.87411553e+01
 3.24000000e+02 2.60000000e+01 2.90118913e+01
 3.25000000e+02 2.60000000e+01 2.92845671e+01
 3.26000000e+02 2.60000000e+01 2.95586881e+01
 3.27000000e+02 2.60000000e+01 2.98337600e+01
 3.28000000e+02 2.60000000e+01 3.01092883e+01
 3.29000000e+02 2.60000000e+01 3.03847785e+01
 3.30000000e+02 2.60000000e+01 3.06597363e+01
 3.31000000e+02 2.60000000e+01 3.09336673e+01
 3.32000000e+02 2.60000000e+01 3.12060769e+01
 3.33000000e+02 2.60000000e+01 3.14764708e+01
 3.34000000e+02 2.60000000e+01 3.17443546e+01
 3.35000000e+02 2.60000000e+01 3.20092338e+01
 3.36000000e+02 2.60000000e+01 3.22706140e+01
 3.37000000e+02 2.60000000e+01 3.25280007e+01
 3.38000000e+02 2.60000000e+01 3.27808996e+01
 3.39000000e+02 2.60000000e+01 3.30288163e+01
 3.40000000e+02 2.60000000e+01 3.32712562e+01
 3.41000000e+02 2.60000000e+01 3.35077249e+01
 3.42000000e+02 2.60000000e+01 3.37377281e+01
 3.43000000e+02 2.60000000e+01 3.39607713e+01
 3.44000000e+02 2.60000000e+01 3.41763601e+01
 3.45000000e+02 2.60000000e+01 3.43840001e+01
 3.46000000e+02 2.60000000e+01 3.45831967e+01
 3.47000000e+02 2.60000000e+01 3.47734557e+01
 3.48000000e+02 2.60000000e+01 3.49542826e+01
 3.49000000e+02 2.60000000e+01 3.51251829e+01
 3.50000000e+02 2.60000000e+01 3.52856622e+01
 3.51000000e+02 2.60000000e+01 3.50298587e+01
 3.52000000e+02 2.60000000e+01 3.51684099e+01
 3.53000000e+02 2.60000000e+01 3.52961670e+01
 3.54000000e+02 2.60000000e+01 3.54133756e+01
 3.55000000e+02 2.60000000e+01 3.55202812e+01
 3.56000000e+02 2.60000000e+01 3.56171297e+01
 3.57000000e+02 2.60000000e+01 3.57041665e+01
 3.58000000e+02 2.60000000e+01 3.57816373e+01
 3.59000000e+02 2.60000000e+01 3.58497878e+01
 3.60000000e+02 2.60000000e+01 3.59088636e+01
 3.61000000e+02 2.60000000e+01 3.59591103e+01
 3.62000000e+02 2.60000000e+01 3.60007736e+01
 3.63000000e+02 2.60000000e+01 3.60340990e+01
 3.64000000e+02 2.60000000e+01 3.60593324e+01
 3.65000000e+02 2.60000000e+01 3.60767192e+01
 3.66000000e+02 2.60000000e+01 3.60865051e+01
 3.67000000e+02 2.60000000e+01 3.60889358e+01
 3.68000000e+02 2.60000000e+01 3.60842568e+01
 3.69000000e+02 2.60000000e+01 3.60727139e+01
 3.70000000e+02 2.60000000e+01 3.60545526e+01
 3.71000000e+02 2.60000000e+01 3.60300187e+01
 3.72000000e+02 2.60000000e+01 3.59993577e+01
 3.73000000e+02 2.60000000e+01 3.59628152e+01
 3.74000000e+02 2.60000000e+01 3.59206370e+01
 3.75000000e+02 2.60000000e+01 3.58730686e+01
 3.76000000e+02 2.60000000e+01 3.58203557e+01
 3.77000000e+02 2.60000000e+01 3.57627439e+01
 3.78000000e+02 2.60000000e+01 3.57004789e+01
 3.79000000e+02 2.60000000e+01 3.56338063e+01
 3.80000000e+02 2.60000000e+01 3.55629716e+01
 3.81000000e+02 2.60000000e+01 3.54882207e+01
 3.82000000e+02 2.60000000e+01 3.54097991e+01
 3.83000000e+02 2.60000000e+01 3.53279524e+01
 3.84000000e+02 2.60000000e+01 3.52429263e+01
 3.85000000e+02 2.60000000e+01 3.51549663e+01
 3.86000000e+02 2.60000000e+01 3.50643183e+01
 3.87000000e+02 2.60000000e+01 3.49712277e+01
 3.88000000e+02 2.60000000e+01 3.48759403e+01
 3.89000000e+02 2.60000000e+01 3.47787016e+01
 3.90000000e+02 2.60000000e+01 3.46797573e+01
 3.91000000e+02 2.60000000e+01 3.45793531e+01
 3.92000000e+02 2.60000000e+01 3.44777345e+01
 3.93000000e+02 2.60000000e+01 3.43751472e+01
 3.94000000e+02 2.60000000e+01 3.42718369e+01
 3.95000000e+02 2.60000000e+01 3.41680491e+01
 3.96000000e+02 2.60000000e+01 3.40640296e+01
 3.97000000e+02 2.60000000e+01 3.39600239e+01
 3.98000000e+02 2.60000000e+01 3.38562777e+01
 3.99000000e+02 2.60000000e+01 3.37530367e+01
 4.00000000e+02 2.60000000e+01 3.36505464e+01
 4.01000000e+02 2.60000000e+01 3.35302888e+01
 4.02000000e+02 2.60000000e+01 3.34299421e+01
 4.03000000e+02 2.60000000e+01 3.33308749e+01
 4.04000000e+02 2.60000000e+01 3.32332006e+01
 4.05000000e+02 2.60000000e+01 3.31370323e+01
 4.06000000e+02 2.60000000e+01 3.30424834e+01
 4.07000000e+02 2.60000000e+01 3.29496671e+01
 4.08000000e+02 2.60000000e+01 3.28586965e+01
 4.09000000e+02 2.60000000e+01 3.27696849e+01
 4.10000000e+02 2.60000000e+01 3.26827455e+01
 4.11000000e+02 2.60000000e+01 3.25979917e+01
 4.12000000e+02 2.60000000e+01 3.25155365e+01
 4.13000000e+02 2.60000000e+01 3.24354934e+01
 4.14000000e+02 2.60000000e+01 3.23579753e+01
 4.15000000e+02 2.60000000e+01 3.22830957e+01
 4.16000000e+02 2.60000000e+01 3.22109678e+01
 4.17000000e+02 2.60000000e+01 3.21417047e+01
 4.18000000e+02 2.60000000e+01 3.20754198e+01
 4.19000000e+02 2.60000000e+01 3.20122262e+01
 4.20000000e+02 2.60000000e+01 3.19522371e+01
 4.21000000e+02 2.60000000e+01 3.18955659e+01
 4.22000000e+02 2.60000000e+01 3.18423258e+01
 4.23000000e+02 2.60000000e+01 3.17926299e+01
 4.24000000e+02 2.60000000e+01 3.17465915e+01
 4.25000000e+02 2.60000000e+01 3.17043239e+01
 4.26000000e+02 2.60000000e+01 3.16659403e+01
 4.27000000e+02 2.60000000e+01 3.16315538e+01
 4.28000000e+02 2.60000000e+01 3.16012779e+01
 4.29000000e+02 2.60000000e+01 3.15752256e+01
 4.30000000e+02 2.60000000e+01 3.15535102e+01
 4.31000000e+02 2.60000000e+01 3.15362450e+01
 4.32000000e+02 2.60000000e+01 3.15235431e+01
 4.33000000e+02 2.60000000e+01 3.15155179e+01
 4.34000000e+02 2.60000000e+01 3.15122825e+01
 4.35000000e+02 2.60000000e+01 3.15139502e+01
 4.36000000e+02 2.60000000e+01 3.15206342e+01
 4.37000000e+02 2.60000000e+01 3.15324478e+01
 4.38000000e+02 2.60000000e+01 3.15495041e+01
 4.39000000e+02 2.60000000e+01 3.15719165e+01
 4.40000000e+02 2.60000000e+01 3.15997981e+01
 4.41000000e+02 2.60000000e+01 3.16332622e+01
 4.42000000e+02 2.60000000e+01 3.16724220e+01
 4.43000000e+02 2.60000000e+01 3.17173908e+01
 4.44000000e+02 2.60000000e+01 3.17682818e+01
 4.45000000e+02 2.60000000e+01 3.18252081e+01
 4.46000000e+02 2.60000000e+01 3.18882832e+01
 4.47000000e+02 2.60000000e+01 3.19576201e+01
 4.48000000e+02 2.60000000e+01 3.20333321e+01
 4.49000000e+02 2.60000000e+01 3.21155324e+01
 4.50000000e+02 2.60000000e+01 3.22043344e+01
 4.51000000e+02 2.60000000e+01 3.26325821e+01
 4.52000000e+02 2.60000000e+01 3.27346793e+01
 4.53000000e+02 2.60000000e+01 3.28431276e+01
 4.54000000e+02 2.60000000e+01 3.29576812e+01
 4.55000000e+02 2.60000000e+01 3.30780940e+01
 4.56000000e+02 2.60000000e+01 3.32041201e+01
 4.57000000e+02 2.60000000e+01 3.33355135e+01
 4.58000000e+02 2.60000000e+01 3.34720282e+01
 4.59000000e+02 2.60000000e+01 3.36134183e+01
 4.60000000e+02 2.60000000e+01 3.37594378e+01
 4.61000000e+02 2.60000000e+01 3.39098408e+01
 4.62000000e+02 2.60000000e+01 3.40643812e+01
 4.63000000e+02 2.60000000e+01 3.42228131e+01
 4.64000000e+02 2.60000000e+01 3.43848906e+01
 4.65000000e+02 2.60000000e+01 3.45503677e+01
 4.66000000e+02 2.60000000e+01 3.47189983e+01
 4.67000000e+02 2.60000000e+01 3.48905367e+01
 4.68000000e+02 2.60000000e+01 3.50647367e+01
 4.69000000e+02 2.60000000e+01 3.52413524e+01
 4.70000000e+02 2.60000000e+01 3.54201379e+01
 4.71000000e+02 2.60000000e+01 3.56008471e+01
 4.72000000e+02 2.60000000e+01 3.57832342e+01
 4.73000000e+02 2.60000000e+01 3.59670531e+01
 4.74000000e+02 2.60000000e+01 3.61520579e+01
 4.75000000e+02 2.60000000e+01 3.63380026e+01
 4.76000000e+02 2.60000000e+01 3.65246413e+01
 4.77000000e+02 2.60000000e+01 3.67117280e+01
 4.78000000e+02 2.60000000e+01 3.68990167e+01
 4.79000000e+02 2.60000000e+01 3.70862614e+01
 4.80000000e+02 2.60000000e+01 3.72732162e+01
 4.81000000e+02 2.60000000e+01 3.74596352e+01
 4.82000000e+02 2.60000000e+01 3.76452723e+01
 4.83000000e+02 2.60000000e+01 3.78298816e+01
 4.84000000e+02 2.60000000e+01 3.80132172e+01
 4.85000000e+02 2.60000000e+01 3.81950329e+01
 4.86000000e+02 2.60000000e+01 3.83750830e+01
 4.87000000e+02 2.60000000e+01 3.85531214e+01
 4.88000000e+02 2.60000000e+01 3.87289022e+01
 4.89000000e+02 2.60000000e+01 3.89021794e+01
 4.90000000e+02 2.60000000e+01 3.90727070e+01
 4.91000000e+02 2.60000000e+01 3.92402390e+01
 4.92000000e+02 2.60000000e+01 3.94045296e+01
 4.93000000e+02 2.60000000e+01 3.95653327e+01
 4.94000000e+02 2.60000000e+01 3.97224023e+01
 4.95000000e+02 2.60000000e+01 3.98754926e+01
 4.96000000e+02 2.60000000e+01 4.00243575e+01
 4.97000000e+02 2.60000000e+01 4.01687510e+01
 4.98000000e+02 2.60000000e+01 4.03084273e+01
 4.99000000e+02 2.60000000e+01 4.04431403e+01
 5.00000000e+02 2.60000000e+01 4.05726441e+01
 5.01000000e+02 2.60000000e+01 3.97471468e+01
 5.02000000e+02 2.60000000e+01 3.98658223e+01
 5.03000000e+02 2.60000000e+01 3.99792782e+01
 5.04000000e+02 2.60000000e+01 4.00876930e+01
 5.05000000e+02 2.60000000e+01 4.01912451e+01
 5.06000000e+02 2.60000000e+01 4.02901129e+01
 5.07000000e+02 2.60000000e+01 4.03844750e+01
 5.08000000e+02 2.60000000e+01 4.04745096e+01
 5.09000000e+02 2.60000000e+01 4.05603953e+01
 5.10000000e+02 2.60000000e+01 4.06423105e+01
 5.11000000e+02 2.60000000e+01 4.07204337e+01
 5.12000000e+02 2.60000000e+01 4.07949432e+01
 5.13000000e+02 2.60000000e+01 4.08660176e+01
 5.14000000e+02 2.60000000e+01 4.09338352e+01
 5.15000000e+02 2.60000000e+01 4.09985745e+01
 5.16000000e+02 2.60000000e+01 4.10604139e+01
 5.17000000e+02 2.60000000e+01 4.11195320e+01
 5.18000000e+02 2.60000000e+01 4.11761070e+01
 5.19000000e+02 2.60000000e+01 4.12303175e+01
 5.20000000e+02 2.60000000e+01 4.12823419e+01
 5.21000000e+02 2.60000000e+01 4.13323587e+01
 5.22000000e+02 2.60000000e+01 4.13805462e+01
 5.23000000e+02 2.60000000e+01 4.14270829e+01
 5.24000000e+02 2.60000000e+01 4.14721473e+01
 5.25000000e+02 2.60000000e+01 4.15159178e+01
 5.26000000e+02 2.60000000e+01 4.15585728e+01
 5.27000000e+02 2.60000000e+01 4.16002908e+01
 5.28000000e+02 2.60000000e+01 4.16412502e+01
 5.29000000e+02 2.60000000e+01 4.16816295e+01
 5.30000000e+02 2.60000000e+01 4.17216070e+01
 5.31000000e+02 2.60000000e+01 4.17613613e+01
 5.32000000e+02 2.60000000e+01 4.18010708e+01
 5.33000000e+02 2.60000000e+01 4.18409138e+01
 5.34000000e+02 2.60000000e+01 4.18810690e+01
 5.35000000e+02 2.60000000e+01 4.19217146e+01
 5.36000000e+02 2.60000000e+01 4.19630291e+01
 5.37000000e+02 2.60000000e+01 4.20051910e+01
 5.38000000e+02 2.60000000e+01 4.20483788e+01
 5.39000000e+02 2.60000000e+01 4.20927707e+01
 5.40000000e+02 2.60000000e+01 4.21385454e+01
 5.41000000e+02 2.60000000e+01 4.21858812e+01
 5.42000000e+02 2.60000000e+01 4.22349565e+01
 5.43000000e+02 2.60000000e+01 4.22859499e+01
 5.44000000e+02 2.60000000e+01 4.23390397e+01
 5.45000000e+02 2.60000000e+01 4.23944044e+01
 5.46000000e+02 2.60000000e+01 4.24522224e+01
 5.47000000e+02 2.60000000e+01 4.25126722e+01
 5.48000000e+02 2.60000000e+01 4.25759322e+01
 5.49000000e+02 2.60000000e+01 4.26421808e+01
 5.50000000e+02 2.60000000e+01 4.27115965e+01
 5.51000000e+02 2.60000000e+01 4.30563269e+01
 5.52000000e+02 2.60000000e+01 4.31323605e+01
 5.53000000e+02 2.60000000e+01 4.32115792e+01
 5.54000000e+02 2.60000000e+01 4.32938719e+01
 5.55000000e+02 2.60000000e+01 4.33791275e+01
 5.56000000e+02 2.60000000e+01 4.34672346e+01
 5.57000000e+02 2.60000000e+01 4.35580821e+01
 5.58000000e+02 2.60000000e+01 4.36515589e+01
 5.59000000e+02 2.60000000e+01 4.37475536e+01
 5.60000000e+02 2.60000000e+01 4.38459552e+01
 5.61000000e+02 2.60000000e+01 4.39466524e+01
 5.62000000e+02 2.60000000e+01 4.40495340e+01
 5.63000000e+02 2.60000000e+01 4.41544888e+01
 5.64000000e+02 2.60000000e+01 4.42614056e+01
 5.65000000e+02 2.60000000e+01 4.43701733e+01
 5.66000000e+02 2.60000000e+01 4.44806806e+01
 5.67000000e+02 2.60000000e+01 4.45928163e+01
 5.68000000e+02 2.60000000e+01 4.47064693e+01
 5.69000000e+02 2.60000000e+01 4.48215282e+01
 5.70000000e+02 2.60000000e+01 4.49378821e+01
 5.71000000e+02 2.60000000e+01 4.50554195e+01
 5.72000000e+02 2.60000000e+01 4.51740295e+01
 5.73000000e+02 2.60000000e+01 4.52936006e+01
 5.74000000e+02 2.60000000e+01 4.54140218e+01
 5.75000000e+02 2.60000000e+01 4.55351819e+01
 5.76000000e+02 2.60000000e+01 4.56569696e+01
 5.77000000e+02 2.60000000e+01 4.57792738e+01
 5.78000000e+02 2.60000000e+01 4.59019832e+01
 5.79000000e+02 2.60000000e+01 4.60249867e+01
 5.80000000e+02 2.60000000e+01 4.61481731e+01
 5.81000000e+02 2.60000000e+01 4.62714311e+01
 5.82000000e+02 2.60000000e+01 4.63946496e+01
 5.83000000e+02 2.60000000e+01 4.65177173e+01
 5.84000000e+02 2.60000000e+01 4.66405232e+01
 5.85000000e+02 2.60000000e+01 4.67629559e+01
 5.86000000e+02 2.60000000e+01 4.68849043e+01
 5.87000000e+02 2.60000000e+01 4.70062572e+01
 5.88000000e+02 2.60000000e+01 4.71269034e+01
 5.89000000e+02 2.60000000e+01 4.72467316e+01
 5.90000000e+02 2.60000000e+01 4.73656308e+01
 5.91000000e+02 2.60000000e+01 4.74834896e+01
 5.92000000e+02 2.60000000e+01 4.76001969e+01
 5.93000000e+02 2.60000000e+01 4.77156416e+01
 5.94000000e+02 2.60000000e+01 4.78297123e+01
 5.95000000e+02 2.60000000e+01 4.79422980e+01
 5.96000000e+02 2.60000000e+01 4.80532873e+01
 5.97000000e+02 2.60000000e+01 4.81625692e+01
 5.98000000e+02 2.60000000e+01 4.82700324e+01
 5.99000000e+02 2.60000000e+01 4.83755656e+01
 6.00000000e+02 2.60000000e+01 4.84790578e+01
 6.01000000e+02 2.60000000e+01 4.84085358e+01
 6.02000000e+02 2.60000000e+01 4.85079463e+01
 6.03000000e+02 2.60000000e+01 4.86056273e+01
 6.04000000e+02 2.60000000e+01 4.87018152e+01
 6.05000000e+02 2.60000000e+01 4.87967462e+01
 6.06000000e+02 2.60000000e+01 4.88906566e+01
 6.07000000e+02 2.60000000e+01 4.89837826e+01
 6.08000000e+02 2.60000000e+01 4.90763605e+01
 6.09000000e+02 2.60000000e+01 4.91686265e+01
 6.10000000e+02 2.60000000e+01 4.92608170e+01
 6.11000000e+02 2.60000000e+01 4.93531682e+01
 6.12000000e+02 2.60000000e+01 4.94459162e+01
 6.13000000e+02 2.60000000e+01 4.95392975e+01
 6.14000000e+02 2.60000000e+01 4.96335482e+01
 6.15000000e+02 2.60000000e+01 4.97289046e+01
 6.16000000e+02 2.60000000e+01 4.98256030e+01
 6.17000000e+02 2.60000000e+01 4.99238796e+01
 6.18000000e+02 2.60000000e+01 5.00239707e+01
 6.19000000e+02 2.60000000e+01 5.01261126e+01
 6.20000000e+02 2.60000000e+01 5.02305414e+01
 6.21000000e+02 2.60000000e+01 5.03374935e+01
 6.22000000e+02 2.60000000e+01 5.04472051e+01
 6.23000000e+02 2.60000000e+01 5.05599125e+01
 6.24000000e+02 2.60000000e+01 5.06758519e+01
 6.25000000e+02 2.60000000e+01 5.07952596e+01
 6.26000000e+02 2.60000000e+01 5.09183719e+01
 6.27000000e+02 2.60000000e+01 5.10454249e+01
 6.28000000e+02 2.60000000e+01 5.11766551e+01
 6.29000000e+02 2.60000000e+01 5.13122986e+01
 6.30000000e+02 2.60000000e+01 5.14525916e+01
 6.31000000e+02 2.60000000e+01 5.15977705e+01
 6.32000000e+02 2.60000000e+01 5.17480715e+01
 6.33000000e+02 2.60000000e+01 5.19037309e+01
 6.34000000e+02 2.60000000e+01 5.20649849e+01
 6.35000000e+02 2.60000000e+01 5.22320698e+01
 6.36000000e+02 2.60000000e+01 5.24052218e+01
 6.37000000e+02 2.60000000e+01 5.25846772e+01
 6.38000000e+02 2.60000000e+01 5.27706723e+01
 6.39000000e+02 2.60000000e+01 5.29634433e+01
 6.40000000e+02 2.60000000e+01 5.31632265e+01
 6.41000000e+02 2.60000000e+01 5.33702580e+01
 6.42000000e+02 2.60000000e+01 5.35847743e+01
 6.43000000e+02 2.60000000e+01 5.38070116e+01
 6.44000000e+02 2.60000000e+01 5.40372060e+01
 6.45000000e+02 2.60000000e+01 5.42755939e+01
 6.46000000e+02 2.60000000e+01 5.45224116e+01
 6.47000000e+02 2.60000000e+01 5.47778952e+01
 6.48000000e+02 2.60000000e+01 5.50422811e+01
 6.49000000e+02 2.60000000e+01 5.53158055e+01
 6.50000000e+02 2.60000000e+01 5.55987046e+01
 6.51000000e+02 2.60000000e+01 5.59023901e+01
 6.52000000e+02 2.60000000e+01 5.62038204e+01
 6.53000000e+02 2.60000000e+01 5.65136566e+01
 6.54000000e+02 2.60000000e+01 5.68312649e+01
 6.55000000e+02 2.60000000e+01 5.71560118e+01
 6.56000000e+02 2.60000000e+01 5.74872634e+01
 6.57000000e+02 2.60000000e+01 5.78243862e+01
 6.58000000e+02 2.60000000e+01 5.81667466e+01
 6.59000000e+02 2.60000000e+01 5.85137107e+01
 6.60000000e+02 2.60000000e+01 5.88646450e+01
 6.61000000e+02 2.60000000e+01 5.92189158e+01
 6.62000000e+02 2.60000000e+01 5.95758894e+01
 6.63000000e+02 2.60000000e+01 5.99349322e+01
 6.64000000e+02 2.60000000e+01 6.02954104e+01
 6.65000000e+02 2.60000000e+01 6.06566905e+01
 6.66000000e+02 2.60000000e+01 6.10181388e+01
 6.67000000e+02 2.60000000e+01 6.13791215e+01
 6.68000000e+02 2.60000000e+01 6.17390051e+01
 6.69000000e+02 2.60000000e+01 6.20971558e+01
 6.70000000e+02 2.60000000e+01 6.24529400e+01
 6.71000000e+02 2.60000000e+01 6.28057241e+01
 6.72000000e+02 2.60000000e+01 6.31548743e+01
 6.73000000e+02 2.60000000e+01 6.34997570e+01
 6.74000000e+02 2.60000000e+01 6.38397385e+01
 6.75000000e+02 2.60000000e+01 6.41741852e+01
 6.76000000e+02 2.60000000e+01 6.45024634e+01
 6.77000000e+02 2.60000000e+01 6.48239394e+01
 6.78000000e+02 2.60000000e+01 6.51379796e+01
 6.79000000e+02 2.60000000e+01 6.54439503e+01
 6.80000000e+02 2.60000000e+01 6.57412178e+01
 6.81000000e+02 2.60000000e+01 6.60291484e+01
 6.82000000e+02 2.60000000e+01 6.63071086e+01
 6.83000000e+02 2.60000000e+01 6.65744646e+01
 6.84000000e+02 2.60000000e+01 6.68305827e+01
 6.85000000e+02 2.60000000e+01 6.70748293e+01
 6.86000000e+02 2.60000000e+01 6.73065708e+01
 6.87000000e+02 2.60000000e+01 6.75251734e+01
 6.88000000e+02 2.60000000e+01 6.77300035e+01
 6.89000000e+02 2.60000000e+01 6.79204275e+01
 6.90000000e+02 2.60000000e+01 6.80958116e+01
 6.91000000e+02 2.60000000e+01 6.82555222e+01
 6.92000000e+02 2.60000000e+01 6.83989256e+01
 6.93000000e+02 2.60000000e+01 6.85253882e+01
 6.94000000e+02 2.60000000e+01 6.86342763e+01
 6.95000000e+02 2.60000000e+01 6.87249563e+01
 6.96000000e+02 2.60000000e+01 6.87967943e+01
 6.97000000e+02 2.60000000e+01 6.88491569e+01
 6.98000000e+02 2.60000000e+01 6.88814103e+01
 6.99000000e+02 2.60000000e+01 6.88929209e+01
 7.00000000e+02 2.60000000e+01 6.88830550e+01
