 1.00000000e+00 4.00000000e+00 5.11118840e+01
 2.00000000e+00 4.00000000e+00 5.09363278e+01
 3.00000000e+00 4.00000000e+00 5.07663878e+01
 4.00000000e+00 4.00000000e+00 5.06019872e+01
 5.00000000e+00 4.00000000e+00 5.04430490e+01
 6.00000000e+00 4.00000000e+00 5.02894967e+01
 7.00000000e+00 4.00000000e+00 5.01412533e+01
 8.00000000e+00 4.00000000e+00 4.99982422e+01
 9.00000000e+00 4.00000000e+00 4.98603864e+01
 1.00000000e+01 4.00000000e+00 4.97276092e+01
 1.10000000e+01 4.00000000e+00 4.95998339e+01
 1.20000000e+01 4.00000000e+00 4.94769836e+01
 1.30000000e+01 4.00000000e+00 4.93589816e+01
 1.40000000e+01 4.00000000e+00 4.92457510e+01
 1.50000000e+01 4.00000000e+00 4.91372151e+01
 1.60000000e+01 4.00000000e+00 4.90332971e+01
 1.70000000e+01 4.00000000e+00 4.89339202e+01
 1.80000000e+01 4.00000000e+00 4.88390076e+01
 1.90000000e+01 4.00000000e+00 4.87484825e+01
 2.00000000e+01 4.00000000e+00 4.86622681e+01
 2.10000000e+01 4.00000000e+00 4.85802878e+01
 2.20000000e+01 4.00000000e+00 4.85024645e+01
 2.30000000e+01 4.00000000e+00 4.84287217e+01
 2.40000000e+01 4.00000000e+00 4.83589824e+01
 2.50000000e+01 4.00000000e+00 4.82931699e+01
 2.60000000e+01 4.00000000e+00 4.82312074e+01
 2.70000000e+01 4.00000000e+00 4.81730182e+01
 2.80000000e+01 4.00000000e+00 4.81185254e+01
 2.90000000e+01 4.00000000e+00 4.80676522e+01
 3.00000000e+01 4.00000000e+00 4.80203219e+01
 3.10000000e+01 4.00000000e+00 4.79764577e+01
 3.20000000e+01 4.00000000e+00 4.79359827e+01
 3.30000000e+01 4.00000000e+00 4.78988202e+01
 3.40000000e+01 4.00000000e+00 4.78648935e+01
 3.50000000e+01 4.00000000e+00 4.78341256e+01
 3.60000000e+01 4.00000000e+00 4.78064399e+01
 3.70000000e+01 4.00000000e+00 4.77817596e+01
 3.80000000e+01 4.00000000e+00 4.77600077e+01
 3.90000000e+01 4.00000000e+00 4.77411077e+01
 4.00000000e+01 4.00000000e+00 4.77249826e+01
 4.10000000e+01 4.00000000e+00 4.77115557e+01
 4.20000000e+01 4.00000000e+00 4.77007503e+01
 4.30000000e+01 4.00000000e+00 4.76924894e+01
 4.40000000e+01 4.00000000e+00 4.76866964e+01
 4.50000000e+01 4.00000000e+00 4.76832944e+01
 4.60000000e+01 4.00000000e+00 4.76822066e+01
 4.70000000e+01 4.00000000e+00 4.76833563e+01
 4.80000000e+01 4.00000000e+00 4.76866667e+01
 4.90000000e+01 4.00000000e+00 4.76920610e+01
 5.00000000e+01 4.00000000e+00 4.76994624e+01
 5.10000000e+01 4.00000000e+00 4.75826283e+01
 5.20000000e+01 4.00000000e+00 4.75938372e+01
 5.30000000e+01 4.00000000e+00 4.76069340e+01
 5.40000000e+01 4.00000000e+00 4.76219457e+01
 5.50000000e+01 4.00000000e+00 4.76388993e+01
 5.60000000e+01 4.00000000e+00 4.76578217e+01
 5.70000000e+01 4.00000000e+00 4.76787400e+01
 5.80000000e+01 4.00000000e+00 4.77016810e+01
 5.90000000e+01 4.00000000e+00 4.77266719e+01
 6.00000000e+01 4.00000000e+00 4.77537395e+01
 6.10000000e+01 4.00000000e+00 4.77829109e+01
 6.20000000e+01 4.00000000e+00 4.78142130e+01
 6.30000000e+01 4.00000000e+00 4.78476728e+01
 6.40000000e+01 4.00000000e+00 4.78833173e+01
 6.50000000e+01 4.00000000e+00 4.79211735e+01
 6.60000000e+01 4.00000000e+00 4.79612683e+01
 6.70000000e+01 4.00000000e+00 4.80036288e+01
 6.80000000e+01 4.00000000e+00 4.80482818e+01
 6.90000000e+01 4.00000000e+00 4.80952544e+01
 7.00000000e+01 4.00000000e+00 4.81445736e+01
 7.10000000e+01 4.00000000e+00 4.81962663e+01
 7.20000000e+01 4.00000000e+00 4.82503596e+01
 7.30000000e+01 4.00000000e+00 4.83068803e+01
 7.40000000e+01 4.00000000e+00 4.83658556e+01
 7.50000000e+01 4.00000000e+00 4.84273123e+01
 7.60000000e+01 4.00000000e+00 4.84912774e+01
 7.70000000e+01 4.00000000e+00 4.85577779e+01
 7.80000000e+01 4.00000000e+00 4.86268409e+01
 7.90000000e+01 4.00000000e+00 4.86984932e+01
 8.00000000e+01 4.00000000e+00 4.87727618e+01
 8.10000000e+01 4.00000000e+00 4.88496738e+01
 8.20000000e+01 4.00000000e+00 4.89292562e+01
 8.30000000e+01 4.00000000e+00 4.90115358e+01
 8.40000000e+01 4.00000000e+00 4.90965396e+01
 8.50000000e+01 4.00000000e+00 4.91842948e+01
 8.60000000e+01 4.00000000e+00 4.92748281e+01
 8.70000000e+01 4.00000000e+00 4.93681667e+01
 8.80000000e+01 4.00000000e+00 4.94643375e+01
 8.90000000e+01 4.00000000e+00 4.95633674e+01
 9.00000000e+01 4.00000000e+00 4.96652835e+01
 9.10000000e+01 4.00000000e+00 4.97701127e+01
 9.20000000e+01 4.00000000e+00 4.98778820e+01
 9.30000000e+01 4.00000000e+00 4.99886184e+01
 9.40000000e+01 4.00000000e+00 5.01023488e+01
 9.50000000e+01 4.00000000e+00 5.02191003e+01
 9.60000000e+01 4.00000000e+00 5.03388998e+01
 9.70000000e+01 4.00000000e+00 5.04617744e+01
 9.80000000e+01 4.00000000e+00 5.05877509e+01
 9.90000000e+01 4.00000000e+00 5.07168563e+01
 1.00000000e+02 4.00000000e+00 5.08491177e+01
 1.01000000e+02 4.00000000e+00 5.07905250e+01
 1.02000000e+02 4.00000000e+00 5.09290985e+01
 1.03000000e+02 4.00000000e+00 5.10705379e+01
 1.04000000e+02 4.00000000e+00 5.12145453e+01
 1.05000000e+02 4.00000000e+00 5.13608231e+01
 1.06000000e+02 4.00000000e+00 5.15090736e+01
 1.07000000e+02 4.00000000e+00 5.16589990e+01
 1.08000000e+02 4.00000000e+00 5.18103016e+01
 1.09000000e+02 4.00000000e+00 5.19626837e+01
 1.10000000e+02 4.00000000e+00 5.21158476e+01
 1.11000000e+02 4.00000000e+00 5.22694956e+01
 1.12000000e+02 4.00000000e+00 5.24233300e+01
 1.13000000e+02 4.00000000e+00 5.25770530e+01
 1.14000000e+02 4.00000000e+00 5.27303670e+01
 1.15000000e+02 4.00000000e+00 5.28829741e+01
 1.16000000e+02 4.00000000e+00 5.30345768e+01
 1.17000000e+02 4.00000000e+00 5.31848773e+01
 1.18000000e+02 4.00000000e+00 5.33335778e+01
 1.19000000e+02 4.00000000e+00 5.34803807e+01
 1.20000000e+02 4.00000000e+00 5.36249882e+01
 1.21000000e+02 4.00000000e+00 5.37671027e+01
 1.22000000e+02 4.00000000e+00 5.39064264e+01
 1.23000000e+02 4.00000000e+00 5.40426616e+01
 1.24000000e+02 4.00000000e+00 5.41755105e+01
 1.25000000e+02 4.00000000e+00 5.43046755e+01
 1.26000000e+02 4.00000000e+00 5.44298589e+01
 1.27000000e+02 4.00000000e+00 5.45507630e+01
 1.28000000e+02 4.00000000e+00 5.46670899e+01
 1.29000000e+02 4.00000000e+00 5.47785421e+01
 1.30000000e+02 4.00000000e+00 5.48848217e+01
 1.31000000e+02 4.00000000e+00 5.49856312e+01
 1.32000000e+02 4.00000000e+00 5.50806726e+01
 1.33000000e+02 4.00000000e+00 5.51696485e+01
 1.34000000e+02 4.00000000e+00 5.52522610e+01
 1.35000000e+02 4.00000000e+00 5.53282124e+01
 1.36000000e+02 4.00000000e+00 5.53972050e+01
 1.37000000e+02 4.00000000e+00 5.54589411e+01
 1.38000000e+02 4.00000000e+00 5.55131229e+01
 1.39000000e+02 4.00000000e+00 5.55594529e+01
 1.40000000e+02 4.00000000e+00 5.55976331e+01
 1.41000000e+02 4.00000000e+00 5.56273660e+01
 1.42000000e+02 4.00000000e+00 5.56483539e+01
 1.43000000e+02 4.00000000e+00 5.56602989e+01
 1.44000000e+02 4.00000000e+00 5.56629034e+01
 1.45000000e+02 4.00000000e+00 5.56558696e+01
 1.46000000e+02 4.00000000e+00 5.56389000e+01
 1.47000000e+02 4.00000000e+00 5.56116966e+01
 1.48000000e+02 4.00000000e+00 5.55739619e+01
 1.49000000e+02 4.00000000e+00 5.55253981e+01
 1.50000000e+02 4.00000000e+00 5.54657075e+01
 1.51000000e+02 4.00000000e+00 5.53233524e+01
 1.52000000e+02 4.00000000e+00 5.52407376e+01
 1.53000000e+02 4.00000000e+00 5.51470139e+01
 1.54000000e+02 4.00000000e+00 5.50426339e+01
 1.55000000e+02 4.00000000e+00 5.49280501e+01
 1.56000000e+02 4.00000000e+00 5.48037151e+01
 1.57000000e+02 4.00000000e+00 5.46700816e+01
 1.58000000e+02 4.00000000e+00 5.45276020e+01
 1.59000000e+02 4.00000000e+00 5.43767289e+01
 1.60000000e+02 4.00000000e+00 5.42179149e+01
 1.61000000e+02 4.00000000e+00 5.40516126e+01
 1.62000000e+02 4.00000000e+00 5.38782745e+01
 1.63000000e+02 4.00000000e+00 5.36983533e+01
 1.64000000e+02 4.00000000e+00 5.35123014e+01
 1.65000000e+02 4.00000000e+00 5.33205714e+01
 1.66000000e+02 4.00000000e+00 5.31236160e+01
 1.67000000e+02 4.00000000e+00 5.29218877e+01
 1.68000000e+02 4.00000000e+00 5.27158390e+01
 1.69000000e+02 4.00000000e+00 5.25059225e+01
 1.70000000e+02 4.00000000e+00 5.22925909e+01
 1.71000000e+02 4.00000000e+00 5.20762966e+01
 1.72000000e+02 4.00000000e+00 5.18574922e+01
 1.73000000e+02 4.00000000e+00 5.16366304e+01
 1.74000000e+02 4.00000000e+00 5.14141636e+01
 1.75000000e+02 4.00000000e+00 5.11905444e+01
 1.76000000e+02 4.00000000e+00 5.09662255e+01
 1.77000000e+02 4.00000000e+00 5.07416594e+01
 1.78000000e+02 4.00000000e+00 5.05172986e+01
 1.79000000e+02 4.00000000e+00 5.02935957e+01
 1.80000000e+02 4.00000000e+00 5.00710034e+01
 1.81000000e+02 4.00000000e+00 4.98499741e+01
 1.82000000e+02 4.00000000e+00 4.96309604e+01
 1.83000000e+02 4.00000000e+00 4.94144149e+01
 1.84000000e+02 4.00000000e+00 4.92007902e+01
 1.85000000e+02 4.00000000e+00 4.89905389e+01
 1.86000000e+02 4.00000000e+00 4.87841134e+01
 1.87000000e+02 4.00000000e+00 4.85819665e+01
 1.88000000e+02 4.00000000e+00 4.83845506e+01
 1.89000000e+02 4.00000000e+00 4.81923183e+01
 1.90000000e+02 4.00000000e+00 4.80057222e+01
 1.91000000e+02 4.00000000e+00 4.78252149e+01
 1.92000000e+02 4.00000000e+00 4.76512489e+01
 1.93000000e+02 4.00000000e+00 4.74842768e+01
 1.94000000e+02 4.00000000e+00 4.73247511e+01
 1.95000000e+02 4.00000000e+00 4.71731245e+01
 1.96000000e+02 4.00000000e+00 4.70298495e+01
 1.97000000e+02 4.00000000e+00 4.68953787e+01
 1.98000000e+02 4.00000000e+00 4.67701647e+01
 1.99000000e+02 4.00000000e+00 4.66546600e+01
 2.00000000e+02 4.00000000e+00 4.65493171e+01
 2.01000000e+02 4.00000000e+00 4.59853116e+01
 2.02000000e+02 4.00000000e+00 4.59013993e+01
 2.03000000e+02 4.00000000e+00 4.58281499e+01
 2.04000000e+02 4.00000000e+00 4.57653494e+01
 2.05000000e+02 4.00000000e+00 4.57127839e+01
 2.06000000e+02 4.00000000e+00 4.56702398e+01
 2.07000000e+02 4.00000000e+00 4.56375030e+01
 2.08000000e+02 4.00000000e+00 4.56143599e+01
 2.09000000e+02 4.00000000e+00 4.56005964e+01
 2.10000000e+02 4.00000000e+00 4.55959989e+01
 2.11000000e+02 4.00000000e+00 4.56003534e+01
 2.12000000e+02 4.00000000e+00 4.56134461e+01
 2.13000000e+02 4.00000000e+00 4.56350632e+01
 2.14000000e+02 4.00000000e+00 4.56649908e+01
 2.15000000e+02 4.00000000e+00 4.57030151e+01
 2.16000000e+02 4.00000000e+00 4.57489223e+01
 2.17000000e+02 4.00000000e+00 4.58024984e+01
 2.18000000e+02 4.00000000e+00 4.58635297e+01
 2.19000000e+02 4.00000000e+00 4.59318023e+01
 2.20000000e+02 4.00000000e+00 4.60071024e+01
 2.21000000e+02 4.00000000e+00 4.60892162e+01
 2.22000000e+02 4.00000000e+00 4.61779297e+01
 2.23000000e+02 4.00000000e+00 4.62730292e+01
 2.24000000e+02 4.00000000e+00 4.63743007e+01
 2.25000000e+02 4.00000000e+00 4.64815306e+01
 2.26000000e+02 4.00000000e+00 4.65945049e+01
 2.27000000e+02 4.00000000e+00 4.67130097e+01
 2.28000000e+02 4.00000000e+00 4.68368313e+01
 2.29000000e+02 4.00000000e+00 4.69657558e+01
 2.30000000e+02 4.00000000e+00 4.70995694e+01
 2.31000000e+02 4.00000000e+00 4.72380582e+01
 2.32000000e+02 4.00000000e+00 4.73810083e+01
 2.33000000e+02 4.00000000e+00 4.75282060e+01
 2.34000000e+02 4.00000000e+00 4.76794374e+01
 2.35000000e+02 4.00000000e+00 4.78344886e+01
 2.36000000e+02 4.00000000e+00 4.79931459e+01
 2.37000000e+02 4.00000000e+00 4.81551953e+01
 2.38000000e+02 4.00000000e+00 4.83204230e+01
 2.39000000e+02 4.00000000e+00 4.84886153e+01
 2.40000000e+02 4.00000000e+00 4.86595581e+01
 2.41000000e+02 4.00000000e+00 4.88330378e+01
 2.42000000e+02 4.00000000e+00 4.90088404e+01
 2.43000000e+02 4.00000000e+00 4.91867522e+01
 2.44000000e+02 4.00000000e+00 4.93665592e+01
 2.45000000e+02 4.00000000e+00 4.95480477e+01
 2.46000000e+02 4.00000000e+00 4.97310037e+01
 2.47000000e+02 4.00000000e+00 4.99152135e+01
 2.48000000e+02 4.00000000e+00 5.01004633e+01
 2.49000000e+02 4.00000000e+00 5.02865391e+01
 2.50000000e+02 4.00000000e+00 5.04732271e+01
 2.51000000e+02 4.00000000e+00 5.10524572e+01
 2.52000000e+02 4.00000000e+00 5.12397493e+01
 2.53000000e+02 4.00000000e+00 5.14271528e+01
 2.54000000e+02 4.00000000e+00 5.16145575e+01
 2.55000000e+02 4.00000000e+00 5.18018531e+01
 2.56000000e+02 4.00000000e+00 5.19889294e+01
 2.57000000e+02 4.00000000e+00 5.21756763e+01
 2.58000000e+02 4.00000000e+00 5.23619834e+01
 2.59000000e+02 4.00000000e+00 5.25477407e+01
 2.60000000e+02 4.00000000e+00 5.27328379e+01
 2.61000000e+02 4.00000000e+00 5.29171648e+01
 2.62000000e+02 4.00000000e+00 5.31006113e+01
 2.63000000e+02 4.00000000e+00 5.32830670e+01
 2.64000000e+02 4.00000000e+00 5.34644218e+01
 2.65000000e+02 4.00000000e+00 5.36445654e+01
 2.66000000e+02 4.00000000e+00 5.38233878e+01
 2.67000000e+02 4.00000000e+00 5.40007786e+01
 2.68000000e+02 4.00000000e+00 5.41766277e+01
 2.69000000e+02 4.00000000e+00 5.43508249e+01
 2.70000000e+02 4.00000000e+00 5.45232599e+01
 2.71000000e+02 4.00000000e+00 5.46938226e+01
 2.72000000e+02 4.00000000e+00 5.48624027e+01
 2.73000000e+02 4.00000000e+00 5.50288901e+01
 2.74000000e+02 4.00000000e+00 5.51931745e+01
 2.75000000e+02 4.00000000e+00 5.53551457e+01
 2.76000000e+02 4.00000000e+00 5.55146935e+01
 2.77000000e+02 4.00000000e+00 5.56717078e+01
 2.78000000e+02 4.00000000e+00 5.58260783e+01
 2.79000000e+02 4.00000000e+00 5.59776947e+01
 2.80000000e+02 4.00000000e+00 5.61264470e+01
 2.81000000e+02 4.00000000e+00 5.62722249e+01
 2.82000000e+02 4.00000000e+00 5.64149181e+01
 2.83000000e+02 4.00000000e+00 5.65544166e+01
 2.84000000e+02 4.00000000e+00 5.66906100e+01
 2.85000000e+02 4.00000000e+00 5.68233882e+01
 2.86000000e+02 4.00000000e+00 5.69526410e+01
 2.87000000e+02 4.00000000e+00 5.70782581e+01
 2.88000000e+02 4.00000000e+00 5.72001294e+01
 2.89000000e+02 4.00000000e+00 5.73181446e+01
 2.90000000e+02 4.00000000e+00 5.74321936e+01
 2.91000000e+02 4.00000000e+00 5.75421661e+01
 2.92000000e+02 4.00000000e+00 5.76479520e+01
 2.93000000e+02 4.00000000e+00 5.77494410e+01
 2.94000000e+02 4.00000000e+00 5.78465229e+01
 2.95000000e+02 4.00000000e+00 5.79390875e+01
 2.96000000e+02 4.00000000e+00 5.80270247e+01
 2.97000000e+02 4.00000000e+00 5.81102241e+01
 2.98000000e+02 4.00000000e+00 5.81885757e+01
 2.99000000e+02 4.00000000e+00 5.82619691e+01
 3.00000000e+02 4.00000000e+00 5.83302942e+01
 3.01000000e+02 4.00000000e+00 5.87219900e+01
 3.02000000e+02 4.00000000e+00 5.87800051e+01
 3.03000000e+02 4.00000000e+00 5.88330742e+01
 3.04000000e+02 4.00000000e+00 5.88814041e+01
 3.05000000e+02 4.00000000e+00 5.89252016e+01
 3.06000000e+02 4.00000000e+00 5.89646735e+01
 3.07000000e+02 4.00000000e+00 5.90000267e+01
 3.08000000e+02 4.00000000e+00 5.90314679e+01
 3.09000000e+02 4.00000000e+00 5.90592040e+01
 3.10000000e+02 4.00000000e+00 5.90834419e+01
 3.11000000e+02 4.00000000e+00 5.91043882e+01
 3.12000000e+02 4.00000000e+00 5.91222499e+01
 3.13000000e+02 4.00000000e+00 5.91372338e+01
 3.14000000e+02 4.00000000e+00 5.91495466e+01
 3.15000000e+02 4.00000000e+00 5.91593953e+01
 3.16000000e+02 4.00000000e+00 5.91669865e+01
 3.17000000e+02 4.00000000e+00 5.91725273e+01
 3.18000000e+02 4.00000000e+00 5.91762242e+01
 3.19000000e+02 4.00000000e+00 5.91782843e+01
 3.20000000e+02 4.00000000e+00 5.91789143e+01
 3.21000000e+02 4.00000000e+00 5.91783210e+01
 3.22000000e+02 4.00000000e+00 5.91767112e+01
 3.23000000e+02 4.00000000e+00 5.91742918e+01
 3.24000000e+02 4.00000000e+00 5.91712696e+01
 3.25000000e+02 4.00000000e+00 5.91678514e+01
 3.26000000e+02 4.00000000e+00 5.91642440e+01
 3.27000000e+02 4.00000000e+00 5.91606543e+01
 3.28000000e+02 4.00000000e+00 5.91572890e+01
 3.29000000e+02 4.00000000e+00 5.91543550e+01
 3.30000000e+02 4.00000000e+00 5.91520592e+01
 3.31000000e+02 4.00000000e+00 5.91506082e+01
 3.32000000e+02 4.00000000e+00 5.91502090e+01
 3.33000000e+02 4.00000000e+00 5.91510683e+01
 3.34000000e+02 4.00000000e+00 5.91533930e+01
 3.35000000e+02 4.00000000e+00 5.91573900e+01
 3.36000000e+02 4.00000000e+00 5.91632659e+01
 3.37000000e+02 4.00000000e+00 5.91712277e+01
 3.38000000e+02 4.00000000e+00 5.91814822e+01
 3.39000000e+02 4.00000000e+00 5.91942361e+01
 3.40000000e+02 4.00000000e+00 5.92096963e+01
 3.41000000e+02 4.00000000e+00 5.92280697e+01
 3.42000000e+02 4.00000000e+00 5.92495630e+01
 3.43000000e+02 4.00000000e+00 5.92743831e+01
 3.44000000e+02 4.00000000e+00 5.93027367e+01
 3.45000000e+02 4.00000000e+00 5.93348307e+01
 3.46000000e+02 4.00000000e+00 5.93708720e+01
 3.47000000e+02 4.00000000e+00 5.94110673e+01
 3.48000000e+02 4.00000000e+00 5.94556235e+01
 3.49000000e+02 4.00000000e+00 5.95047473e+01
 3.50000000e+02 4.00000000e+00 5.95586457e+01
 3.51000000e+02 4.00000000e+00 5.87444382e+01
 3.52000000e+02 4.00000000e+00 5.88083044e+01
 3.53000000e+02 4.00000000e+00 5.88770078e+01
 3.54000000e+02 4.00000000e+00 5.89503833e+01
 3.55000000e+02 4.00000000e+00 5.90282658e+01
 3.56000000e+02 4.00000000e+00 5.91104903e+01
 3.57000000e+02 4.00000000e+00 5.91968918e+01
 3.58000000e+02 4.00000000e+00 5.92873052e+01
 3.59000000e+02 4.00000000e+00 5.93815654e+01
 3.60000000e+02 4.00000000e+00 5.94795075e+01
 3.61000000e+02 4.00000000e+00 5.95809662e+01
 3.62000000e+02 4.00000000e+00 5.96857767e+01
 3.63000000e+02 4.00000000e+00 5.97937739e+01
 3.64000000e+02 4.00000000e+00 5.99047926e+01
 3.65000000e+02 4.00000000e+00 6.00186679e+01
 3.66000000e+02 4.00000000e+00 6.01352347e+01
 3.67000000e+02 4.00000000e+00 6.02543279e+01
 3.68000000e+02 4.00000000e+00 6.03757825e+01
 3.69000000e+02 4.00000000e+00 6.04994334e+01
 3.70000000e+02 4.00000000e+00 6.06251157e+01
 3.71000000e+02 4.00000000e+00 6.07526642e+01
 3.72000000e+02 4.00000000e+00 6.08819139e+01
 3.73000000e+02 4.00000000e+00 6.10126997e+01
 3.74000000e+02 4.00000000e+00 6.11448566e+01
 3.75000000e+02 4.00000000e+00 6.12782196e+01
 3.76000000e+02 4.00000000e+00 6.14126235e+01
 3.77000000e+02 4.00000000e+00 6.15479034e+01
 3.78000000e+02 4.00000000e+00 6.16838942e+01
 3.79000000e+02 4.00000000e+00 6.18204308e+01
 3.80000000e+02 4.00000000e+00 6.19573482e+01
 3.81000000e+02 4.00000000e+00 6.20944813e+01
 3.82000000e+02 4.00000000e+00 6.22316651e+01
 3.83000000e+02 4.00000000e+00 6.23687346e+01
 3.84000000e+02 4.00000000e+00 6.25055246e+01
 3.85000000e+02 4.00000000e+00 6.26418701e+01
 3.86000000e+02 4.00000000e+00 6.27776062e+01
 3.87000000e+02 4.00000000e+00 6.29125677e+01
 3.88000000e+02 4.00000000e+00 6.30465895e+01
 3.89000000e+02 4.00000000e+00 6.31795067e+01
 3.90000000e+02 4.00000000e+00 6.33111542e+01
 3.91000000e+02 4.00000000e+00 6.34413668e+01
 3.92000000e+02 4.00000000e+00 6.35699797e+01
 3.93000000e+02 4.00000000e+00 6.36968277e+01
 3.94000000e+02 4.00000000e+00 6.38217458e+01
 3.95000000e+02 4.00000000e+00 6.39445689e+01
 3.96000000e+02 4.00000000e+00 6.40651319e+01
 3.97000000e+02 4.00000000e+00 6.41832699e+01
 3.98000000e+02 4.00000000e+00 6.42988178e+01
 3.99000000e+02 4.00000000e+00 6.44116104e+01
 4.00000000e+02 4.00000000e+00 6.45214829e+01
 4.01000000e+02 4.00000000e+00 6.47936079e+01
 4.02000000e+02 4.00000000e+00 6.48973437e+01
 4.03000000e+02 4.00000000e+00 6.49981696e+01
 4.04000000e+02 4.00000000e+00 6.50962420e+01
 4.05000000e+02 4.00000000e+00 6.51917175e+01
 4.06000000e+02 4.00000000e+00 6.52847527e+01
 4.07000000e+02 4.00000000e+00 6.53755042e+01
 4.08000000e+02 4.00000000e+00 6.54641285e+01
 4.09000000e+02 4.00000000e+00 6.55507822e+01
 4.10000000e+02 4.00000000e+00 6.56356218e+01
 4.11000000e+02 4.00000000e+00 6.57188039e+01
 4.12000000e+02 4.00000000e+00 6.58004851e+01
 4.13000000e+02 4.00000000e+00 6.58808219e+01
 4.14000000e+02 4.00000000e+00 6.59599709e+01
 4.15000000e+02 4.00000000e+00 6.60380887e+01
 4.16000000e+02 4.00000000e+00 6.61153317e+01
 4.17000000e+02 4.00000000e+00 6.61918566e+01
 4.18000000e+02 4.00000000e+00 6.62678200e+01
 4.19000000e+02 4.00000000e+00 6.63433783e+01
 4.20000000e+02 4.00000000e+00 6.64186882e+01
 4.21000000e+02 4.00000000e+00 6.64939062e+01
 4.22000000e+02 4.00000000e+00 6.65691889e+01
 4.23000000e+02 4.00000000e+00 6.66446929e+01
 4.24000000e+02 4.00000000e+00 6.67205746e+01
 4.25000000e+02 4.00000000e+00 6.67969907e+01
 4.26000000e+02 4.00000000e+00 6.68740977e+01
 4.27000000e+02 4.00000000e+00 6.69520522e+01
 4.28000000e+02 4.00000000e+00 6.70310108e+01
 4.29000000e+02 4.00000000e+00 6.71111299e+01
 4.30000000e+02 4.00000000e+00 6.71925663e+01
 4.31000000e+02 4.00000000e+00 6.72754763e+01
 4.32000000e+02 4.00000000e+00 6.73600167e+01
 4.33000000e+02 4.00000000e+00 6.74463439e+01
 4.34000000e+02 4.00000000e+00 6.75346145e+01
 4.35000000e+02 4.00000000e+00 6.76249851e+01
 4.36000000e+02 4.00000000e+00 6.77176123e+01
 4.37000000e+02 4.00000000e+00 6.78126525e+01
 4.38000000e+02 4.00000000e+00 6.79102624e+01
 4.39000000e+02 4.00000000e+00 6.80105986e+01
 4.40000000e+02 4.00000000e+00 6.81138175e+01
 4.41000000e+02 4.00000000e+00 6.82200758e+01
 4.42000000e+02 4.00000000e+00 6.83295299e+01
 4.43000000e+02 4.00000000e+00 6.84423366e+01
 4.44000000e+02 4.00000000e+00 6.85586522e+01
 4.45000000e+02 4.00000000e+00 6.86786335e+01
 4.46000000e+02 4.00000000e+00 6.88024369e+01
 4.47000000e+02 4.00000000e+00 6.89302191e+01
 4.48000000e+02 4.00000000e+00 6.90621365e+01
 4.49000000e+02 4.00000000e+00 6.91983457e+01
 4.50000000e+02 4.00000000e+00 6.93390034e+01
 4.51000000e+02 4.00000000e+00 6.84181630e+01
 4.52000000e+02 4.00000000e+00 6.85680031e+01
 4.53000000e+02 4.00000000e+00 6.87223309e+01
 4.54000000e+02 4.00000000e+00 6.88810410e+01
 4.55000000e+02 4.00000000e+00 6.90440282e+01
 4.56000000e+02 4.00000000e+00 6.92111869e+01
 4.57000000e+02 4.00000000e+00 6.93824119e+01
 4.58000000e+02 4.00000000e+00 6.95575977e+01
 4.59000000e+02 4.00000000e+00 6.97366390e+01
 4.60000000e+02 4.00000000e+00 6.99194304e+01
 4.61000000e+02 4.00000000e+00 7.01058664e+01
 4.62000000e+02 4.00000000e+00 7.02958418e+01
 4.63000000e+02 4.00000000e+00 7.04892511e+01
 4.64000000e+02 4.00000000e+00 7.06859889e+01
 4.65000000e+02 4.00000000e+00 7.08859499e+01
 4.66000000e+02 4.00000000e+00 7.10890288e+01
 4.67000000e+02 4.00000000e+00 7.12951200e+01
 4.68000000e+02 4.00000000e+00 7.15041182e+01
 4.69000000e+02 4.00000000e+00 7.17159181e+01
 4.70000000e+02 4.00000000e+00 7.19304142e+01
 4.71000000e+02 4.00000000e+00 7.21475012e+01
 4.72000000e+02 4.00000000e+00 7.23670737e+01
 4.73000000e+02 4.00000000e+00 7.25890263e+01
 4.74000000e+02 4.00000000e+00 7.28132537e+01
 4.75000000e+02 4.00000000e+00 7.30396504e+01
 4.76000000e+02 4.00000000e+00 7.32681110e+01
 4.77000000e+02 4.00000000e+00 7.34985303e+01
 4.78000000e+02 4.00000000e+00 7.37308028e+01
 4.79000000e+02 4.00000000e+00 7.39648230e+01
 4.80000000e+02 4.00000000e+00 7.42004858e+01
 4.81000000e+02 4.00000000e+00 7.44376856e+01
 4.82000000e+02 4.00000000e+00 7.46763170e+01
 4.83000000e+02 4.00000000e+00 7.49162748e+01
 4.84000000e+02 4.00000000e+00 7.51574535e+01
 4.85000000e+02 4.00000000e+00 7.53997477e+01
 4.86000000e+02 4.00000000e+00 7.56430520e+01
 4.87000000e+02 4.00000000e+00 7.58872611e+01
 4.88000000e+02 4.00000000e+00 7.61322696e+01
 4.89000000e+02 4.00000000e+00 7.63779722e+01
 4.90000000e+02 4.00000000e+00 7.66242633e+01
 4.91000000e+02 4.00000000e+00 7.68710377e+01
 4.92000000e+02 4.00000000e+00 7.71181899e+01
 4.93000000e+02 4.00000000e+00 7.73656146e+01
 4.94000000e+02 4.00000000e+00 7.76132064e+01
 4.95000000e+02 4.00000000e+00 7.78608600e+01
 4.96000000e+02 4.00000000e+00 7.81084698e+01
 4.97000000e+02 4.00000000e+00 7.83559306e+01
 4.98000000e+02 4.00000000e+00 7.86031370e+01
 4.99000000e+02 4.00000000e+00 7.88499836e+01
 5.00000000e+02 4.00000000e+00 7.90963649e+01
 5.01000000e+02 4.00000000e+00 8.01722231e+01
 5.02000000e+02 4.00000000e+00 8.04173207e+01
 5.03000000e+02 4.00000000e+00 8.06615704e+01
 5.04000000e+02 4.00000000e+00 8.09048278e+01
 5.05000000e+02 4.00000000e+00 8.11469489e+01
 5.06000000e+02 4.00000000e+00 8.13877893e+01
 5.07000000e+02 4.00000000e+00 8.16272048e+01
 5.08000000e+02 4.00000000e+00 8.18650511e+01
 5.09000000e+02 4.00000000e+00 8.21011841e+01
 5.10000000e+02 4.00000000e+00 8.23354595e+01
 5.11000000e+02 4.00000000e+00 8.25677331e+01
 5.12000000e+02 4.00000000e+00 8.27978606e+01
 5.13000000e+02 4.00000000e+00 8.30256977e+01
 5.14000000e+02 4.00000000e+00 8.32511003e+01
 5.15000000e+02 4.00000000e+00 8.34739242e+01
 5.16000000e+02 4.00000000e+00 8.36940250e+01
 5.17000000e+02 4.00000000e+00 8.39112585e+01
 5.18000000e+02 4.00000000e+00 8.41254806e+01
 5.19000000e+02 4.00000000e+00 8.43365469e+01
 5.20000000e+02 4.00000000e+00 8.45443133e+01
 5.21000000e+02 4.00000000e+00 8.47486354e+01
 5.22000000e+02 4.00000000e+00 8.49493691e+01
 5.23000000e+02 4.00000000e+00 8.51463702e+01
 5.24000000e+02 4.00000000e+00 8.53394943e+01
 5.25000000e+02 4.00000000e+00 8.55285973e+01
 5.26000000e+02 4.00000000e+00 8.57135349e+01
 5.27000000e+02 4.00000000e+00 8.58941628e+01
 5.28000000e+02 4.00000000e+00 8.60703370e+01
 5.29000000e+02 4.00000000e+00 8.62419130e+01
 5.30000000e+02 4.00000000e+00 8.64087467e+01
 5.31000000e+02 4.00000000e+00 8.65706938e+01
 5.32000000e+02 4.00000000e+00 8.67276101e+01
 5.33000000e+02 4.00000000e+00 8.68793514e+01
 5.34000000e+02 4.00000000e+00 8.70257734e+01
 5.35000000e+02 4.00000000e+00 8.71667318e+01
 5.36000000e+02 4.00000000e+00 8.73020826e+01
 5.37000000e+02 4.00000000e+00 8.74316813e+01
 5.38000000e+02 4.00000000e+00 8.75553838e+01
 5.39000000e+02 4.00000000e+00 8.76730459e+01
 5.40000000e+02 4.00000000e+00 8.77845233e+01
 5.41000000e+02 4.00000000e+00 8.78896717e+01
 5.42000000e+02 4.00000000e+00 8.79883470e+01
 5.43000000e+02 4.00000000e+00 8.80804049e+01
 5.44000000e+02 4.00000000e+00 8.81657011e+01
 5.45000000e+02 4.00000000e+00 8.82440914e+01
 5.46000000e+02 4.00000000e+00 8.83154317e+01
 5.47000000e+02 4.00000000e+00 8.83795776e+01
 5.48000000e+02 4.00000000e+00 8.84363849e+01
 5.49000000e+02 4.00000000e+00 8.84857094e+01
 5.50000000e+02 4.00000000e+00 8.85274068e+01
 5.51000000e+02 4.00000000e+00 8.79831967e+01
 5.52000000e+02 4.00000000e+00 8.80095962e+01
 5.53000000e+02 4.00000000e+00 8.80287203e+01
 5.54000000e+02 4.00000000e+00 8.80408638e+01
 5.55000000e+02 4.00000000e+00 8.80463219e+01
 5.56000000e+02 4.00000000e+00 8.80453895e+01
 5.57000000e+02 4.00000000e+00 8.80383615e+01
 5.58000000e+02 4.00000000e+00 8.80255330e+01
 5.59000000e+02 4.00000000e+00 8.80071989e+01
 5.60000000e+02 4.00000000e+00 8.79836543e+01
 5.61000000e+02 4.00000000e+00 8.79551940e+01
 5.62000000e+02 4.00000000e+00 8.79221131e+01
 5.63000000e+02 4.00000000e+00 8.78847065e+01
 5.64000000e+02 4.00000000e+00 8.78432693e+01
 5.65000000e+02 4.00000000e+00 8.77980963e+01
 5.66000000e+02 4.00000000e+00 8.77494827e+01
 5.67000000e+02 4.00000000e+00 8.76977233e+01
 5.68000000e+02 4.00000000e+00 8.76431132e+01
 5.69000000e+02 4.00000000e+00 8.75859473e+01
 5.70000000e+02 4.00000000e+00 8.75265206e+01
 5.71000000e+02 4.00000000e+00 8.74651281e+01
 5.72000000e+02 4.00000000e+00 8.74020648e+01
 5.73000000e+02 4.00000000e+00 8.73376256e+01
 5.74000000e+02 4.00000000e+00 8.72721056e+01
 5.75000000e+02 4.00000000e+00 8.72057996e+01
 5.76000000e+02 4.00000000e+00 8.71390028e+01
 5.77000000e+02 4.00000000e+00 8.70720100e+01
 5.78000000e+02 4.00000000e+00 8.70051163e+01
 5.79000000e+02 4.00000000e+00 8.69386166e+01
 5.80000000e+02 4.00000000e+00 8.68728059e+01
 5.81000000e+02 4.00000000e+00 8.68079792e+01
 5.82000000e+02 4.00000000e+00 8.67444315e+01
 5.83000000e+02 4.00000000e+00 8.66824577e+01
 5.84000000e+02 4.00000000e+00 8.66223528e+01
 5.85000000e+02 4.00000000e+00 8.65644119e+01
 5.86000000e+02 4.00000000e+00 8.65089298e+01
 5.87000000e+02 4.00000000e+00 8.64562017e+01
 5.88000000e+02 4.00000000e+00 8.64065223e+01
 5.89000000e+02 4.00000000e+00 8.63601868e+01
 5.90000000e+02 4.00000000e+00 8.63174902e+01
 5.91000000e+02 4.00000000e+00 8.62787273e+01
 5.92000000e+02 4.00000000e+00 8.62441931e+01
 5.93000000e+02 4.00000000e+00 8.62141828e+01
 5.94000000e+02 4.00000000e+00 8.61889911e+01
 5.95000000e+02 4.00000000e+00 8.61689132e+01
 5.96000000e+02 4.00000000e+00 8.61542440e+01
 5.97000000e+02 4.00000000e+00 8.61452784e+01
 5.98000000e+02 4.00000000e+00 8.61423115e+01
 5.99000000e+02 4.00000000e+00 8.61456382e+01
 6.00000000e+02 4.00000000e+00 8.61555535e+01
 6.01000000e+02 4.00000000e+00 8.57655056e+01
 6.02000000e+02 4.00000000e+00 8.57890914e+01
 6.03000000e+02 4.00000000e+00 8.58193982e+01
 6.04000000e+02 4.00000000e+00 8.58563159e+01
 6.05000000e+02 4.00000000e+00 8.58997343e+01
 6.06000000e+02 4.00000000e+00 8.59495431e+01
 6.07000000e+02 4.00000000e+00 8.60056322e+01
 6.08000000e+02 4.00000000e+00 8.60678913e+01
 6.09000000e+02 4.00000000e+00 8.61362103e+01
 6.10000000e+02 4.00000000e+00 8.62104790e+01
 6.11000000e+02 4.00000000e+00 8.62905872e+01
 6.12000000e+02 4.00000000e+00 8.63764246e+01
 6.13000000e+02 4.00000000e+00 8.64678810e+01
 6.14000000e+02 4.00000000e+00 8.65648463e+01
 6.15000000e+02 4.00000000e+00 8.66672103e+01
 6.16000000e+02 4.00000000e+00 8.67748627e+01
 6.17000000e+02 4.00000000e+00 8.68876933e+01
 6.18000000e+02 4.00000000e+00 8.70055921e+01
 6.19000000e+02 4.00000000e+00 8.71284486e+01
 6.20000000e+02 4.00000000e+00 8.72561528e+01
 6.21000000e+02 4.00000000e+00 8.73885944e+01
 6.22000000e+02 4.00000000e+00 8.75256633e+01
 6.23000000e+02 4.00000000e+00 8.76672492e+01
 6.24000000e+02 4.00000000e+00 8.78132420e+01
 6.25000000e+02 4.00000000e+00 8.79635314e+01
 6.26000000e+02 4.00000000e+00 8.81180072e+01
 6.27000000e+02 4.00000000e+00 8.82765593e+01
 6.28000000e+02 4.00000000e+00 8.84390774e+01
 6.29000000e+02 4.00000000e+00 8.86054513e+01
 6.30000000e+02 4.00000000e+00 8.87755708e+01
 6.31000000e+02 4.00000000e+00 8.89493258e+01
 6.32000000e+02 4.00000000e+00 8.91266060e+01
 6.33000000e+02 4.00000000e+00 8.93073012e+01
 6.34000000e+02 4.00000000e+00 8.94913013e+01
 6.35000000e+02 4.00000000e+00 8.96784960e+01
 6.36000000e+02 4.00000000e+00 8.98687751e+01
 6.37000000e+02 4.00000000e+00 9.00620284e+01
 6.38000000e+02 4.00000000e+00 9.02581457e+01
 6.39000000e+02 4.00000000e+00 9.04570168e+01
 6.40000000e+02 4.00000000e+00 9.06585316e+01
 6.41000000e+02 4.00000000e+00 9.08625797e+01
 6.42000000e+02 4.00000000e+00 9.10690511e+01
 6.43000000e+02 4.00000000e+00 9.12778354e+01
 6.44000000e+02 4.00000000e+00 9.14888226e+01
 6.45000000e+02 4.00000000e+00 9.17019024e+01
 6.46000000e+02 4.00000000e+00 9.19169646e+01
 6.47000000e+02 4.00000000e+00 9.21338990e+01
 6.48000000e+02 4.00000000e+00 9.23525954e+01
 6.49000000e+02 4.00000000e+00 9.25729435e+01
 6.50000000e+02 4.00000000e+00 9.27948333e+01
 6.51000000e+02 4.00000000e+00 9.30361385e+01
 6.52000000e+02 4.00000000e+00 9.32605005e+01
 6.53000000e+02 4.00000000e+00 9.34855702e+01
 6.54000000e+02 4.00000000e+00 9.37109764e+01
 6.55000000e+02 4.00000000e+00 9.39363479e+01
 6.56000000e+02 4.00000000e+00 9.41613135e+01
 6.57000000e+02 4.00000000e+00 9.43855021e+01
 6.58000000e+02 4.00000000e+00 9.46085424e+01
 6.59000000e+02 4.00000000e+00 9.48300633e+01
 6.60000000e+02 4.00000000e+00 9.50496937e+01
 6.61000000e+02 4.00000000e+00 9.52670622e+01
 6.62000000e+02 4.00000000e+00 9.54817978e+01
 6.63000000e+02 4.00000000e+00 9.56935293e+01
 6.64000000e+02 4.00000000e+00 9.59018854e+01
 6.65000000e+02 4.00000000e+00 9.61064950e+01
 6.66000000e+02 4.00000000e+00 9.63069870e+01
 6.67000000e+02 4.00000000e+00 9.65029901e+01
 6.68000000e+02 4.00000000e+00 9.66941332e+01
 6.69000000e+02 4.00000000e+00 9.68800450e+01
 6.70000000e+02 4.00000000e+00 9.70603544e+01
 6.71000000e+02 4.00000000e+00 9.72346903e+01
 6.72000000e+02 4.00000000e+00 9.74026813e+01
 6.73000000e+02 4.00000000e+00 9.75639565e+01
 6.74000000e+02 4.00000000e+00 9.77181445e+01
 6.75000000e+02 4.00000000e+00 9.78648741e+01
 6.76000000e+02 4.00000000e+00 9.80037743e+01
 6.77000000e+02 4.00000000e+00 9.81344739e+01
 6.78000000e+02 4.00000000e+00 9.82566015e+01
 6.79000000e+02 4.00000000e+00 9.83697862e+01
 6.80000000e+02 4.00000000e+00 9.84736566e+01
 6.81000000e+02 4.00000000e+00 9.85678416e+01
 6.82000000e+02 4.00000000e+00 9.86519700e+01
 6.83000000e+02 4.00000000e+00 9.87256707e+01
 6.84000000e+02 4.00000000e+00 9.87885725e+01
 6.85000000e+02 4.00000000e+00 9.88403041e+01
 6.86000000e+02 4.00000000e+00 9.88804944e+01
 6.87000000e+02 4.00000000e+00 9.89087723e+01
 6.88000000e+02 4.00000000e+00 9.89247664e+01
 6.89000000e+02 4.00000000e+00 9.89281058e+01
 6.90000000e+02 4.00000000e+00 9.89184191e+01
 6.91000000e+02 4.00000000e+00 9.88953352e+01
 6.92000000e+02 4.00000000e+00 9.88584829e+01
 6.93000000e+02 4.00000000e+00 9.88074910e+01
 6.94000000e+02 4.00000000e+00 9.87419884e+01
 6.95000000e+02 4.00000000e+00 9.86616038e+01
 6.96000000e+02 4.00000000e+00 9.85659662e+01
 6.97000000e+02 4.00000000e+00 9.84547042e+01
 6.98000000e+02 4.00000000e+00 9.83274468e+01
 6.99000000e+02 4.00000000e+00 9.81838227e+01
 7.00000000e+02 4.00000000e+00 9.80234608e+01
