 3.00000000e+00 2.40000000e+01 5.08351557e+00
 4.00000000e+00 2.40000000e+01 4.94565809e+00
 5.00000000e+00 2.40000000e+01 4.81495331e+00
 6.00000000e+00 2.40000000e+01 4.69123745e+00
 7.00000000e+00 2.40000000e+01 4.57434675e+00
 8.00000000e+00 2.40000000e+01 4.46411743e+00
 9.00000000e+00 2.40000000e+01 4.36038573e+00
 1.00000000e+01 2.40000000e+01 4.26298788e+00
 1.10000000e+01 2.40000000e+01 4.17176013e+00
 1.20000000e+01 2.40000000e+01 4.08653869e+00
 1.30000000e+01 2.40000000e+01 4.00715981e+00
 1.40000000e+01 2.40000000e+01 3.93345971e+00
 1.50000000e+01 2.40000000e+01 3.86527463e+00
 1.60000000e+01 2.40000000e+01 3.80244080e+00
 1.70000000e+01 2.40000000e+01 3.74479446e+00
 1.80000000e+01 2.40000000e+01 3.69217184e+00
 1.90000000e+01 2.40000000e+01 3.64440917e+00
 2.00000000e+01 2.40000000e+01 3.60134269e+00
 2.10000000e+01 2.40000000e+01 3.56280862e+00
 2.20000000e+01 2.40000000e+01 3.52864320e+00
 2.30000000e+01 2.40000000e+01 3.49868267e+00
 2.40000000e+01 2.40000000e+01 3.47276325e+00
 2.50000000e+01 2.40000000e+01 3.45072119e+00
 2.60000000e+01 2.40000000e+01 3.43239271e+00
 2.70000000e+01 2.40000000e+01 3.41761404e+00
 2.80000000e+01 2.40000000e+01 3.40622142e+00
 2.90000000e+01 2.40000000e+01 3.39805109e+00
 3.00000000e+01 2.40000000e+01 3.39293927e+00
 3.10000000e+01 2.40000000e+01 3.39072220e+00
 3.20000000e+01 2.40000000e+01 3.39123612e+00
 3.30000000e+01 2.40000000e+01 3.39431724e+00
 3.40000000e+01 2.40000000e+01 3.39980182e+00
 3.50000000e+01 2.40000000e+01 3.40752608e+00
 3.60000000e+01 2.40000000e+01 3.41732625e+00
 3.70000000e+01 2.40000000e+01 3.42903857e+00
 3.80000000e+01 2.40000000e+01 3.44249927e+00
 3.90000000e+01 2.40000000e+01 3.45754458e+00
 4.00000000e+01 2.40000000e+01 3.47401074e+00
 4.10000000e+01 2.40000000e+01 3.49173398e+00
 4.20000000e+01 2.40000000e+01 3.51055053e+00
 4.30000000e+01 2.40000000e+01 3.53029663e+00
 4.40000000e+01 2.40000000e+01 3.55080851e+00
 4.50000000e+01 2.40000000e+01 3.57192240e+00
 4.60000000e+01 2.40000000e+01 3.59347453e+00
 4.70000000e+01 2.40000000e+01 3.61530115e+00
 4.80000000e+01 2.40000000e+01 3.63723847e+00
 4.90000000e+01 2.40000000e+01 3.65912274e+00
 5.00000000e+01 2.40000000e+01 3.68079019e+00
 5.10000000e+01 2.40000000e+01 3.70207704e+00
 5.20000000e+01 2.40000000e+01 3.72281954e+00
 5.30000000e+01 2.40000000e+01 3.63695606e+00
 5.40000000e+01 2.40000000e+01 3.65618181e+00
 5.50000000e+01 2.40000000e+01 3.67455751e+00
 5.60000000e+01 2.40000000e+01 3.69204930e+00
 5.70000000e+01 2.40000000e+01 3.70862334e+00
 5.80000000e+01 2.40000000e+01 3.72424577e+00
 5.90000000e+01 2.40000000e+01 3.73888276e+00
 6.00000000e+01 2.40000000e+01 3.75250046e+00
 6.10000000e+01 2.40000000e+01 3.76506501e+00
 6.20000000e+01 2.40000000e+01 3.77654258e+00
 6.30000000e+01 2.40000000e+01 3.78689930e+00
 6.40000000e+01 2.40000000e+01 3.79610135e+00
 6.50000000e+01 2.40000000e+01 3.80411486e+00
 6.60000000e+01 2.40000000e+01 3.81090599e+00
 6.70000000e+01 2.40000000e+01 3.81644089e+00
 6.80000000e+01 2.40000000e+01 3.82068573e+00
 6.90000000e+01 2.40000000e+01 3.82360664e+00
 7.00000000e+01 2.40000000e+01 3.82516978e+00
 7.10000000e+01 2.40000000e+01 3.82534130e+00
 7.20000000e+01 2.40000000e+01 3.82408736e+00
 7.30000000e+01 2.40000000e+01 3.82137411e+00
 7.40000000e+01 2.40000000e+01 3.81716770e+00
 7.50000000e+01 2.40000000e+01 3.81143429e+00
 7.60000000e+01 2.40000000e+01 3.80414002e+00
 7.70000000e+01 2.40000000e+01 3.79525105e+00
 7.80000000e+01 2.40000000e+01 3.78473354e+00
 7.90000000e+01 2.40000000e+01 3.77255362e+00
 8.00000000e+01 2.40000000e+01 3.75867747e+00
 8.10000000e+01 2.40000000e+01 3.74307122e+00
 8.20000000e+01 2.40000000e+01 3.72570104e+00
 8.30000000e+01 2.40000000e+01 3.70653307e+00
 8.40000000e+01 2.40000000e+01 3.68553347e+00
 8.50000000e+01 2.40000000e+01 3.66266838e+00
 8.60000000e+01 2.40000000e+01 3.63790397e+00
 8.70000000e+01 2.40000000e+01 3.61120639e+00
 8.80000000e+01 2.40000000e+01 3.58254178e+00
 8.90000000e+01 2.40000000e+01 3.55187631e+00
 9.00000000e+01 2.40000000e+01 3.51917611e+00
 9.10000000e+01 2.40000000e+01 3.48440735e+00
 9.20000000e+01 2.40000000e+01 3.44753618e+00
 9.30000000e+01 2.40000000e+01 3.40852875e+00
 9.40000000e+01 2.40000000e+01 3.36735121e+00
 9.50000000e+01 2.40000000e+01 3.32396972e+00
 9.60000000e+01 2.40000000e+01 3.27835043e+00
 9.70000000e+01 2.40000000e+01 3.23045949e+00
 9.80000000e+01 2.40000000e+01 3.18026305e+00
 9.90000000e+01 2.40000000e+01 3.12772727e+00
 1.00000000e+02 2.40000000e+01 3.07281829e+00
 1.01000000e+02 2.40000000e+01 3.01550228e+00
 1.02000000e+02 2.40000000e+01 2.95574538e+00
 1.03000000e+02 2.40000000e+01 3.08357184e+00
 1.04000000e+02 2.40000000e+01 3.01912779e+00
 1.05000000e+02 2.40000000e+01 2.95271627e+00
 1.06000000e+02 2.40000000e+01 2.88461305e+00
 1.07000000e+02 2.40000000e+01 2.81509386e+00
 1.08000000e+02 2.40000000e+01 2.74443447e+00
 1.09000000e+02 2.40000000e+01 2.67291062e+00
 1.10000000e+02 2.40000000e+01 2.60079807e+00
 1.11000000e+02 2.40000000e+01 2.52837256e+00
 1.12000000e+02 2.40000000e+01 2.45590985e+00
 1.13000000e+02 2.40000000e+01 2.38368569e+00
 1.14000000e+02 2.40000000e+01 2.31197582e+00
 1.15000000e+02 2.40000000e+01 2.24105601e+00
 1.16000000e+02 2.40000000e+01 2.17120199e+00
 1.17000000e+02 2.40000000e+01 2.10268953e+00
 1.18000000e+02 2.40000000e+01 2.03579436e+00
 1.19000000e+02 2.40000000e+01 1.97079225e+00
 1.20000000e+02 2.40000000e+01 1.90795895e+00
 1.21000000e+02 2.40000000e+01 1.84757020e+00
 1.22000000e+02 2.40000000e+01 1.78990175e+00
 1.23000000e+02 2.40000000e+01 1.73522936e+00
 1.24000000e+02 2.40000000e+01 1.68382878e+00
 1.25000000e+02 2.40000000e+01 1.63597576e+00
 1.26000000e+02 2.40000000e+01 1.59194604e+00
 1.27000000e+02 2.40000000e+01 1.55201539e+00
 1.28000000e+02 2.40000000e+01 1.51645955e+00
 1.29000000e+02 2.40000000e+01 1.48555427e+00
 1.30000000e+02 2.40000000e+01 1.45957531e+00
 1.31000000e+02 2.40000000e+01 1.43879841e+00
 1.32000000e+02 2.40000000e+01 1.42349932e+00
 1.33000000e+02 2.40000000e+01 1.41395380e+00
 1.34000000e+02 2.40000000e+01 1.41043760e+00
 1.35000000e+02 2.40000000e+01 1.41322647e+00
 1.36000000e+02 2.40000000e+01 1.42259615e+00
 1.37000000e+02 2.40000000e+01 1.43882241e+00
 1.38000000e+02 2.40000000e+01 1.46218099e+00
 1.39000000e+02 2.40000000e+01 1.49294763e+00
 1.40000000e+02 2.40000000e+01 1.53139811e+00
 1.41000000e+02 2.40000000e+01 1.57780815e+00
 1.42000000e+02 2.40000000e+01 1.63245352e+00
 1.43000000e+02 2.40000000e+01 1.69560997e+00
 1.44000000e+02 2.40000000e+01 1.76755324e+00
 1.45000000e+02 2.40000000e+01 1.84855909e+00
 1.46000000e+02 2.40000000e+01 1.93890327e+00
 1.47000000e+02 2.40000000e+01 2.03886153e+00
 1.48000000e+02 2.40000000e+01 2.14870961e+00
 1.49000000e+02 2.40000000e+01 2.26872328e+00
 1.50000000e+02 2.40000000e+01 2.39917829e+00
 1.51000000e+02 2.40000000e+01 2.54035037e+00
 1.52000000e+02 2.40000000e+01 2.27416308e+00
 1.53000000e+02 2.40000000e+01 2.43701105e+00
 1.54000000e+02 2.40000000e+01 2.60923349e+00
 1.55000000e+02 2.40000000e+01 2.78941849e+00
 1.56000000e+02 2.40000000e+01 2.97615410e+00
 1.57000000e+02 2.40000000e+01 3.16802842e+00
 1.58000000e+02 2.40000000e+01 3.36362952e+00
 1.59000000e+02 2.40000000e+01 3.56154547e+00
 1.60000000e+02 2.40000000e+01 3.76036436e+00
 1.61000000e+02 2.40000000e+01 3.95867426e+00
 1.62000000e+02 2.40000000e+01 4.15506325e+00
 1.63000000e+02 2.40000000e+01 4.34811941e+00
 1.64000000e+02 2.40000000e+01 4.53643080e+00
 1.65000000e+02 2.40000000e+01 4.71858552e+00
 1.66000000e+02 2.40000000e+01 4.89317164e+00
 1.67000000e+02 2.40000000e+01 5.05877723e+00
 1.68000000e+02 2.40000000e+01 5.21399038e+00
 1.69000000e+02 2.40000000e+01 5.35739916e+00
 1.70000000e+02 2.40000000e+01 5.48759164e+00
 1.71000000e+02 2.40000000e+01 5.60315591e+00
 1.72000000e+02 2.40000000e+01 5.70268003e+00
 1.73000000e+02 2.40000000e+01 5.78475210e+00
 1.74000000e+02 2.40000000e+01 5.84796019e+00
 1.75000000e+02 2.40000000e+01 5.89089237e+00
 1.76000000e+02 2.40000000e+01 5.91213672e+00
 1.77000000e+02 2.40000000e+01 5.91028132e+00
 1.78000000e+02 2.40000000e+01 5.88391424e+00
 1.79000000e+02 2.40000000e+01 5.83162357e+00
 1.80000000e+02 2.40000000e+01 5.75199737e+00
 1.81000000e+02 2.40000000e+01 5.64362374e+00
 1.82000000e+02 2.40000000e+01 5.50509074e+00
 1.83000000e+02 2.40000000e+01 5.33498645e+00
 1.84000000e+02 2.40000000e+01 5.13189896e+00
 1.85000000e+02 2.40000000e+01 4.89441632e+00
 1.86000000e+02 2.40000000e+01 4.62112664e+00
 1.87000000e+02 2.40000000e+01 4.31061797e+00
 1.88000000e+02 2.40000000e+01 3.96147841e+00
 1.89000000e+02 2.40000000e+01 3.57229602e+00
 1.90000000e+02 2.40000000e+01 3.14165888e+00
 1.91000000e+02 2.40000000e+01 2.66815507e+00
 1.92000000e+02 2.40000000e+01 2.15037268e+00
 1.93000000e+02 2.40000000e+01 1.58689976e+00
 1.94000000e+02 2.40000000e+01 9.76324416e-01
 1.95000000e+02 2.40000000e+01 3.17234706e-01
 1.96000000e+02 2.40000000e+01 -3.91781286e-01
 1.97000000e+02 2.40000000e+01 -1.15213548e+00
 1.98000000e+02 2.40000000e+01 -1.96523981e+00
 1.99000000e+02 2.40000000e+01 -2.83250618e+00
 2.00000000e+02 2.40000000e+01 -3.75534653e+00
 2.01000000e+02 2.40000000e+01 -4.73517278e+00
 2.02000000e+02 2.40000000e+01 -5.50266931e+00
 2.03000000e+02 2.40000000e+01 -6.59764210e+00
 2.04000000e+02 2.40000000e+01 -7.74700696e+00
 2.05000000e+02 2.40000000e+01 -8.94819189e+00
 2.06000000e+02 2.40000000e+01 -1.01986249e+01
 2.07000000e+02 2.40000000e+01 -1.14957339e+01
 2.08000000e+02 2.40000000e+01 -1.28369470e+01
 2.09000000e+02 2.40000000e+01 -1.42196921e+01
 2.10000000e+02 2.40000000e+01 -1.56413973e+01
 2.11000000e+02 2.40000000e+01 -1.70994905e+01
 2.12000000e+02 2.40000000e+01 -1.85913997e+01
 2.13000000e+02 2.40000000e+01 -2.01145530e+01
 2.14000000e+02 2.40000000e+01 -2.16663782e+01
 2.15000000e+02 2.40000000e+01 -2.32443035e+01
 2.16000000e+02 2.40000000e+01 -2.48457567e+01
 2.17000000e+02 2.40000000e+01 -2.64681660e+01
 2.18000000e+02 2.40000000e+01 -2.81089592e+01
 2.19000000e+02 2.40000000e+01 -2.97655644e+01
 2.20000000e+02 2.40000000e+01 -3.14354096e+01
 2.21000000e+02 2.40000000e+01 -3.31159228e+01
 2.22000000e+02 2.40000000e+01 -3.48045319e+01
 2.23000000e+02 2.40000000e+01 -3.64986650e+01
 2.24000000e+02 2.40000000e+01 -3.81957500e+01
 2.25000000e+02 2.40000000e+01 -3.98932150e+01
 2.26000000e+02 2.40000000e+01 -4.15884879e+01
 2.27000000e+02 2.40000000e+01 -4.32789967e+01
 2.28000000e+02 2.40000000e+01 -4.49621695e+01
 2.29000000e+02 2.40000000e+01 -4.66354342e+01
 2.30000000e+02 2.40000000e+01 -4.82962188e+01
 2.31000000e+02 2.40000000e+01 -4.99419514e+01
 2.32000000e+02 2.40000000e+01 -5.15700598e+01
 2.33000000e+02 2.40000000e+01 -5.31779721e+01
 2.34000000e+02 2.40000000e+01 -5.47631163e+01
 2.35000000e+02 2.40000000e+01 -5.63229204e+01
 2.36000000e+02 2.40000000e+01 -5.78548124e+01
 2.37000000e+02 2.40000000e+01 -5.93562203e+01
 2.38000000e+02 2.40000000e+01 -6.08245720e+01
 2.39000000e+02 2.40000000e+01 -6.22572956e+01
 2.40000000e+02 2.40000000e+01 -6.36518190e+01
 2.41000000e+02 2.40000000e+01 -6.50055703e+01
 2.42000000e+02 2.40000000e+01 -6.63159774e+01
 2.43000000e+02 2.40000000e+01 -6.75804684e+01
 2.44000000e+02 2.40000000e+01 -6.87964712e+01
 2.45000000e+02 2.40000000e+01 -6.99614138e+01
 2.46000000e+02 2.40000000e+01 -7.10727242e+01
 2.47000000e+02 2.40000000e+01 -7.21278305e+01
 2.48000000e+02 2.40000000e+01 -7.31241605e+01
 2.49000000e+02 2.40000000e+01 -7.40591424e+01
 2.50000000e+02 2.40000000e+01 -7.49302040e+01
 2.51000000e+02 2.40000000e+01 -7.39977830e+01
 2.52000000e+02 2.40000000e+01 -7.47344191e+01
 2.53000000e+02 2.40000000e+01 -7.54047726e+01
 2.54000000e+02 2.40000000e+01 -7.60109558e+01
 2.55000000e+02 2.40000000e+01 -7.65550811e+01
 2.56000000e+02 2.40000000e+01 -7.70392610e+01
 2.57000000e+02 2.40000000e+01 -7.74656078e+01
 2.58000000e+02 2.40000000e+01 -7.78362339e+01
 2.59000000e+02 2.40000000e+01 -7.81532516e+01
 2.60000000e+02 2.40000000e+01 -7.84187733e+01
 2.61000000e+02 2.40000000e+01 -7.86349115e+01
 2.62000000e+02 2.40000000e+01 -7.88037786e+01
 2.63000000e+02 2.40000000e+01 -7.89274868e+01
 2.64000000e+02 2.40000000e+01 -7.90081486e+01
 2.65000000e+02 2.40000000e+01 -7.90478764e+01
 2.66000000e+02 2.40000000e+01 -7.90487825e+01
 2.67000000e+02 2.40000000e+01 -7.90129793e+01
 2.68000000e+02 2.40000000e+01 -7.89425793e+01
 2.69000000e+02 2.40000000e+01 -7.88396947e+01
 2.70000000e+02 2.40000000e+01 -7.87064381e+01
 2.71000000e+02 2.40000000e+01 -7.85449217e+01
 2.72000000e+02 2.40000000e+01 -7.83572580e+01
 2.73000000e+02 2.40000000e+01 -7.81455593e+01
 2.74000000e+02 2.40000000e+01 -7.79119380e+01
 2.75000000e+02 2.40000000e+01 -7.76585065e+01
 2.76000000e+02 2.40000000e+01 -7.73873772e+01
 2.77000000e+02 2.40000000e+01 -7.71006624e+01
 2.78000000e+02 2.40000000e+01 -7.68004746e+01
 2.79000000e+02 2.40000000e+01 -7.64889262e+01
 2.80000000e+02 2.40000000e+01 -7.61681294e+01
 2.81000000e+02 2.40000000e+01 -7.58401968e+01
 2.82000000e+02 2.40000000e+01 -7.55072406e+01
 2.83000000e+02 2.40000000e+01 -7.51713734e+01
 2.84000000e+02 2.40000000e+01 -7.48347073e+01
 2.85000000e+02 2.40000000e+01 -7.44993549e+01
 2.86000000e+02 2.40000000e+01 -7.41674285e+01
 2.87000000e+02 2.40000000e+01 -7.38410405e+01
 2.88000000e+02 2.40000000e+01 -7.35223033e+01
 2.89000000e+02 2.40000000e+01 -7.32133293e+01
 2.90000000e+02 2.40000000e+01 -7.29162308e+01
 2.91000000e+02 2.40000000e+01 -7.26331202e+01
 2.92000000e+02 2.40000000e+01 -7.23661100e+01
 2.93000000e+02 2.40000000e+01 -7.21173124e+01
 2.94000000e+02 2.40000000e+01 -7.18888400e+01
 2.95000000e+02 2.40000000e+01 -7.16828050e+01
 2.96000000e+02 2.40000000e+01 -7.15013198e+01
 2.97000000e+02 2.40000000e+01 -7.13464969e+01
 2.98000000e+02 2.40000000e+01 -7.12204487e+01
 2.99000000e+02 2.40000000e+01 -7.11252874e+01
 3.00000000e+02 2.40000000e+01 -7.10631255e+01
 3.01000000e+02 2.40000000e+01 -7.07911550e+01
 3.02000000e+02 2.40000000e+01 -7.07990344e+01
 3.03000000e+02 2.40000000e+01 -7.08404030e+01
 3.04000000e+02 2.40000000e+01 -7.09136519e+01
 3.05000000e+02 2.40000000e+01 -7.10171724e+01
 3.06000000e+02 2.40000000e+01 -7.11493559e+01
 3.07000000e+02 2.40000000e+01 -7.13085936e+01
 3.08000000e+02 2.40000000e+01 -7.14932767e+01
 3.09000000e+02 2.40000000e+01 -7.17017967e+01
 3.10000000e+02 2.40000000e+01 -7.19325447e+01
 3.11000000e+02 2.40000000e+01 -7.21839120e+01
 3.12000000e+02 2.40000000e+01 -7.24542900e+01
 3.13000000e+02 2.40000000e+01 -7.27420698e+01
 3.14000000e+02 2.40000000e+01 -7.30456428e+01
 3.15000000e+02 2.40000000e+01 -7.33634003e+01
 3.16000000e+02 2.40000000e+01 -7.36937335e+01
 3.17000000e+02 2.40000000e+01 -7.40350337e+01
 3.18000000e+02 2.40000000e+01 -7.43856923e+01
 3.19000000e+02 2.40000000e+01 -7.47441004e+01
 3.20000000e+02 2.40000000e+01 -7.51086493e+01
 3.21000000e+02 2.40000000e+01 -7.54777304e+01
 3.22000000e+02 2.40000000e+01 -7.58497350e+01
 3.23000000e+02 2.40000000e+01 -7.62230542e+01
 3.24000000e+02 2.40000000e+01 -7.65960794e+01
 3.25000000e+02 2.40000000e+01 -7.69672019e+01
 3.26000000e+02 2.40000000e+01 -7.73348129e+01
 3.27000000e+02 2.40000000e+01 -7.76973037e+01
 3.28000000e+02 2.40000000e+01 -7.80530657e+01
 3.29000000e+02 2.40000000e+01 -7.84004900e+01
 3.30000000e+02 2.40000000e+01 -7.87379680e+01
 3.31000000e+02 2.40000000e+01 -7.90638910e+01
 3.32000000e+02 2.40000000e+01 -7.93766502e+01
 3.33000000e+02 2.40000000e+01 -7.96746369e+01
 3.34000000e+02 2.40000000e+01 -7.99562423e+01
 3.35000000e+02 2.40000000e+01 -8.02198579e+01
 3.36000000e+02 2.40000000e+01 -8.04638748e+01
 3.37000000e+02 2.40000000e+01 -8.06866843e+01
 3.38000000e+02 2.40000000e+01 -8.08866778e+01
 3.39000000e+02 2.40000000e+01 -8.10622464e+01
 3.40000000e+02 2.40000000e+01 -8.12117816e+01
 3.41000000e+02 2.40000000e+01 -8.13336744e+01
 3.42000000e+02 2.40000000e+01 -8.14263163e+01
 3.43000000e+02 2.40000000e+01 -8.14880986e+01
 3.44000000e+02 2.40000000e+01 -8.15174124e+01
 3.45000000e+02 2.40000000e+01 -8.15126491e+01
 3.46000000e+02 2.40000000e+01 -8.14722000e+01
 3.47000000e+02 2.40000000e+01 -8.13944563e+01
 3.48000000e+02 2.40000000e+01 -8.12778093e+01
 3.49000000e+02 2.40000000e+01 -8.11206503e+01
 3.50000000e+02 2.40000000e+01 -8.27907542e+01
 3.51000000e+02 2.40000000e+01 -8.25482076e+01
 3.52000000e+02 2.40000000e+01 -8.22629295e+01
 3.53000000e+02 2.40000000e+01 -8.19359180e+01
 3.54000000e+02 2.40000000e+01 -8.15681715e+01
 3.55000000e+02 2.40000000e+01 -8.11606880e+01
 3.56000000e+02 2.40000000e+01 -8.07144657e+01
 3.57000000e+02 2.40000000e+01 -8.02305028e+01
 3.58000000e+02 2.40000000e+01 -7.97097975e+01
 3.59000000e+02 2.40000000e+01 -7.91533480e+01
 3.60000000e+02 2.40000000e+01 -7.85621524e+01
 3.61000000e+02 2.40000000e+01 -7.79372090e+01
 3.62000000e+02 2.40000000e+01 -7.72795159e+01
 3.63000000e+02 2.40000000e+01 -7.65900713e+01
 3.64000000e+02 2.40000000e+01 -7.58698733e+01
 3.65000000e+02 2.40000000e+01 -7.51199202e+01
 3.66000000e+02 2.40000000e+01 -7.43412102e+01
 3.67000000e+02 2.40000000e+01 -7.35347414e+01
 3.68000000e+02 2.40000000e+01 -7.27015120e+01
 3.69000000e+02 2.40000000e+01 -7.18425201e+01
 3.70000000e+02 2.40000000e+01 -7.09587641e+01
 3.71000000e+02 2.40000000e+01 -7.00512420e+01
 3.72000000e+02 2.40000000e+01 -6.91209520e+01
 3.73000000e+02 2.40000000e+01 -6.81688923e+01
 3.74000000e+02 2.40000000e+01 -6.71960612e+01
 3.75000000e+02 2.40000000e+01 -6.62034567e+01
 3.76000000e+02 2.40000000e+01 -6.51920770e+01
 3.77000000e+02 2.40000000e+01 -6.41629204e+01
 3.78000000e+02 2.40000000e+01 -6.31169850e+01
 3.79000000e+02 2.40000000e+01 -6.20552690e+01
 3.80000000e+02 2.40000000e+01 -6.09787706e+01
 3.81000000e+02 2.40000000e+01 -5.98884880e+01
 3.82000000e+02 2.40000000e+01 -5.87854193e+01
 3.83000000e+02 2.40000000e+01 -5.76705627e+01
 3.84000000e+02 2.40000000e+01 -5.65449164e+01
 3.85000000e+02 2.40000000e+01 -5.54094787e+01
 3.86000000e+02 2.40000000e+01 -5.42652476e+01
 3.87000000e+02 2.40000000e+01 -5.31132213e+01
 3.88000000e+02 2.40000000e+01 -5.19543981e+01
 3.89000000e+02 2.40000000e+01 -5.07897761e+01
 3.90000000e+02 2.40000000e+01 -4.96203535e+01
 3.91000000e+02 2.40000000e+01 -4.84471285e+01
 3.92000000e+02 2.40000000e+01 -4.72710992e+01
 3.93000000e+02 2.40000000e+01 -4.60932639e+01
 3.94000000e+02 2.40000000e+01 -4.49146206e+01
 3.95000000e+02 2.40000000e+01 -4.37361677e+01
 3.96000000e+02 2.40000000e+01 -4.25589033e+01
 3.97000000e+02 2.40000000e+01 -4.13838256e+01
 3.98000000e+02 2.40000000e+01 -4.02119327e+01
 3.99000000e+02 2.40000000e+01 -3.90442228e+01
 4.00000000e+02 2.40000000e+01 -3.58540351e+01
 4.01000000e+02 2.40000000e+01 -3.46974267e+01
 4.02000000e+02 2.40000000e+01 -3.35472371e+01
 4.03000000e+02 2.40000000e+01 -3.24039337e+01
 4.04000000e+02 2.40000000e+01 -3.12679834e+01
 4.05000000e+02 2.40000000e+01 -3.01398534e+01
 4.06000000e+02 2.40000000e+01 -2.90200108e+01
 4.07000000e+02 2.40000000e+01 -2.79089228e+01
 4.08000000e+02 2.40000000e+01 -2.68070565e+01
 4.09000000e+02 2.40000000e+01 -2.57148791e+01
 4.10000000e+02 2.40000000e+01 -2.46328575e+01
 4.11000000e+02 2.40000000e+01 -2.35614591e+01
 4.12000000e+02 2.40000000e+01 -2.25011508e+01
 4.13000000e+02 2.40000000e+01 -2.14523999e+01
 4.14000000e+02 2.40000000e+01 -2.04156735e+01
 4.15000000e+02 2.40000000e+01 -1.93914386e+01
 4.16000000e+02 2.40000000e+01 -1.83801625e+01
 4.17000000e+02 2.40000000e+01 -1.73823121e+01
 4.18000000e+02 2.40000000e+01 -1.63983548e+01
 4.19000000e+02 2.40000000e+01 -1.54287576e+01
 4.20000000e+02 2.40000000e+01 -1.44739875e+01
 4.21000000e+02 2.40000000e+01 -1.35345119e+01
 4.22000000e+02 2.40000000e+01 -1.26107977e+01
 4.23000000e+02 2.40000000e+01 -1.17033121e+01
 4.24000000e+02 2.40000000e+01 -1.08125223e+01
 4.25000000e+02 2.40000000e+01 -9.93889528e+00
 4.26000000e+02 2.40000000e+01 -9.08289829e+00
 4.27000000e+02 2.40000000e+01 -8.24499841e+00
 4.28000000e+02 2.40000000e+01 -7.42566278e+00
 4.29000000e+02 2.40000000e+01 -6.62535853e+00
 4.30000000e+02 2.40000000e+01 -5.84455277e+00
 4.31000000e+02 2.40000000e+01 -5.08371265e+00
 4.32000000e+02 2.40000000e+01 -4.34330527e+00
 4.33000000e+02 2.40000000e+01 -3.62379779e+00
 4.34000000e+02 2.40000000e+01 -2.92565731e+00
 4.35000000e+02 2.40000000e+01 -2.24935097e+00
 4.36000000e+02 2.40000000e+01 -1.59534590e+00
 4.37000000e+02 2.40000000e+01 -9.64109226e-01
 4.38000000e+02 2.40000000e+01 -3.56108071e-01
 4.39000000e+02 2.40000000e+01 2.28190435e-01
 4.40000000e+02 2.40000000e+01 7.88319164e-01
 4.41000000e+02 2.40000000e+01 1.32381099e+00
 4.42000000e+02 2.40000000e+01 1.83419878e+00
 4.43000000e+02 2.40000000e+01 2.31901541e+00
 4.44000000e+02 2.40000000e+01 2.77779376e+00
 4.45000000e+02 2.40000000e+01 3.21006669e+00
 4.46000000e+02 2.40000000e+01 3.61536708e+00
 4.47000000e+02 2.40000000e+01 3.99322780e+00
 4.48000000e+02 2.40000000e+01 4.34318172e+00
 4.49000000e+02 2.40000000e+01 4.66476171e+00
 4.50000000e+02 2.40000000e+01 3.73703643e+00
 4.51000000e+02 2.40000000e+01 4.00173191e+00
 4.52000000e+02 2.40000000e+01 4.23907756e+00
 4.53000000e+02 2.40000000e+01 4.44991230e+00
 4.54000000e+02 2.40000000e+01 4.63507504e+00
 4.55000000e+02 2.40000000e+01 4.79540466e+00
 4.56000000e+02 2.40000000e+01 4.93174009e+00
 4.57000000e+02 2.40000000e+01 5.04492022e+00
 4.58000000e+02 2.40000000e+01 5.13578395e+00
 4.59000000e+02 2.40000000e+01 5.20517020e+00
 4.60000000e+02 2.40000000e+01 5.25391787e+00
 4.61000000e+02 2.40000000e+01 5.28286586e+00
 4.62000000e+02 2.40000000e+01 5.29285307e+00
 4.63000000e+02 2.40000000e+01 5.28471841e+00
 4.64000000e+02 2.40000000e+01 5.25930079e+00
 4.65000000e+02 2.40000000e+01 5.21743911e+00
 4.66000000e+02 2.40000000e+01 5.15997227e+00
 4.67000000e+02 2.40000000e+01 5.08773918e+00
 4.68000000e+02 2.40000000e+01 5.00157874e+00
 4.69000000e+02 2.40000000e+01 4.90232986e+00
 4.70000000e+02 2.40000000e+01 4.79083144e+00
 4.71000000e+02 2.40000000e+01 4.66792238e+00
 4.72000000e+02 2.40000000e+01 4.53444160e+00
 4.73000000e+02 2.40000000e+01 4.39122799e+00
 4.74000000e+02 2.40000000e+01 4.23912046e+00
 4.75000000e+02 2.40000000e+01 4.07895791e+00
 4.76000000e+02 2.40000000e+01 3.91157925e+00
 4.77000000e+02 2.40000000e+01 3.73782339e+00
 4.78000000e+02 2.40000000e+01 3.55852922e+00
 4.79000000e+02 2.40000000e+01 3.37453565e+00
 4.80000000e+02 2.40000000e+01 3.18668159e+00
 4.81000000e+02 2.40000000e+01 2.99580594e+00
 4.82000000e+02 2.40000000e+01 2.80274761e+00
 4.83000000e+02 2.40000000e+01 2.60834549e+00
 4.84000000e+02 2.40000000e+01 2.41343850e+00
 4.85000000e+02 2.40000000e+01 2.21886554e+00
 4.86000000e+02 2.40000000e+01 2.02546551e+00
 4.87000000e+02 2.40000000e+01 1.83407731e+00
 4.88000000e+02 2.40000000e+01 1.64553986e+00
 4.89000000e+02 2.40000000e+01 1.46069205e+00
 4.90000000e+02 2.40000000e+01 1.28037280e+00
 4.91000000e+02 2.40000000e+01 1.10542100e+00
 4.92000000e+02 2.40000000e+01 9.36675560e-01
 4.93000000e+02 2.40000000e+01 7.74975384e-01
 4.94000000e+02 2.40000000e+01 6.21159376e-01
 4.95000000e+02 2.40000000e+01 4.76066441e-01
 4.96000000e+02 2.40000000e+01 3.40535484e-01
 4.97000000e+02 2.40000000e+01 2.15405409e-01
 4.98000000e+02 2.40000000e+01 1.01515120e-01
 4.99000000e+02 2.40000000e+01 5.09961319e-01
 5.00000000e+02 2.40000000e+01 4.20630012e-01
 5.01000000e+02 2.40000000e+01 3.43480343e-01
 5.02000000e+02 2.40000000e+01 2.78126325e-01
 5.03000000e+02 2.40000000e+01 2.24181971e-01
 5.04000000e+02 2.40000000e+01 1.81261294e-01
 5.05000000e+02 2.40000000e+01 1.48978306e-01
 5.06000000e+02 2.40000000e+01 1.26947021e-01
 5.07000000e+02 2.40000000e+01 1.14781451e-01
 5.08000000e+02 2.40000000e+01 1.12095608e-01
 5.09000000e+02 2.40000000e+01 1.18503506e-01
 5.10000000e+02 2.40000000e+01 1.33619158e-01
 5.11000000e+02 2.40000000e+01 1.57056576e-01
 5.12000000e+02 2.40000000e+01 1.88429773e-01
 5.13000000e+02 2.40000000e+01 2.27352761e-01
 5.14000000e+02 2.40000000e+01 2.73439554e-01
 5.15000000e+02 2.40000000e+01 3.26304164e-01
 5.16000000e+02 2.40000000e+01 3.85560605e-01
 5.17000000e+02 2.40000000e+01 4.50822888e-01
 5.18000000e+02 2.40000000e+01 5.21705027e-01
 5.19000000e+02 2.40000000e+01 5.97821034e-01
 5.20000000e+02 2.40000000e+01 6.78784923e-01
 5.21000000e+02 2.40000000e+01 7.64210705e-01
 5.22000000e+02 2.40000000e+01 8.53712394e-01
 5.23000000e+02 2.40000000e+01 9.46904002e-01
 5.24000000e+02 2.40000000e+01 1.04339954e+00
 5.25000000e+02 2.40000000e+01 1.14281303e+00
 5.26000000e+02 2.40000000e+01 1.24475847e+00
 5.27000000e+02 2.40000000e+01 1.34884989e+00
 5.28000000e+02 2.40000000e+01 1.45470128e+00
 5.29000000e+02 2.40000000e+01 1.56192668e+00
 5.30000000e+02 2.40000000e+01 1.67014008e+00
 5.31000000e+02 2.40000000e+01 1.77895551e+00
 5.32000000e+02 2.40000000e+01 1.88798696e+00
 5.33000000e+02 2.40000000e+01 1.99684847e+00
 5.34000000e+02 2.40000000e+01 2.10515404e+00
 5.35000000e+02 2.40000000e+01 2.21251768e+00
 5.36000000e+02 2.40000000e+01 2.31855340e+00
 5.37000000e+02 2.40000000e+01 2.42287522e+00
 5.38000000e+02 2.40000000e+01 2.52509716e+00
 5.39000000e+02 2.40000000e+01 2.62483322e+00
 5.40000000e+02 2.40000000e+01 2.72169741e+00
 5.41000000e+02 2.40000000e+01 2.81530375e+00
 5.42000000e+02 2.40000000e+01 2.90526626e+00
 5.43000000e+02 2.40000000e+01 2.99119894e+00
 5.44000000e+02 2.40000000e+01 3.07271581e+00
 5.45000000e+02 2.40000000e+01 3.14943088e+00
 5.46000000e+02 2.40000000e+01 3.22095816e+00
 5.47000000e+02 2.40000000e+01 3.28691167e+00
 5.48000000e+02 2.40000000e+01 3.34690542e+00
 5.49000000e+02 2.40000000e+01 3.12169916e+00
 5.50000000e+02 2.40000000e+01 3.16907529e+00
 5.51000000e+02 2.40000000e+01 3.21033423e+00
 5.52000000e+02 2.40000000e+01 3.24567364e+00
 5.53000000e+02 2.40000000e+01 3.27529118e+00
 5.54000000e+02 2.40000000e+01 3.29938449e+00
 5.55000000e+02 2.40000000e+01 3.31815124e+00
 5.56000000e+02 2.40000000e+01 3.33178909e+00
 5.57000000e+02 2.40000000e+01 3.34049569e+00
 5.58000000e+02 2.40000000e+01 3.34446869e+00
 5.59000000e+02 2.40000000e+01 3.34390576e+00
 5.60000000e+02 2.40000000e+01 3.33900455e+00
 5.61000000e+02 2.40000000e+01 3.32996271e+00
 5.62000000e+02 2.40000000e+01 3.31697791e+00
 5.63000000e+02 2.40000000e+01 3.30024781e+00
 5.64000000e+02 2.40000000e+01 3.27997005e+00
 5.65000000e+02 2.40000000e+01 3.25634229e+00
 5.66000000e+02 2.40000000e+01 3.22956220e+00
 5.67000000e+02 2.40000000e+01 3.19982742e+00
 5.68000000e+02 2.40000000e+01 3.16733562e+00
 5.69000000e+02 2.40000000e+01 3.13228445e+00
 5.70000000e+02 2.40000000e+01 3.09487157e+00
 5.71000000e+02 2.40000000e+01 3.05529463e+00
 5.72000000e+02 2.40000000e+01 3.01375130e+00
 5.73000000e+02 2.40000000e+01 2.97043923e+00
 5.74000000e+02 2.40000000e+01 2.92555607e+00
 5.75000000e+02 2.40000000e+01 2.87929948e+00
 5.76000000e+02 2.40000000e+01 2.83186712e+00
 5.77000000e+02 2.40000000e+01 2.78345665e+00
 5.78000000e+02 2.40000000e+01 2.73426572e+00
 5.79000000e+02 2.40000000e+01 2.68449199e+00
 5.80000000e+02 2.40000000e+01 2.63433312e+00
 5.81000000e+02 2.40000000e+01 2.58398675e+00
 5.82000000e+02 2.40000000e+01 2.53365056e+00
 5.83000000e+02 2.40000000e+01 2.48352220e+00
 5.84000000e+02 2.40000000e+01 2.43379931e+00
 5.85000000e+02 2.40000000e+01 2.38467957e+00
 5.86000000e+02 2.40000000e+01 2.33636063e+00
 5.87000000e+02 2.40000000e+01 2.28904013e+00
 5.88000000e+02 2.40000000e+01 2.24291575e+00
 5.89000000e+02 2.40000000e+01 2.19818514e+00
 5.90000000e+02 2.40000000e+01 2.15504594e+00
 5.91000000e+02 2.40000000e+01 2.11369583e+00
 5.92000000e+02 2.40000000e+01 2.07433246e+00
 5.93000000e+02 2.40000000e+01 2.03715348e+00
 5.94000000e+02 2.40000000e+01 2.00235655e+00
 5.95000000e+02 2.40000000e+01 1.97013933e+00
 5.96000000e+02 2.40000000e+01 1.94069947e+00
 5.97000000e+02 2.40000000e+01 1.91423463e+00
 5.98000000e+02 2.40000000e+01 2.08342836e+00
 5.99000000e+02 2.40000000e+01 2.06343143e+00
 6.00000000e+02 2.40000000e+01 2.04666299e+00
 6.01000000e+02 2.40000000e+01 2.03302363e+00
 6.02000000e+02 2.40000000e+01 2.02241395e+00
 6.03000000e+02 2.40000000e+01 2.01473455e+00
 6.04000000e+02 2.40000000e+01 2.00988600e+00
 6.05000000e+02 2.40000000e+01 2.00776892e+00
 6.06000000e+02 2.40000000e+01 2.00828388e+00
 6.07000000e+02 2.40000000e+01 2.01133149e+00
 6.08000000e+02 2.40000000e+01 2.01681234e+00
 6.09000000e+02 2.40000000e+01 2.02462702e+00
 6.10000000e+02 2.40000000e+01 2.03467613e+00
 6.11000000e+02 2.40000000e+01 2.04686026e+00
 6.12000000e+02 2.40000000e+01 2.06108000e+00
 6.13000000e+02 2.40000000e+01 2.07723594e+00
 6.14000000e+02 2.40000000e+01 2.09522869e+00
 6.15000000e+02 2.40000000e+01 2.11495883e+00
 6.16000000e+02 2.40000000e+01 2.13632696e+00
 6.17000000e+02 2.40000000e+01 2.15923366e+00
 6.18000000e+02 2.40000000e+01 2.18357955e+00
 6.19000000e+02 2.40000000e+01 2.20926520e+00
 6.20000000e+02 2.40000000e+01 2.23619121e+00
 6.21000000e+02 2.40000000e+01 2.26425817e+00
 6.22000000e+02 2.40000000e+01 2.29336669e+00
 6.23000000e+02 2.40000000e+01 2.32341735e+00
 6.24000000e+02 2.40000000e+01 2.35431074e+00
 6.25000000e+02 2.40000000e+01 2.38594746e+00
 6.26000000e+02 2.40000000e+01 2.41822811e+00
 6.27000000e+02 2.40000000e+01 2.45105327e+00
 6.28000000e+02 2.40000000e+01 2.48432354e+00
 6.29000000e+02 2.40000000e+01 2.51793951e+00
 6.30000000e+02 2.40000000e+01 2.55180179e+00
 6.31000000e+02 2.40000000e+01 2.58581095e+00
 6.32000000e+02 2.40000000e+01 2.61986760e+00
 6.33000000e+02 2.40000000e+01 2.65387232e+00
 6.34000000e+02 2.40000000e+01 2.68772572e+00
 6.35000000e+02 2.40000000e+01 2.72132838e+00
 6.36000000e+02 2.40000000e+01 2.75458090e+00
 6.37000000e+02 2.40000000e+01 2.78738387e+00
 6.38000000e+02 2.40000000e+01 2.81963789e+00
 6.39000000e+02 2.40000000e+01 2.85124354e+00
 6.40000000e+02 2.40000000e+01 2.88210143e+00
 6.41000000e+02 2.40000000e+01 2.91211215e+00
 6.42000000e+02 2.40000000e+01 2.94117628e+00
 6.43000000e+02 2.40000000e+01 2.96919443e+00
 6.44000000e+02 2.40000000e+01 2.99606718e+00
 6.45000000e+02 2.40000000e+01 3.02169514e+00
 6.46000000e+02 2.40000000e+01 3.04597889e+00
 6.47000000e+02 2.40000000e+01 3.06881903e+00
 6.48000000e+02 2.40000000e+01 2.98397191e+00
 6.49000000e+02 2.40000000e+01 3.00369110e+00
 6.50000000e+02 2.40000000e+01 3.02183377e+00
 6.51000000e+02 2.40000000e+01 3.03840572e+00
 6.52000000e+02 2.40000000e+01 3.05341273e+00
 6.53000000e+02 2.40000000e+01 3.06686061e+00
 6.54000000e+02 2.40000000e+01 3.07875514e+00
 6.55000000e+02 2.40000000e+01 3.08910212e+00
 6.56000000e+02 2.40000000e+01 3.09790734e+00
 6.57000000e+02 2.40000000e+01 3.10517659e+00
 6.58000000e+02 2.40000000e+01 3.11091567e+00
 6.59000000e+02 2.40000000e+01 3.11513037e+00
 6.60000000e+02 2.40000000e+01 3.11782649e+00
 6.61000000e+02 2.40000000e+01 3.11900981e+00
 6.62000000e+02 2.40000000e+01 3.11868612e+00
 6.63000000e+02 2.40000000e+01 3.11686124e+00
 6.64000000e+02 2.40000000e+01 3.11354093e+00
 6.65000000e+02 2.40000000e+01 3.10873101e+00
 6.66000000e+02 2.40000000e+01 3.10243726e+00
 6.67000000e+02 2.40000000e+01 3.09466547e+00
 6.68000000e+02 2.40000000e+01 3.08542144e+00
 6.69000000e+02 2.40000000e+01 3.07471096e+00
 6.70000000e+02 2.40000000e+01 3.06253983e+00
 6.71000000e+02 2.40000000e+01 3.04891383e+00
 6.72000000e+02 2.40000000e+01 3.03383877e+00
 6.73000000e+02 2.40000000e+01 3.01732043e+00
 6.74000000e+02 2.40000000e+01 2.99936460e+00
 6.75000000e+02 2.40000000e+01 2.97997708e+00
 6.76000000e+02 2.40000000e+01 2.95916367e+00
 6.77000000e+02 2.40000000e+01 2.93693016e+00
 6.78000000e+02 2.40000000e+01 2.91328233e+00
 6.79000000e+02 2.40000000e+01 2.88822598e+00
 6.80000000e+02 2.40000000e+01 2.86176691e+00
 6.81000000e+02 2.40000000e+01 2.83391091e+00
 6.82000000e+02 2.40000000e+01 2.80466377e+00
 6.83000000e+02 2.40000000e+01 2.77403129e+00
 6.84000000e+02 2.40000000e+01 2.74201925e+00
 6.85000000e+02 2.40000000e+01 2.70863345e+00
 6.86000000e+02 2.40000000e+01 2.67387969e+00
 6.87000000e+02 2.40000000e+01 2.63776375e+00
 6.88000000e+02 2.40000000e+01 2.60029144e+00
 6.89000000e+02 2.40000000e+01 2.56146854e+00
 6.90000000e+02 2.40000000e+01 2.52130084e+00
 6.91000000e+02 2.40000000e+01 2.47979415e+00
 6.92000000e+02 2.40000000e+01 2.43695424e+00
 6.93000000e+02 2.40000000e+01 2.39278693e+00
 6.94000000e+02 2.40000000e+01 2.34729799e+00
 6.95000000e+02 2.40000000e+01 2.30049322e+00
 6.96000000e+02 2.40000000e+01 2.25237842e+00
 6.97000000e+02 2.40000000e+01 2.20295938e+00
