 2.26000000e+02 1.80000000e+01 3.54155551e+01
 2.27000000e+02 1.80000000e+01 3.52324231e+01
 2.28000000e+02 1.80000000e+01 3.50589495e+01
 2.29000000e+02 1.80000000e+01 3.48950658e+01
 2.30000000e+02 1.80000000e+01 3.47407036e+01
 2.31000000e+02 1.80000000e+01 3.45957943e+01
 2.32000000e+02 1.80000000e+01 3.44602694e+01
 2.33000000e+02 1.80000000e+01 3.43340607e+01
 2.34000000e+02 1.80000000e+01 3.42170994e+01
 2.35000000e+02 1.80000000e+01 3.41093173e+01
 2.36000000e+02 1.80000000e+01 3.40106459e+01
 2.37000000e+02 1.80000000e+01 3.39210166e+01
 2.38000000e+02 1.80000000e+01 3.38403610e+01
 2.39000000e+02 1.80000000e+01 3.37686106e+01
 2.40000000e+02 1.80000000e+01 3.37056971e+01
 2.41000000e+02 1.80000000e+01 3.36515518e+01
 2.42000000e+02 1.80000000e+01 3.36061064e+01
 2.43000000e+02 1.80000000e+01 3.35692924e+01
 2.44000000e+02 1.80000000e+01 3.35410413e+01
 2.45000000e+02 1.80000000e+01 3.35212846e+01
 2.46000000e+02 1.80000000e+01 3.35099539e+01
 2.47000000e+02 1.80000000e+01 3.35069808e+01
 2.48000000e+02 1.80000000e+01 3.35122967e+01
 2.49000000e+02 1.80000000e+01 3.35258332e+01
 2.50000000e+02 1.80000000e+01 3.35475218e+01
 2.51000000e+02 1.80000000e+01 3.35772941e+01
 2.52000000e+02 1.80000000e+01 3.36150816e+01
 2.53000000e+02 1.80000000e+01 3.36608158e+01
 2.54000000e+02 1.80000000e+01 3.37144283e+01
 2.55000000e+02 1.80000000e+01 3.37758505e+01
 2.56000000e+02 1.80000000e+01 3.38450142e+01
 2.57000000e+02 1.80000000e+01 3.39218506e+01
 2.58000000e+02 1.80000000e+01 3.40062915e+01
 2.59000000e+02 1.80000000e+01 3.40982684e+01
 2.60000000e+02 1.80000000e+01 3.41977127e+01
 2.61000000e+02 1.80000000e+01 3.43045560e+01
 2.62000000e+02 1.80000000e+01 3.44187298e+01
 2.63000000e+02 1.80000000e+01 3.45401658e+01
 2.64000000e+02 1.80000000e+01 3.46687953e+01
 2.65000000e+02 1.80000000e+01 3.46435371e+01
 2.66000000e+02 1.80000000e+01 3.47861013e+01
 2.67000000e+02 1.80000000e+01 3.49350156e+01
 2.68000000e+02 1.80000000e+01 3.50898056e+01
 2.69000000e+02 1.80000000e+01 3.52499967e+01
 2.70000000e+02 1.80000000e+01 3.54151144e+01
 2.71000000e+02 1.80000000e+01 3.55846842e+01
 2.72000000e+02 1.80000000e+01 3.57582316e+01
 2.73000000e+02 1.80000000e+01 3.59352821e+01
 2.74000000e+02 1.80000000e+01 3.61153612e+01
 2.75000000e+02 1.80000000e+01 3.62979943e+01
 2.76000000e+02 1.80000000e+01 3.64827070e+01
 2.77000000e+02 1.80000000e+01 3.66690247e+01
 2.78000000e+02 1.80000000e+01 3.68564730e+01
 2.79000000e+02 1.80000000e+01 3.70445773e+01
 2.80000000e+02 1.80000000e+01 3.72328631e+01
 2.81000000e+02 1.80000000e+01 3.74208559e+01
 2.82000000e+02 1.80000000e+01 3.76080812e+01
 2.83000000e+02 1.80000000e+01 3.77940644e+01
 2.84000000e+02 1.80000000e+01 3.79783311e+01
 2.85000000e+02 1.80000000e+01 3.81604068e+01
 2.86000000e+02 1.80000000e+01 3.83398170e+01
 2.87000000e+02 1.80000000e+01 3.85160870e+01
 2.88000000e+02 1.80000000e+01 3.86887425e+01
 2.89000000e+02 1.80000000e+01 3.88573090e+01
 2.90000000e+02 1.80000000e+01 3.90213118e+01
 2.91000000e+02 1.80000000e+01 3.91802765e+01
 2.92000000e+02 1.80000000e+01 3.93337286e+01
 2.93000000e+02 1.80000000e+01 3.94811936e+01
 2.94000000e+02 1.80000000e+01 3.96221969e+01
 2.95000000e+02 1.80000000e+01 3.97562641e+01
 2.96000000e+02 1.80000000e+01 3.98829206e+01
 2.97000000e+02 1.80000000e+01 4.00016920e+01
 2.98000000e+02 1.80000000e+01 4.01121037e+01
 2.99000000e+02 1.80000000e+01 4.02136812e+01
 3.00000000e+02 1.80000000e+01 4.03059500e+01
 3.01000000e+02 1.80000000e+01 4.03884356e+01
 3.02000000e+02 1.80000000e+01 4.04606634e+01
 3.03000000e+02 1.80000000e+01 4.09064166e+01
 3.04000000e+02 1.80000000e+01 4.09569475e+01
 3.05000000e+02 1.80000000e+01 4.09969317e+01
 3.06000000e+02 1.80000000e+01 4.10268875e+01
 3.07000000e+02 1.80000000e+01 4.10473331e+01
 3.08000000e+02 1.80000000e+01 4.10587869e+01
 3.09000000e+02 1.80000000e+01 4.10617670e+01
 3.10000000e+02 1.80000000e+01 4.10567917e+01
 3.11000000e+02 1.80000000e+01 4.10443793e+01
 3.12000000e+02 1.80000000e+01 4.10250480e+01
 3.13000000e+02 1.80000000e+01 4.09993162e+01
 3.14000000e+02 1.80000000e+01 4.09677019e+01
 3.15000000e+02 1.80000000e+01 4.09307236e+01
 3.16000000e+02 1.80000000e+01 4.08888994e+01
 3.17000000e+02 1.80000000e+01 4.08427476e+01
 3.18000000e+02 1.80000000e+01 4.07927865e+01
 3.19000000e+02 1.80000000e+01 4.07395344e+01
 3.20000000e+02 1.80000000e+01 4.06835094e+01
 3.21000000e+02 1.80000000e+01 4.06252298e+01
 3.22000000e+02 1.80000000e+01 4.05652140e+01
 3.23000000e+02 1.80000000e+01 4.05039800e+01
 3.24000000e+02 1.80000000e+01 4.04420463e+01
 3.25000000e+02 1.80000000e+01 4.03799311e+01
 3.26000000e+02 1.80000000e+01 4.03181525e+01
 3.27000000e+02 1.80000000e+01 4.02572290e+01
 3.28000000e+02 1.80000000e+01 4.01976786e+01
 3.29000000e+02 1.80000000e+01 4.01400198e+01
 3.30000000e+02 1.80000000e+01 4.00847707e+01
 3.31000000e+02 1.80000000e+01 4.00324496e+01
 3.32000000e+02 1.80000000e+01 3.99835747e+01
 3.33000000e+02 1.80000000e+01 3.99386644e+01
 3.34000000e+02 1.80000000e+01 3.98982368e+01
 3.35000000e+02 1.80000000e+01 3.98628103e+01
 3.36000000e+02 1.80000000e+01 3.98329030e+01
 3.37000000e+02 1.80000000e+01 3.98090333e+01
 3.38000000e+02 1.80000000e+01 3.97917193e+01
 3.39000000e+02 1.80000000e+01 3.97814794e+01
 3.40000000e+02 1.80000000e+01 3.97788318e+01
 3.41000000e+02 1.80000000e+01 3.97842948e+01
 3.42000000e+02 1.80000000e+01 3.97324427e+01
 3.43000000e+02 1.80000000e+01 3.97549792e+01
 3.44000000e+02 1.80000000e+01 3.97856351e+01
 3.45000000e+02 1.80000000e+01 3.98240268e+01
 3.46000000e+02 1.80000000e+01 3.98697709e+01
 3.47000000e+02 1.80000000e+01 3.99224837e+01
 3.48000000e+02 1.80000000e+01 3.99817817e+01
 3.49000000e+02 1.80000000e+01 4.00472813e+01
 3.50000000e+02 1.80000000e+01 4.01185991e+01
 3.51000000e+02 1.80000000e+01 4.01953514e+01
 3.52000000e+02 1.80000000e+01 4.02771548e+01
 3.53000000e+02 1.80000000e+01 4.03636256e+01
 3.54000000e+02 1.80000000e+01 4.04543804e+01
 3.55000000e+02 1.80000000e+01 4.05490356e+01
 3.56000000e+02 1.80000000e+01 4.06472076e+01
 3.57000000e+02 1.80000000e+01 4.07485129e+01
 3.58000000e+02 1.80000000e+01 4.08525680e+01
 3.59000000e+02 1.80000000e+01 4.09589893e+01
 3.60000000e+02 1.80000000e+01 4.10673933e+01
 3.61000000e+02 1.80000000e+01 4.11773964e+01
 3.62000000e+02 1.80000000e+01 4.12886150e+01
 3.63000000e+02 1.80000000e+01 4.14006658e+01
 3.64000000e+02 1.80000000e+01 4.15131650e+01
 3.65000000e+02 1.80000000e+01 4.16257291e+01
 3.66000000e+02 1.80000000e+01 4.17379747e+01
 3.67000000e+02 1.80000000e+01 4.18495181e+01
 3.68000000e+02 1.80000000e+01 4.19599758e+01
 3.69000000e+02 1.80000000e+01 4.20689643e+01
 3.70000000e+02 1.80000000e+01 4.21761000e+01
 3.71000000e+02 1.80000000e+01 4.22809994e+01
 3.72000000e+02 1.80000000e+01 4.23832789e+01
 3.73000000e+02 1.80000000e+01 4.24825550e+01
 3.74000000e+02 1.80000000e+01 4.25784442e+01
 3.75000000e+02 1.80000000e+01 4.26705628e+01
 3.76000000e+02 1.80000000e+01 4.27585274e+01
 3.77000000e+02 1.80000000e+01 4.28419545e+01
 3.78000000e+02 1.80000000e+01 4.29204603e+01
 3.79000000e+02 1.80000000e+01 4.29936616e+01
 3.80000000e+02 1.80000000e+01 4.30372753e+01
 3.81000000e+02 1.80000000e+01 4.30989186e+01
 3.82000000e+02 1.80000000e+01 4.31548360e+01
 3.83000000e+02 1.80000000e+01 4.32052114e+01
 3.84000000e+02 1.80000000e+01 4.32502286e+01
 3.85000000e+02 1.80000000e+01 4.32900714e+01
 3.86000000e+02 1.80000000e+01 4.33249236e+01
 3.87000000e+02 1.80000000e+01 4.33549690e+01
 3.88000000e+02 1.80000000e+01 4.33803915e+01
 3.89000000e+02 1.80000000e+01 4.34013748e+01
 3.90000000e+02 1.80000000e+01 4.34181028e+01
 3.91000000e+02 1.80000000e+01 4.34307593e+01
 3.92000000e+02 1.80000000e+01 4.34395281e+01
 3.93000000e+02 1.80000000e+01 4.34445931e+01
 3.94000000e+02 1.80000000e+01 4.34461379e+01
 3.95000000e+02 1.80000000e+01 4.34443466e+01
 3.96000000e+02 1.80000000e+01 4.34394028e+01
 3.97000000e+02 1.80000000e+01 4.34314904e+01
 3.98000000e+02 1.80000000e+01 4.34207932e+01
 3.99000000e+02 1.80000000e+01 4.34074950e+01
 4.00000000e+02 1.80000000e+01 4.33917796e+01
 4.01000000e+02 1.80000000e+01 4.33738309e+01
 4.02000000e+02 1.80000000e+01 4.33538327e+01
 4.03000000e+02 1.80000000e+01 4.33319688e+01
 4.04000000e+02 1.80000000e+01 4.33084229e+01
 4.05000000e+02 1.80000000e+01 4.32833790e+01
 4.06000000e+02 1.80000000e+01 4.32570208e+01
 4.07000000e+02 1.80000000e+01 4.32295321e+01
 4.08000000e+02 1.80000000e+01 4.32010968e+01
 4.09000000e+02 1.80000000e+01 4.31718987e+01
 4.10000000e+02 1.80000000e+01 4.31421216e+01
 4.11000000e+02 1.80000000e+01 4.31119493e+01
 4.12000000e+02 1.80000000e+01 4.30815656e+01
 4.13000000e+02 1.80000000e+01 4.30511544e+01
 4.14000000e+02 1.80000000e+01 4.30208994e+01
 4.15000000e+02 1.80000000e+01 4.29909845e+01
 4.16000000e+02 1.80000000e+01 4.29615934e+01
 4.17000000e+02 1.80000000e+01 4.29329101e+01
 4.18000000e+02 1.80000000e+01 4.29051183e+01
 4.19000000e+02 1.80000000e+01 4.26405515e+01
 4.20000000e+02 1.80000000e+01 4.26149540e+01
 4.21000000e+02 1.80000000e+01 4.25905341e+01
 4.22000000e+02 1.80000000e+01 4.25673328e+01
 4.23000000e+02 1.80000000e+01 4.25453911e+01
 4.24000000e+02 1.80000000e+01 4.25247499e+01
 4.25000000e+02 1.80000000e+01 4.25054502e+01
 4.26000000e+02 1.80000000e+01 4.24875329e+01
 4.27000000e+02 1.80000000e+01 4.24710390e+01
 4.28000000e+02 1.80000000e+01 4.24560094e+01
 4.29000000e+02 1.80000000e+01 4.24424852e+01
 4.30000000e+02 1.80000000e+01 4.24305071e+01
 4.31000000e+02 1.80000000e+01 4.24201163e+01
 4.32000000e+02 1.80000000e+01 4.24113536e+01
 4.33000000e+02 1.80000000e+01 4.24042601e+01
 4.34000000e+02 1.80000000e+01 4.23988766e+01
 4.35000000e+02 1.80000000e+01 4.23952441e+01
 4.36000000e+02 1.80000000e+01 4.23934036e+01
 4.37000000e+02 1.80000000e+01 4.23933960e+01
 4.38000000e+02 1.80000000e+01 4.23952624e+01
 4.39000000e+02 1.80000000e+01 4.23990435e+01
 4.40000000e+02 1.80000000e+01 4.24047805e+01
 4.41000000e+02 1.80000000e+01 4.24125142e+01
 4.42000000e+02 1.80000000e+01 4.24222856e+01
 4.43000000e+02 1.80000000e+01 4.24341356e+01
 4.44000000e+02 1.80000000e+01 4.24481053e+01
 4.45000000e+02 1.80000000e+01 4.24642356e+01
 4.46000000e+02 1.80000000e+01 4.24825673e+01
 4.47000000e+02 1.80000000e+01 4.25031416e+01
 4.48000000e+02 1.80000000e+01 4.25259993e+01
 4.49000000e+02 1.80000000e+01 4.25511813e+01
 4.50000000e+02 1.80000000e+01 4.25787288e+01
 4.51000000e+02 1.80000000e+01 4.26086825e+01
 4.52000000e+02 1.80000000e+01 4.26410834e+01
 4.53000000e+02 1.80000000e+01 4.26759726e+01
 4.54000000e+02 1.80000000e+01 4.27133909e+01
 4.55000000e+02 1.80000000e+01 4.27533794e+01
 4.56000000e+02 1.80000000e+01 4.27959789e+01
 4.57000000e+02 1.80000000e+01 4.32079971e+01
 4.58000000e+02 1.80000000e+01 4.32557810e+01
 4.59000000e+02 1.80000000e+01 4.33058154e+01
 4.60000000e+02 1.80000000e+01 4.33578028e+01
 4.61000000e+02 1.80000000e+01 4.34114459e+01
 4.62000000e+02 1.80000000e+01 4.34664472e+01
 4.63000000e+02 1.80000000e+01 4.35225092e+01
 4.64000000e+02 1.80000000e+01 4.35793345e+01
 4.65000000e+02 1.80000000e+01 4.36366257e+01
 4.66000000e+02 1.80000000e+01 4.36940853e+01
 4.67000000e+02 1.80000000e+01 4.37514158e+01
 4.68000000e+02 1.80000000e+01 4.38083198e+01
 4.69000000e+02 1.80000000e+01 4.38645000e+01
 4.70000000e+02 1.80000000e+01 4.39196587e+01
 4.71000000e+02 1.80000000e+01 4.39734987e+01
 4.72000000e+02 1.80000000e+01 4.40257224e+01
 4.73000000e+02 1.80000000e+01 4.40760324e+01
 4.74000000e+02 1.80000000e+01 4.41241312e+01
 4.75000000e+02 1.80000000e+01 4.41697215e+01
 4.76000000e+02 1.80000000e+01 4.42125058e+01
 4.77000000e+02 1.80000000e+01 4.42521866e+01
 4.78000000e+02 1.80000000e+01 4.42884664e+01
 4.79000000e+02 1.80000000e+01 4.43210480e+01
 4.80000000e+02 1.80000000e+01 4.43496337e+01
 4.81000000e+02 1.80000000e+01 4.43739261e+01
 4.82000000e+02 1.80000000e+01 4.43936279e+01
 4.83000000e+02 1.80000000e+01 4.44084416e+01
 4.84000000e+02 1.80000000e+01 4.44180697e+01
 4.85000000e+02 1.80000000e+01 4.44222148e+01
 4.86000000e+02 1.80000000e+01 4.44205794e+01
 4.87000000e+02 1.80000000e+01 4.44128661e+01
 4.88000000e+02 1.80000000e+01 4.43987775e+01
 4.89000000e+02 1.80000000e+01 4.43780160e+01
 4.90000000e+02 1.80000000e+01 4.43502844e+01
 4.91000000e+02 1.80000000e+01 4.43152851e+01
 4.92000000e+02 1.80000000e+01 4.42727206e+01
 4.93000000e+02 1.80000000e+01 4.42222936e+01
 4.94000000e+02 1.80000000e+01 4.41637066e+01
 4.95000000e+02 1.80000000e+01 4.39666517e+01
 4.96000000e+02 1.80000000e+01 4.38909377e+01
 4.97000000e+02 1.80000000e+01 4.38066754e+01
 4.98000000e+02 1.80000000e+01 4.37140711e+01
 4.99000000e+02 1.80000000e+01 4.36133314e+01
 5.00000000e+02 1.80000000e+01 4.35046628e+01
 5.01000000e+02 1.80000000e+01 4.33882718e+01
 5.02000000e+02 1.80000000e+01 4.32643649e+01
 5.03000000e+02 1.80000000e+01 4.31331486e+01
 5.04000000e+02 1.80000000e+01 4.29948293e+01
 5.05000000e+02 1.80000000e+01 4.28496137e+01
 5.06000000e+02 1.80000000e+01 4.26977081e+01
 5.07000000e+02 1.80000000e+01 4.25393191e+01
 5.08000000e+02 1.80000000e+01 4.23746531e+01
 5.09000000e+02 1.80000000e+01 4.22039167e+01
 5.10000000e+02 1.80000000e+01 4.20273164e+01
 5.11000000e+02 1.80000000e+01 4.18450586e+01
 5.12000000e+02 1.80000000e+01 4.16573499e+01
 5.13000000e+02 1.80000000e+01 4.14643967e+01
 5.14000000e+02 1.80000000e+01 4.12664056e+01
 5.15000000e+02 1.80000000e+01 4.10635830e+01
 5.16000000e+02 1.80000000e+01 4.08561355e+01
 5.17000000e+02 1.80000000e+01 4.06442695e+01
 5.18000000e+02 1.80000000e+01 4.04281915e+01
 5.19000000e+02 1.80000000e+01 4.02081080e+01
 5.20000000e+02 1.80000000e+01 3.99842256e+01
 5.21000000e+02 1.80000000e+01 3.97567507e+01
 5.22000000e+02 1.80000000e+01 3.95258898e+01
 5.23000000e+02 1.80000000e+01 3.92918495e+01
 5.24000000e+02 1.80000000e+01 3.90548361e+01
 5.25000000e+02 1.80000000e+01 3.88150563e+01
 5.26000000e+02 1.80000000e+01 3.85727164e+01
 5.27000000e+02 1.80000000e+01 3.83280231e+01
 5.28000000e+02 1.80000000e+01 3.80811827e+01
 5.29000000e+02 1.80000000e+01 3.78324019e+01
 5.30000000e+02 1.80000000e+01 3.75818870e+01
 5.31000000e+02 1.80000000e+01 3.73298446e+01
 5.32000000e+02 1.80000000e+01 3.70764812e+01
 5.33000000e+02 1.80000000e+01 3.68220033e+01
 5.34000000e+02 1.80000000e+01 3.66932201e+01
 5.35000000e+02 1.80000000e+01 3.64371530e+01
 5.36000000e+02 1.80000000e+01 3.61806459e+01
 5.37000000e+02 1.80000000e+01 3.59239405e+01
 5.38000000e+02 1.80000000e+01 3.56672783e+01
 5.39000000e+02 1.80000000e+01 3.54109008e+01
 5.40000000e+02 1.80000000e+01 3.51550498e+01
 5.41000000e+02 1.80000000e+01 3.48999666e+01
 5.42000000e+02 1.80000000e+01 3.46458930e+01
 5.43000000e+02 1.80000000e+01 3.43930704e+01
 5.44000000e+02 1.80000000e+01 3.41417404e+01
 5.45000000e+02 1.80000000e+01 3.38921446e+01
 5.46000000e+02 1.80000000e+01 3.36445245e+01
 5.47000000e+02 1.80000000e+01 3.33991218e+01
 5.48000000e+02 1.80000000e+01 3.31561780e+01
 5.49000000e+02 1.80000000e+01 3.29159347e+01
 5.50000000e+02 1.80000000e+01 3.26786333e+01
 5.51000000e+02 1.80000000e+01 3.24445156e+01
 5.52000000e+02 1.80000000e+01 3.22138230e+01
 5.53000000e+02 1.80000000e+01 3.19867972e+01
 5.54000000e+02 1.80000000e+01 3.17636797e+01
 5.55000000e+02 1.80000000e+01 3.15447120e+01
 5.56000000e+02 1.80000000e+01 3.13301358e+01
 5.57000000e+02 1.80000000e+01 3.11201926e+01
 5.58000000e+02 1.80000000e+01 3.09151239e+01
 5.59000000e+02 1.80000000e+01 3.07151714e+01
 5.60000000e+02 1.80000000e+01 3.05205766e+01
 5.61000000e+02 1.80000000e+01 3.03315811e+01
 5.62000000e+02 1.80000000e+01 3.01484264e+01
 5.63000000e+02 1.80000000e+01 2.99713541e+01
 5.64000000e+02 1.80000000e+01 2.98006058e+01
 5.65000000e+02 1.80000000e+01 2.96364231e+01
 5.66000000e+02 1.80000000e+01 2.94790474e+01
 5.67000000e+02 1.80000000e+01 2.93287205e+01
 5.68000000e+02 1.80000000e+01 2.91856837e+01
 5.69000000e+02 1.80000000e+01 2.90501789e+01
 5.70000000e+02 1.80000000e+01 2.89224473e+01
 5.71000000e+02 1.80000000e+01 2.88027308e+01
 5.72000000e+02 1.80000000e+01 2.87916429e+01
 5.73000000e+02 1.80000000e+01 2.86885305e+01
 5.74000000e+02 1.80000000e+01 2.85934589e+01
 5.75000000e+02 1.80000000e+01 2.85060580e+01
 5.76000000e+02 1.80000000e+01 2.84259578e+01
 5.77000000e+02 1.80000000e+01 2.83527884e+01
 5.78000000e+02 1.80000000e+01 2.82861798e+01
 5.79000000e+02 1.80000000e+01 2.82257619e+01
 5.80000000e+02 1.80000000e+01 2.81711648e+01
 5.81000000e+02 1.80000000e+01 2.81220185e+01
 5.82000000e+02 1.80000000e+01 2.80779530e+01
 5.83000000e+02 1.80000000e+01 2.80385982e+01
 5.84000000e+02 1.80000000e+01 2.80035843e+01
 5.85000000e+02 1.80000000e+01 2.79725412e+01
 5.86000000e+02 1.80000000e+01 2.79450989e+01
 5.87000000e+02 1.80000000e+01 2.79208874e+01
 5.88000000e+02 1.80000000e+01 2.78995368e+01
 5.89000000e+02 1.80000000e+01 2.78806770e+01
 5.90000000e+02 1.80000000e+01 2.78639380e+01
 5.91000000e+02 1.80000000e+01 2.78489499e+01
 5.92000000e+02 1.80000000e+01 2.78353427e+01
 5.93000000e+02 1.80000000e+01 2.78227463e+01
 5.94000000e+02 1.80000000e+01 2.78107908e+01
 5.95000000e+02 1.80000000e+01 2.77991062e+01
 5.96000000e+02 1.80000000e+01 2.77873225e+01
 5.97000000e+02 1.80000000e+01 2.77750697e+01
 5.98000000e+02 1.80000000e+01 2.77619778e+01
 5.99000000e+02 1.80000000e+01 2.77476769e+01
 6.00000000e+02 1.80000000e+01 2.77317968e+01
 6.01000000e+02 1.80000000e+01 2.77139677e+01
 6.02000000e+02 1.80000000e+01 2.76938195e+01
 6.03000000e+02 1.80000000e+01 2.76709823e+01
 6.04000000e+02 1.80000000e+01 2.76450860e+01
 6.05000000e+02 1.80000000e+01 2.76157606e+01
 6.06000000e+02 1.80000000e+01 2.75826363e+01
 6.07000000e+02 1.80000000e+01 2.75453429e+01
 6.08000000e+02 1.80000000e+01 2.75035105e+01
 6.09000000e+02 1.80000000e+01 2.74567691e+01
 6.10000000e+02 1.80000000e+01 2.74047487e+01
 6.11000000e+02 1.80000000e+01 2.72750655e+01
 6.12000000e+02 1.80000000e+01 2.72119299e+01
 6.13000000e+02 1.80000000e+01 2.71436158e+01
 6.14000000e+02 1.80000000e+01 2.70704596e+01
 6.15000000e+02 1.80000000e+01 2.69927974e+01
 6.16000000e+02 1.80000000e+01 2.69109654e+01
 6.17000000e+02 1.80000000e+01 2.68252998e+01
 6.18000000e+02 1.80000000e+01 2.67361367e+01
 6.19000000e+02 1.80000000e+01 2.66438124e+01
 6.20000000e+02 1.80000000e+01 2.65486631e+01
 6.21000000e+02 1.80000000e+01 2.64510250e+01
 6.22000000e+02 1.80000000e+01 2.63512342e+01
 6.23000000e+02 1.80000000e+01 2.62496269e+01
 6.24000000e+02 1.80000000e+01 2.61465394e+01
 6.25000000e+02 1.80000000e+01 2.60423078e+01
 6.26000000e+02 1.80000000e+01 2.59372683e+01
 6.27000000e+02 1.80000000e+01 2.58317571e+01
 6.28000000e+02 1.80000000e+01 2.57261105e+01
 6.29000000e+02 1.80000000e+01 2.56206645e+01
 6.30000000e+02 1.80000000e+01 2.55157554e+01
 6.31000000e+02 1.80000000e+01 2.54117194e+01
 6.32000000e+02 1.80000000e+01 2.53088927e+01
 6.33000000e+02 1.80000000e+01 2.52076114e+01
 6.34000000e+02 1.80000000e+01 2.51082117e+01
 6.35000000e+02 1.80000000e+01 2.50110300e+01
 6.36000000e+02 1.80000000e+01 2.49164022e+01
 6.37000000e+02 1.80000000e+01 2.48246647e+01
 6.38000000e+02 1.80000000e+01 2.47361536e+01
 6.39000000e+02 1.80000000e+01 2.46512051e+01
 6.40000000e+02 1.80000000e+01 2.45701554e+01
 6.41000000e+02 1.80000000e+01 2.44933408e+01
 6.42000000e+02 1.80000000e+01 2.44210973e+01
 6.43000000e+02 1.80000000e+01 2.43537612e+01
 6.44000000e+02 1.80000000e+01 2.42916686e+01
 6.45000000e+02 1.80000000e+01 2.42351559e+01
 6.46000000e+02 1.80000000e+01 2.41845590e+01
 6.47000000e+02 1.80000000e+01 2.41402144e+01
 6.48000000e+02 1.80000000e+01 2.41024581e+01
 6.49000000e+02 1.80000000e+01 2.38592613e+01
 6.50000000e+02 1.80000000e+01 2.38355195e+01
 6.51000000e+02 1.80000000e+01 2.38187519e+01
 6.52000000e+02 1.80000000e+01 2.38088105e+01
 6.53000000e+02 1.80000000e+01 2.38055471e+01
 6.54000000e+02 1.80000000e+01 2.38088138e+01
 6.55000000e+02 1.80000000e+01 2.38184623e+01
 6.56000000e+02 1.80000000e+01 2.38343446e+01
 6.57000000e+02 1.80000000e+01 2.38563127e+01
 6.58000000e+02 1.80000000e+01 2.38842183e+01
 6.59000000e+02 1.80000000e+01 2.39179135e+01
 6.60000000e+02 1.80000000e+01 2.39572500e+01
 6.61000000e+02 1.80000000e+01 2.40020799e+01
 6.62000000e+02 1.80000000e+01 2.40522551e+01
 6.63000000e+02 1.80000000e+01 2.41076273e+01
 6.64000000e+02 1.80000000e+01 2.41680487e+01
 6.65000000e+02 1.80000000e+01 2.42333709e+01
 6.66000000e+02 1.80000000e+01 2.43034461e+01
 6.67000000e+02 1.80000000e+01 2.43781260e+01
 6.68000000e+02 1.80000000e+01 2.44572626e+01
 6.69000000e+02 1.80000000e+01 2.45407077e+01
 6.70000000e+02 1.80000000e+01 2.46283134e+01
 6.71000000e+02 1.80000000e+01 2.47199314e+01
 6.72000000e+02 1.80000000e+01 2.48154137e+01
 6.73000000e+02 1.80000000e+01 2.49146122e+01
 6.74000000e+02 1.80000000e+01 2.50173789e+01
 6.75000000e+02 1.80000000e+01 2.51235655e+01
 6.76000000e+02 1.80000000e+01 2.52330241e+01
 6.77000000e+02 1.80000000e+01 2.53456065e+01
 6.78000000e+02 1.80000000e+01 2.54611647e+01
 6.79000000e+02 1.80000000e+01 2.55795505e+01
 6.80000000e+02 1.80000000e+01 2.57006158e+01
 6.81000000e+02 1.80000000e+01 2.58242126e+01
 6.82000000e+02 1.80000000e+01 2.59501928e+01
 6.83000000e+02 1.80000000e+01 2.60784082e+01
 6.84000000e+02 1.80000000e+01 2.62087108e+01
 6.85000000e+02 1.80000000e+01 2.63409525e+01
 6.86000000e+02 1.80000000e+01 2.64749851e+01
 6.87000000e+02 1.80000000e+01 2.66106607e+01
 6.88000000e+02 1.80000000e+01 2.67790778e+01
 6.89000000e+02 1.80000000e+01 2.69176236e+01
 6.90000000e+02 1.80000000e+01 2.70574270e+01
 6.91000000e+02 1.80000000e+01 2.71983717e+01
 6.92000000e+02 1.80000000e+01 2.73403414e+01
 6.93000000e+02 1.80000000e+01 2.74832197e+01
 6.94000000e+02 1.80000000e+01 2.76268904e+01
 6.95000000e+02 1.80000000e+01 2.77712370e+01
 6.96000000e+02 1.80000000e+01 2.79161433e+01
 6.97000000e+02 1.80000000e+01 2.80614930e+01
 6.98000000e+02 1.80000000e+01 2.82071698e+01
 6.99000000e+02 1.80000000e+01 2.83530572e+01
 7.00000000e+02 1.80000000e+01 2.84990391e+01
 7.01000000e+02 1.80000000e+01 2.86449990e+01
 7.02000000e+02 1.80000000e+01 2.87908206e+01
 7.03000000e+02 1.80000000e+01 2.89363877e+01
 7.04000000e+02 1.80000000e+01 2.90815839e+01
 7.05000000e+02 1.80000000e+01 2.92262928e+01
 7.06000000e+02 1.80000000e+01 2.93703983e+01
 7.07000000e+02 1.80000000e+01 2.95137838e+01
 7.08000000e+02 1.80000000e+01 2.96563332e+01
 7.09000000e+02 1.80000000e+01 2.97979300e+01
 7.10000000e+02 1.80000000e+01 2.99384581e+01
 7.11000000e+02 1.80000000e+01 3.00778009e+01
 7.12000000e+02 1.80000000e+01 3.02158423e+01
 7.13000000e+02 1.80000000e+01 3.03524659e+01
 7.14000000e+02 1.80000000e+01 3.04875554e+01
 7.15000000e+02 1.80000000e+01 3.06209944e+01
 7.16000000e+02 1.80000000e+01 3.07526667e+01
 7.17000000e+02 1.80000000e+01 3.08824559e+01
 7.18000000e+02 1.80000000e+01 3.10102457e+01
 7.19000000e+02 1.80000000e+01 3.11359197e+01
 7.20000000e+02 1.80000000e+01 3.12593617e+01
 7.21000000e+02 1.80000000e+01 3.13804553e+01
 7.22000000e+02 1.80000000e+01 3.14990842e+01
 7.23000000e+02 1.80000000e+01 3.16151320e+01
 7.24000000e+02 1.80000000e+01 3.17284826e+01
 7.25000000e+02 1.80000000e+01 3.18390194e+01
 7.26000000e+02 1.80000000e+01 3.20361061e+01
 7.27000000e+02 1.80000000e+01 3.21407382e+01
 7.28000000e+02 1.80000000e+01 3.22424232e+01
 7.29000000e+02 1.80000000e+01 3.23411953e+01
 7.30000000e+02 1.80000000e+01 3.24370891e+01
 7.31000000e+02 1.80000000e+01 3.25301389e+01
 7.32000000e+02 1.80000000e+01 3.26203792e+01
 7.33000000e+02 1.80000000e+01 3.27078445e+01
 7.34000000e+02 1.80000000e+01 3.27925693e+01
 7.35000000e+02 1.80000000e+01 3.28745878e+01
 7.36000000e+02 1.80000000e+01 3.29539347e+01
 7.37000000e+02 1.80000000e+01 3.30306443e+01
 7.38000000e+02 1.80000000e+01 3.31047511e+01
 7.39000000e+02 1.80000000e+01 3.31762895e+01
 7.40000000e+02 1.80000000e+01 3.32452940e+01
 7.41000000e+02 1.80000000e+01 3.33117990e+01
 7.42000000e+02 1.80000000e+01 3.33758390e+01
 7.43000000e+02 1.80000000e+01 3.34374483e+01
 7.44000000e+02 1.80000000e+01 3.34966615e+01
 7.45000000e+02 1.80000000e+01 3.35535130e+01
 7.46000000e+02 1.80000000e+01 3.36080372e+01
 7.47000000e+02 1.80000000e+01 3.36602687e+01
 7.48000000e+02 1.80000000e+01 3.37102417e+01
 7.49000000e+02 1.80000000e+01 3.37579908e+01
 7.50000000e+02 1.80000000e+01 3.38035504e+01
 7.51000000e+02 1.80000000e+01 3.38469549e+01
 7.52000000e+02 1.80000000e+01 3.38882388e+01
 7.53000000e+02 1.80000000e+01 3.39274366e+01
 7.54000000e+02 1.80000000e+01 3.39645827e+01
 7.55000000e+02 1.80000000e+01 3.39997115e+01
 7.56000000e+02 1.80000000e+01 3.40328574e+01
 7.57000000e+02 1.80000000e+01 3.40640550e+01
 7.58000000e+02 1.80000000e+01 3.40933386e+01
 7.59000000e+02 1.80000000e+01 3.41207427e+01
 7.60000000e+02 1.80000000e+01 3.41463018e+01
 7.61000000e+02 1.80000000e+01 3.41700503e+01
 7.62000000e+02 1.80000000e+01 3.41920226e+01
 7.63000000e+02 1.80000000e+01 3.42122531e+01
 7.64000000e+02 1.80000000e+01 3.42307764e+01
