 2.41000000e+02 2.00000000e+01 2.90247411e+01
 2.42000000e+02 2.00000000e+01 2.89539698e+01
 2.43000000e+02 2.00000000e+01 2.88805757e+01
 2.44000000e+02 2.00000000e+01 2.88047826e+01
 2.45000000e+02 2.00000000e+01 2.87268144e+01
 2.46000000e+02 2.00000000e+01 2.86468951e+01
 2.47000000e+02 2.00000000e+01 2.85652486e+01
 2.48000000e+02 2.00000000e+01 2.84820986e+01
 2.49000000e+02 2.00000000e+01 2.83976692e+01
 2.50000000e+02 2.00000000e+01 2.83121841e+01
 2.51000000e+02 2.00000000e+01 2.82258674e+01
 2.52000000e+02 2.00000000e+01 2.81389428e+01
 2.53000000e+02 2.00000000e+01 2.80516344e+01
 2.54000000e+02 2.00000000e+01 2.79641658e+01
 2.55000000e+02 2.00000000e+01 2.78767612e+01
 2.56000000e+02 2.00000000e+01 2.77896443e+01
 2.57000000e+02 2.00000000e+01 2.77030390e+01
 2.58000000e+02 2.00000000e+01 2.76171693e+01
 2.59000000e+02 2.00000000e+01 2.75322590e+01
 2.60000000e+02 2.00000000e+01 2.74485320e+01
 2.61000000e+02 2.00000000e+01 2.73662122e+01
 2.62000000e+02 2.00000000e+01 2.72855235e+01
 2.63000000e+02 2.00000000e+01 2.72066898e+01
 2.64000000e+02 2.00000000e+01 2.71299350e+01
 2.65000000e+02 2.00000000e+01 2.70554830e+01
 2.66000000e+02 2.00000000e+01 2.69835576e+01
 2.67000000e+02 2.00000000e+01 2.69143828e+01
 2.68000000e+02 2.00000000e+01 2.68481824e+01
 2.69000000e+02 2.00000000e+01 2.67851803e+01
 2.70000000e+02 2.00000000e+01 2.67256005e+01
 2.71000000e+02 2.00000000e+01 2.66696668e+01
 2.72000000e+02 2.00000000e+01 2.66176031e+01
 2.73000000e+02 2.00000000e+01 2.65696333e+01
 2.74000000e+02 2.00000000e+01 2.65259813e+01
 2.75000000e+02 2.00000000e+01 2.64868710e+01
 2.76000000e+02 2.00000000e+01 2.64525263e+01
 2.77000000e+02 2.00000000e+01 2.64231710e+01
 2.78000000e+02 2.00000000e+01 2.63990291e+01
 2.79000000e+02 2.00000000e+01 2.62828617e+01
 2.80000000e+02 2.00000000e+01 2.62695101e+01
 2.81000000e+02 2.00000000e+01 2.62613175e+01
 2.82000000e+02 2.00000000e+01 2.62580658e+01
 2.83000000e+02 2.00000000e+01 2.62595368e+01
 2.84000000e+02 2.00000000e+01 2.62655125e+01
 2.85000000e+02 2.00000000e+01 2.62757749e+01
 2.86000000e+02 2.00000000e+01 2.62901057e+01
 2.87000000e+02 2.00000000e+01 2.63082870e+01
 2.88000000e+02 2.00000000e+01 2.63301007e+01
 2.89000000e+02 2.00000000e+01 2.63553287e+01
 2.90000000e+02 2.00000000e+01 2.63837528e+01
 2.91000000e+02 2.00000000e+01 2.64151551e+01
 2.92000000e+02 2.00000000e+01 2.64493175e+01
 2.93000000e+02 2.00000000e+01 2.64860218e+01
 2.94000000e+02 2.00000000e+01 2.65250500e+01
 2.95000000e+02 2.00000000e+01 2.65661839e+01
 2.96000000e+02 2.00000000e+01 2.66092057e+01
 2.97000000e+02 2.00000000e+01 2.66538970e+01
 2.98000000e+02 2.00000000e+01 2.67000399e+01
 2.99000000e+02 2.00000000e+01 2.67474163e+01
 3.00000000e+02 2.00000000e+01 2.67958081e+01
 3.01000000e+02 2.00000000e+01 2.68449972e+01
 3.02000000e+02 2.00000000e+01 2.68947655e+01
 3.03000000e+02 2.00000000e+01 2.69448950e+01
 3.04000000e+02 2.00000000e+01 2.69951676e+01
 3.05000000e+02 2.00000000e+01 2.70453652e+01
 3.06000000e+02 2.00000000e+01 2.70952697e+01
 3.07000000e+02 2.00000000e+01 2.71446630e+01
 3.08000000e+02 2.00000000e+01 2.71933270e+01
 3.09000000e+02 2.00000000e+01 2.72410438e+01
 3.10000000e+02 2.00000000e+01 2.72875951e+01
 3.11000000e+02 2.00000000e+01 2.73327629e+01
 3.12000000e+02 2.00000000e+01 2.73763292e+01
 3.13000000e+02 2.00000000e+01 2.74180758e+01
 3.14000000e+02 2.00000000e+01 2.74577847e+01
 3.15000000e+02 2.00000000e+01 2.74952377e+01
 3.16000000e+02 2.00000000e+01 2.75545755e+01
 3.17000000e+02 2.00000000e+01 2.75869724e+01
 3.18000000e+02 2.00000000e+01 2.76168610e+01
 3.19000000e+02 2.00000000e+01 2.76443356e+01
 3.20000000e+02 2.00000000e+01 2.76694904e+01
 3.21000000e+02 2.00000000e+01 2.76924199e+01
 3.22000000e+02 2.00000000e+01 2.77132185e+01
 3.23000000e+02 2.00000000e+01 2.77319803e+01
 3.24000000e+02 2.00000000e+01 2.77487998e+01
 3.25000000e+02 2.00000000e+01 2.77637714e+01
 3.26000000e+02 2.00000000e+01 2.77769893e+01
 3.27000000e+02 2.00000000e+01 2.77885479e+01
 3.28000000e+02 2.00000000e+01 2.77985415e+01
 3.29000000e+02 2.00000000e+01 2.78070646e+01
 3.30000000e+02 2.00000000e+01 2.78142113e+01
 3.31000000e+02 2.00000000e+01 2.78200761e+01
 3.32000000e+02 2.00000000e+01 2.78247534e+01
 3.33000000e+02 2.00000000e+01 2.78283374e+01
 3.34000000e+02 2.00000000e+01 2.78309224e+01
 3.35000000e+02 2.00000000e+01 2.78326030e+01
 3.36000000e+02 2.00000000e+01 2.78334732e+01
 3.37000000e+02 2.00000000e+01 2.78336276e+01
 3.38000000e+02 2.00000000e+01 2.78331605e+01
 3.39000000e+02 2.00000000e+01 2.78321662e+01
 3.40000000e+02 2.00000000e+01 2.78307390e+01
 3.41000000e+02 2.00000000e+01 2.78289732e+01
 3.42000000e+02 2.00000000e+01 2.78269633e+01
 3.43000000e+02 2.00000000e+01 2.78248036e+01
 3.44000000e+02 2.00000000e+01 2.78225884e+01
 3.45000000e+02 2.00000000e+01 2.78204120e+01
 3.46000000e+02 2.00000000e+01 2.78183688e+01
 3.47000000e+02 2.00000000e+01 2.78165531e+01
 3.48000000e+02 2.00000000e+01 2.78150594e+01
 3.49000000e+02 2.00000000e+01 2.78139818e+01
 3.50000000e+02 2.00000000e+01 2.78134148e+01
 3.51000000e+02 2.00000000e+01 2.78134526e+01
 3.52000000e+02 2.00000000e+01 2.78141897e+01
 3.53000000e+02 2.00000000e+01 2.78157204e+01
 3.54000000e+02 2.00000000e+01 2.77332496e+01
 3.55000000e+02 2.00000000e+01 2.77365801e+01
 3.56000000e+02 2.00000000e+01 2.77408612e+01
 3.57000000e+02 2.00000000e+01 2.77461221e+01
 3.58000000e+02 2.00000000e+01 2.77523917e+01
 3.59000000e+02 2.00000000e+01 2.77596992e+01
 3.60000000e+02 2.00000000e+01 2.77680735e+01
 3.61000000e+02 2.00000000e+01 2.77775437e+01
 3.62000000e+02 2.00000000e+01 2.77881389e+01
 3.63000000e+02 2.00000000e+01 2.77998880e+01
 3.64000000e+02 2.00000000e+01 2.78128202e+01
 3.65000000e+02 2.00000000e+01 2.78269645e+01
 3.66000000e+02 2.00000000e+01 2.78423499e+01
 3.67000000e+02 2.00000000e+01 2.78590055e+01
 3.68000000e+02 2.00000000e+01 2.78769604e+01
 3.69000000e+02 2.00000000e+01 2.78962434e+01
 3.70000000e+02 2.00000000e+01 2.79168838e+01
 3.71000000e+02 2.00000000e+01 2.79389106e+01
 3.72000000e+02 2.00000000e+01 2.79623528e+01
 3.73000000e+02 2.00000000e+01 2.79872394e+01
 3.74000000e+02 2.00000000e+01 2.80135995e+01
 3.75000000e+02 2.00000000e+01 2.80414622e+01
 3.76000000e+02 2.00000000e+01 2.80708565e+01
 3.77000000e+02 2.00000000e+01 2.81018113e+01
 3.78000000e+02 2.00000000e+01 2.81343559e+01
 3.79000000e+02 2.00000000e+01 2.81685192e+01
 3.80000000e+02 2.00000000e+01 2.82043303e+01
 3.81000000e+02 2.00000000e+01 2.82418182e+01
 3.82000000e+02 2.00000000e+01 2.82810119e+01
 3.83000000e+02 2.00000000e+01 2.83219406e+01
 3.84000000e+02 2.00000000e+01 2.83646332e+01
 3.85000000e+02 2.00000000e+01 2.84091188e+01
 3.86000000e+02 2.00000000e+01 2.84554264e+01
 3.87000000e+02 2.00000000e+01 2.85035852e+01
 3.88000000e+02 2.00000000e+01 2.85536241e+01
 3.89000000e+02 2.00000000e+01 2.86055722e+01
 3.90000000e+02 2.00000000e+01 2.86594585e+01
 3.91000000e+02 2.00000000e+01 2.88199741e+01
 3.92000000e+02 2.00000000e+01 2.88777882e+01
 3.93000000e+02 2.00000000e+01 2.89375340e+01
 3.94000000e+02 2.00000000e+01 2.89991807e+01
 3.95000000e+02 2.00000000e+01 2.90626980e+01
 3.96000000e+02 2.00000000e+01 2.91280551e+01
 3.97000000e+02 2.00000000e+01 2.91952214e+01
 3.98000000e+02 2.00000000e+01 2.92641664e+01
 3.99000000e+02 2.00000000e+01 2.93348594e+01
 4.00000000e+02 2.00000000e+01 2.94072699e+01
 4.01000000e+02 2.00000000e+01 2.94813672e+01
 4.02000000e+02 2.00000000e+01 2.95571208e+01
 4.03000000e+02 2.00000000e+01 2.96345001e+01
 4.04000000e+02 2.00000000e+01 2.97134744e+01
 4.05000000e+02 2.00000000e+01 2.97940131e+01
 4.06000000e+02 2.00000000e+01 2.98760858e+01
 4.07000000e+02 2.00000000e+01 2.99596617e+01
 4.08000000e+02 2.00000000e+01 3.00447103e+01
 4.09000000e+02 2.00000000e+01 3.01312009e+01
 4.10000000e+02 2.00000000e+01 3.02191030e+01
 4.11000000e+02 2.00000000e+01 3.03083860e+01
 4.12000000e+02 2.00000000e+01 3.03990193e+01
 4.13000000e+02 2.00000000e+01 3.04909722e+01
 4.14000000e+02 2.00000000e+01 3.05842143e+01
 4.15000000e+02 2.00000000e+01 3.06787148e+01
 4.16000000e+02 2.00000000e+01 3.07744432e+01
 4.17000000e+02 2.00000000e+01 3.08713689e+01
 4.18000000e+02 2.00000000e+01 3.09694612e+01
 4.19000000e+02 2.00000000e+01 3.10686897e+01
 4.20000000e+02 2.00000000e+01 3.11690236e+01
 4.21000000e+02 2.00000000e+01 3.12704325e+01
 4.22000000e+02 2.00000000e+01 3.13728856e+01
 4.23000000e+02 2.00000000e+01 3.14763524e+01
 4.24000000e+02 2.00000000e+01 3.15808024e+01
 4.25000000e+02 2.00000000e+01 3.16862048e+01
 4.26000000e+02 2.00000000e+01 3.17925291e+01
 4.27000000e+02 2.00000000e+01 3.18997448e+01
 4.28000000e+02 2.00000000e+01 3.17923723e+01
 4.29000000e+02 2.00000000e+01 3.19012905e+01
 4.30000000e+02 2.00000000e+01 3.20110601e+01
 4.31000000e+02 2.00000000e+01 3.21216930e+01
 4.32000000e+02 2.00000000e+01 3.22332015e+01
 4.33000000e+02 2.00000000e+01 3.23455977e+01
 4.34000000e+02 2.00000000e+01 3.24588935e+01
 4.35000000e+02 2.00000000e+01 3.25731011e+01
 4.36000000e+02 2.00000000e+01 3.26882326e+01
 4.37000000e+02 2.00000000e+01 3.28043001e+01
 4.38000000e+02 2.00000000e+01 3.29213156e+01
 4.39000000e+02 2.00000000e+01 3.30392913e+01
 4.40000000e+02 2.00000000e+01 3.31582393e+01
 4.41000000e+02 2.00000000e+01 3.32781715e+01
 4.42000000e+02 2.00000000e+01 3.33991002e+01
 4.43000000e+02 2.00000000e+01 3.35210374e+01
 4.44000000e+02 2.00000000e+01 3.36439953e+01
 4.45000000e+02 2.00000000e+01 3.37679858e+01
 4.46000000e+02 2.00000000e+01 3.38930210e+01
 4.47000000e+02 2.00000000e+01 3.40191132e+01
 4.48000000e+02 2.00000000e+01 3.41462743e+01
 4.49000000e+02 2.00000000e+01 3.42745165e+01
 4.50000000e+02 2.00000000e+01 3.44038518e+01
 4.51000000e+02 2.00000000e+01 3.45342924e+01
 4.52000000e+02 2.00000000e+01 3.46658502e+01
 4.53000000e+02 2.00000000e+01 3.47985375e+01
 4.54000000e+02 2.00000000e+01 3.49323663e+01
 4.55000000e+02 2.00000000e+01 3.50673486e+01
 4.56000000e+02 2.00000000e+01 3.52034967e+01
 4.57000000e+02 2.00000000e+01 3.53408225e+01
 4.58000000e+02 2.00000000e+01 3.54793382e+01
 4.59000000e+02 2.00000000e+01 3.56190558e+01
 4.60000000e+02 2.00000000e+01 3.57599875e+01
 4.61000000e+02 2.00000000e+01 3.59021453e+01
 4.62000000e+02 2.00000000e+01 3.60455413e+01
 4.63000000e+02 2.00000000e+01 3.61901876e+01
 4.64000000e+02 2.00000000e+01 3.63360963e+01
 4.65000000e+02 2.00000000e+01 3.64832795e+01
 4.66000000e+02 2.00000000e+01 3.67731912e+01
 4.67000000e+02 2.00000000e+01 3.69227263e+01
 4.68000000e+02 2.00000000e+01 3.70731251e+01
 4.69000000e+02 2.00000000e+01 3.72241588e+01
 4.70000000e+02 2.00000000e+01 3.73755988e+01
 4.71000000e+02 2.00000000e+01 3.75272165e+01
 4.72000000e+02 2.00000000e+01 3.76787831e+01
 4.73000000e+02 2.00000000e+01 3.78300699e+01
 4.74000000e+02 2.00000000e+01 3.79808484e+01
 4.75000000e+02 2.00000000e+01 3.81308898e+01
 4.76000000e+02 2.00000000e+01 3.82799655e+01
 4.77000000e+02 2.00000000e+01 3.84278468e+01
 4.78000000e+02 2.00000000e+01 3.85743051e+01
 4.79000000e+02 2.00000000e+01 3.87191115e+01
 4.80000000e+02 2.00000000e+01 3.88620376e+01
 4.81000000e+02 2.00000000e+01 3.90028546e+01
 4.82000000e+02 2.00000000e+01 3.91413338e+01
 4.83000000e+02 2.00000000e+01 3.92772466e+01
 4.84000000e+02 2.00000000e+01 3.94103644e+01
 4.85000000e+02 2.00000000e+01 3.95404583e+01
 4.86000000e+02 2.00000000e+01 3.96672998e+01
 4.87000000e+02 2.00000000e+01 3.97906603e+01
 4.88000000e+02 2.00000000e+01 3.99103109e+01
 4.89000000e+02 2.00000000e+01 4.00260231e+01
 4.90000000e+02 2.00000000e+01 4.01375682e+01
 4.91000000e+02 2.00000000e+01 4.02447175e+01
 4.92000000e+02 2.00000000e+01 4.03472424e+01
 4.93000000e+02 2.00000000e+01 4.04449141e+01
 4.94000000e+02 2.00000000e+01 4.05375040e+01
 4.95000000e+02 2.00000000e+01 4.06247835e+01
 4.96000000e+02 2.00000000e+01 4.07065239e+01
 4.97000000e+02 2.00000000e+01 4.07824964e+01
 4.98000000e+02 2.00000000e+01 4.08524724e+01
 4.99000000e+02 2.00000000e+01 4.09162233e+01
 5.00000000e+02 2.00000000e+01 4.09735204e+01
 5.01000000e+02 2.00000000e+01 4.10241351e+01
 5.02000000e+02 2.00000000e+01 4.10678385e+01
 5.03000000e+02 2.00000000e+01 4.11205497e+01
 5.04000000e+02 2.00000000e+01 4.11500362e+01
 5.05000000e+02 2.00000000e+01 4.11727310e+01
 5.06000000e+02 2.00000000e+01 4.11889422e+01
 5.07000000e+02 2.00000000e+01 4.11989781e+01
 5.08000000e+02 2.00000000e+01 4.12031470e+01
 5.09000000e+02 2.00000000e+01 4.12017570e+01
 5.10000000e+02 2.00000000e+01 4.11951165e+01
 5.11000000e+02 2.00000000e+01 4.11835336e+01
 5.12000000e+02 2.00000000e+01 4.11673167e+01
 5.13000000e+02 2.00000000e+01 4.11467739e+01
 5.14000000e+02 2.00000000e+01 4.11222135e+01
 5.15000000e+02 2.00000000e+01 4.10939437e+01
 5.16000000e+02 2.00000000e+01 4.10622729e+01
 5.17000000e+02 2.00000000e+01 4.10275091e+01
 5.18000000e+02 2.00000000e+01 4.09899608e+01
 5.19000000e+02 2.00000000e+01 4.09499361e+01
 5.20000000e+02 2.00000000e+01 4.09077432e+01
 5.21000000e+02 2.00000000e+01 4.08636905e+01
 5.22000000e+02 2.00000000e+01 4.08180861e+01
 5.23000000e+02 2.00000000e+01 4.07712383e+01
 5.24000000e+02 2.00000000e+01 4.07234554e+01
 5.25000000e+02 2.00000000e+01 4.06750455e+01
 5.26000000e+02 2.00000000e+01 4.06263170e+01
 5.27000000e+02 2.00000000e+01 4.05775781e+01
 5.28000000e+02 2.00000000e+01 4.05291370e+01
 5.29000000e+02 2.00000000e+01 4.04813019e+01
 5.30000000e+02 2.00000000e+01 4.04343812e+01
 5.31000000e+02 2.00000000e+01 4.03886830e+01
 5.32000000e+02 2.00000000e+01 4.03445156e+01
 5.33000000e+02 2.00000000e+01 4.03021873e+01
 5.34000000e+02 2.00000000e+01 4.02620062e+01
 5.35000000e+02 2.00000000e+01 4.02242807e+01
 5.36000000e+02 2.00000000e+01 4.01893189e+01
 5.37000000e+02 2.00000000e+01 4.01574292e+01
 5.38000000e+02 2.00000000e+01 4.01289197e+01
 5.39000000e+02 2.00000000e+01 4.01040988e+01
 5.40000000e+02 2.00000000e+01 4.00976836e+01
 5.41000000e+02 2.00000000e+01 4.00810234e+01
 5.42000000e+02 2.00000000e+01 4.00683332e+01
 5.43000000e+02 2.00000000e+01 4.00593584e+01
 5.44000000e+02 2.00000000e+01 4.00538443e+01
 5.45000000e+02 2.00000000e+01 4.00515365e+01
 5.46000000e+02 2.00000000e+01 4.00521802e+01
 5.47000000e+02 2.00000000e+01 4.00555209e+01
 5.48000000e+02 2.00000000e+01 4.00613039e+01
 5.49000000e+02 2.00000000e+01 4.00692747e+01
 5.50000000e+02 2.00000000e+01 4.00791787e+01
 5.51000000e+02 2.00000000e+01 4.00907612e+01
 5.52000000e+02 2.00000000e+01 4.01037676e+01
 5.53000000e+02 2.00000000e+01 4.01179435e+01
 5.54000000e+02 2.00000000e+01 4.01330340e+01
 5.55000000e+02 2.00000000e+01 4.01487848e+01
 5.56000000e+02 2.00000000e+01 4.01649410e+01
 5.57000000e+02 2.00000000e+01 4.01812482e+01
 5.58000000e+02 2.00000000e+01 4.01974517e+01
 5.59000000e+02 2.00000000e+01 4.02132970e+01
 5.60000000e+02 2.00000000e+01 4.02285294e+01
 5.61000000e+02 2.00000000e+01 4.02428943e+01
 5.62000000e+02 2.00000000e+01 4.02561371e+01
 5.63000000e+02 2.00000000e+01 4.02680033e+01
 5.64000000e+02 2.00000000e+01 4.02782381e+01
 5.65000000e+02 2.00000000e+01 4.02865871e+01
 5.66000000e+02 2.00000000e+01 4.02927956e+01
 5.67000000e+02 2.00000000e+01 4.02966090e+01
 5.68000000e+02 2.00000000e+01 4.02977727e+01
 5.69000000e+02 2.00000000e+01 4.02960321e+01
 5.70000000e+02 2.00000000e+01 4.02911325e+01
 5.71000000e+02 2.00000000e+01 4.02828195e+01
 5.72000000e+02 2.00000000e+01 4.02708384e+01
 5.73000000e+02 2.00000000e+01 4.02549345e+01
 5.74000000e+02 2.00000000e+01 4.02348533e+01
 5.75000000e+02 2.00000000e+01 4.02103403e+01
 5.76000000e+02 2.00000000e+01 4.01811406e+01
 5.77000000e+02 2.00000000e+01 4.01469999e+01
 5.78000000e+02 2.00000000e+01 4.02360779e+01
 5.79000000e+02 2.00000000e+01 4.01917030e+01
 5.80000000e+02 2.00000000e+01 4.01424683e+01
 5.81000000e+02 2.00000000e+01 4.00885926e+01
 5.82000000e+02 2.00000000e+01 4.00302944e+01
 5.83000000e+02 2.00000000e+01 3.99677926e+01
 5.84000000e+02 2.00000000e+01 3.99013058e+01
 5.85000000e+02 2.00000000e+01 3.98310527e+01
 5.86000000e+02 2.00000000e+01 3.97572520e+01
 5.87000000e+02 2.00000000e+01 3.96801224e+01
 5.88000000e+02 2.00000000e+01 3.95998825e+01
 5.89000000e+02 2.00000000e+01 3.95167512e+01
 5.90000000e+02 2.00000000e+01 3.94309470e+01
 5.91000000e+02 2.00000000e+01 3.93426887e+01
 5.92000000e+02 2.00000000e+01 3.92521950e+01
 5.93000000e+02 2.00000000e+01 3.91596845e+01
 5.94000000e+02 2.00000000e+01 3.90653760e+01
 5.95000000e+02 2.00000000e+01 3.89694881e+01
 5.96000000e+02 2.00000000e+01 3.88722396e+01
 5.97000000e+02 2.00000000e+01 3.87738491e+01
 5.98000000e+02 2.00000000e+01 3.86745353e+01
 5.99000000e+02 2.00000000e+01 3.85745169e+01
 6.00000000e+02 2.00000000e+01 3.84740127e+01
 6.01000000e+02 2.00000000e+01 3.83732413e+01
 6.02000000e+02 2.00000000e+01 3.82724213e+01
 6.03000000e+02 2.00000000e+01 3.81717716e+01
 6.04000000e+02 2.00000000e+01 3.80715107e+01
 6.05000000e+02 2.00000000e+01 3.79718575e+01
 6.06000000e+02 2.00000000e+01 3.78730305e+01
 6.07000000e+02 2.00000000e+01 3.77752485e+01
 6.08000000e+02 2.00000000e+01 3.76787301e+01
 6.09000000e+02 2.00000000e+01 3.75836942e+01
 6.10000000e+02 2.00000000e+01 3.74903592e+01
 6.11000000e+02 2.00000000e+01 3.73989441e+01
 6.12000000e+02 2.00000000e+01 3.73096673e+01
 6.13000000e+02 2.00000000e+01 3.72227477e+01
 6.14000000e+02 2.00000000e+01 3.71384040e+01
 6.15000000e+02 2.00000000e+01 3.68953217e+01
 6.16000000e+02 2.00000000e+01 3.68166661e+01
 6.17000000e+02 2.00000000e+01 3.67408778e+01
 6.18000000e+02 2.00000000e+01 3.66679206e+01
 6.19000000e+02 2.00000000e+01 3.65977578e+01
 6.20000000e+02 2.00000000e+01 3.65303530e+01
 6.21000000e+02 2.00000000e+01 3.64656699e+01
 6.22000000e+02 2.00000000e+01 3.64036719e+01
 6.23000000e+02 2.00000000e+01 3.63443225e+01
 6.24000000e+02 2.00000000e+01 3.62875854e+01
 6.25000000e+02 2.00000000e+01 3.62334240e+01
 6.26000000e+02 2.00000000e+01 3.61818020e+01
 6.27000000e+02 2.00000000e+01 3.61326828e+01
 6.28000000e+02 2.00000000e+01 3.60860300e+01
 6.29000000e+02 2.00000000e+01 3.60418071e+01
 6.30000000e+02 2.00000000e+01 3.59999777e+01
 6.31000000e+02 2.00000000e+01 3.59605053e+01
 6.32000000e+02 2.00000000e+01 3.59233535e+01
 6.33000000e+02 2.00000000e+01 3.58884858e+01
 6.34000000e+02 2.00000000e+01 3.58558658e+01
 6.35000000e+02 2.00000000e+01 3.58254570e+01
 6.36000000e+02 2.00000000e+01 3.57972229e+01
 6.37000000e+02 2.00000000e+01 3.57711271e+01
 6.38000000e+02 2.00000000e+01 3.57471331e+01
 6.39000000e+02 2.00000000e+01 3.57252045e+01
 6.40000000e+02 2.00000000e+01 3.57053049e+01
 6.41000000e+02 2.00000000e+01 3.56873976e+01
 6.42000000e+02 2.00000000e+01 3.56714464e+01
 6.43000000e+02 2.00000000e+01 3.56574148e+01
 6.44000000e+02 2.00000000e+01 3.56452662e+01
 6.45000000e+02 2.00000000e+01 3.56349643e+01
 6.46000000e+02 2.00000000e+01 3.56264726e+01
 6.47000000e+02 2.00000000e+01 3.56197546e+01
 6.48000000e+02 2.00000000e+01 3.56147738e+01
 6.49000000e+02 2.00000000e+01 3.56114939e+01
 6.50000000e+02 2.00000000e+01 3.56098783e+01
 6.51000000e+02 2.00000000e+01 3.56098907e+01
 6.52000000e+02 2.00000000e+01 3.56134387e+01
 6.53000000e+02 2.00000000e+01 3.56165912e+01
 6.54000000e+02 2.00000000e+01 3.56212306e+01
 6.55000000e+02 2.00000000e+01 3.56272909e+01
 6.56000000e+02 2.00000000e+01 3.56347062e+01
 6.57000000e+02 2.00000000e+01 3.56434106e+01
 6.58000000e+02 2.00000000e+01 3.56533380e+01
 6.59000000e+02 2.00000000e+01 3.56644225e+01
 6.60000000e+02 2.00000000e+01 3.56765982e+01
 6.61000000e+02 2.00000000e+01 3.56897990e+01
 6.62000000e+02 2.00000000e+01 3.57039591e+01
 6.63000000e+02 2.00000000e+01 3.57190124e+01
 6.64000000e+02 2.00000000e+01 3.57348930e+01
 6.65000000e+02 2.00000000e+01 3.57515349e+01
 6.66000000e+02 2.00000000e+01 3.57688722e+01
 6.67000000e+02 2.00000000e+01 3.57868389e+01
 6.68000000e+02 2.00000000e+01 3.58053690e+01
 6.69000000e+02 2.00000000e+01 3.58243967e+01
 6.70000000e+02 2.00000000e+01 3.58438558e+01
 6.71000000e+02 2.00000000e+01 3.58636804e+01
 6.72000000e+02 2.00000000e+01 3.58838047e+01
 6.73000000e+02 2.00000000e+01 3.59041626e+01
 6.74000000e+02 2.00000000e+01 3.59246881e+01
 6.75000000e+02 2.00000000e+01 3.59453154e+01
 6.76000000e+02 2.00000000e+01 3.59659784e+01
 6.77000000e+02 2.00000000e+01 3.59866111e+01
 6.78000000e+02 2.00000000e+01 3.60071477e+01
 6.79000000e+02 2.00000000e+01 3.60275221e+01
 6.80000000e+02 2.00000000e+01 3.60476684e+01
 6.81000000e+02 2.00000000e+01 3.60675206e+01
 6.82000000e+02 2.00000000e+01 3.60870128e+01
 6.83000000e+02 2.00000000e+01 3.61060790e+01
 6.84000000e+02 2.00000000e+01 3.61246532e+01
 6.85000000e+02 2.00000000e+01 3.61426695e+01
 6.86000000e+02 2.00000000e+01 3.61600619e+01
 6.87000000e+02 2.00000000e+01 3.61767644e+01
 6.88000000e+02 2.00000000e+01 3.61927111e+01
 6.89000000e+02 2.00000000e+01 3.62078361e+01
 6.90000000e+02 2.00000000e+01 3.62719205e+01
 6.91000000e+02 2.00000000e+01 3.62852892e+01
 6.92000000e+02 2.00000000e+01 3.62978248e+01
 6.93000000e+02 2.00000000e+01 3.63095700e+01
 6.94000000e+02 2.00000000e+01 3.63205677e+01
 6.95000000e+02 2.00000000e+01 3.63308607e+01
 6.96000000e+02 2.00000000e+01 3.63404919e+01
 6.97000000e+02 2.00000000e+01 3.63495040e+01
 6.98000000e+02 2.00000000e+01 3.63579399e+01
 6.99000000e+02 2.00000000e+01 3.63658424e+01
 7.00000000e+02 2.00000000e+01 3.63732543e+01
 7.01000000e+02 2.00000000e+01 3.63802186e+01
 7.02000000e+02 2.00000000e+01 3.63867779e+01
 7.03000000e+02 2.00000000e+01 3.63929751e+01
 7.04000000e+02 2.00000000e+01 3.63988531e+01
 7.05000000e+02 2.00000000e+01 3.64044547e+01
 7.06000000e+02 2.00000000e+01 3.64098227e+01
 7.07000000e+02 2.00000000e+01 3.64149999e+01
 7.08000000e+02 2.00000000e+01 3.64200292e+01
 7.09000000e+02 2.00000000e+01 3.64249534e+01
 7.10000000e+02 2.00000000e+01 3.64298152e+01
 7.11000000e+02 2.00000000e+01 3.64346577e+01
 7.12000000e+02 2.00000000e+01 3.64395235e+01
 7.13000000e+02 2.00000000e+01 3.64444554e+01
 7.14000000e+02 2.00000000e+01 3.64494965e+01
 7.15000000e+02 2.00000000e+01 3.64546893e+01
 7.16000000e+02 2.00000000e+01 3.64600768e+01
 7.17000000e+02 2.00000000e+01 3.64657019e+01
 7.18000000e+02 2.00000000e+01 3.64716072e+01
 7.19000000e+02 2.00000000e+01 3.64778358e+01
 7.20000000e+02 2.00000000e+01 3.64844303e+01
 7.21000000e+02 2.00000000e+01 3.64914336e+01
 7.22000000e+02 2.00000000e+01 3.64988885e+01
 7.23000000e+02 2.00000000e+01 3.65068380e+01
 7.24000000e+02 2.00000000e+01 3.65153247e+01
 7.25000000e+02 2.00000000e+01 3.65243915e+01
 7.26000000e+02 2.00000000e+01 3.65340813e+01
 7.27000000e+02 2.00000000e+01 3.65427308e+01
 7.28000000e+02 2.00000000e+01 3.65537529e+01
 7.29000000e+02 2.00000000e+01 3.65653859e+01
 7.30000000e+02 2.00000000e+01 3.65775691e+01
 7.31000000e+02 2.00000000e+01 3.65902418e+01
 7.32000000e+02 2.00000000e+01 3.66033433e+01
 7.33000000e+02 2.00000000e+01 3.66168130e+01
 7.34000000e+02 2.00000000e+01 3.66305900e+01
 7.35000000e+02 2.00000000e+01 3.66446137e+01
 7.36000000e+02 2.00000000e+01 3.66588234e+01
 7.37000000e+02 2.00000000e+01 3.66731584e+01
 7.38000000e+02 2.00000000e+01 3.66875580e+01
 7.39000000e+02 2.00000000e+01 3.67019615e+01
 7.40000000e+02 2.00000000e+01 3.67163081e+01
 7.41000000e+02 2.00000000e+01 3.67305372e+01
 7.42000000e+02 2.00000000e+01 3.67445880e+01
 7.43000000e+02 2.00000000e+01 3.67583999e+01
 7.44000000e+02 2.00000000e+01 3.67719122e+01
 7.45000000e+02 2.00000000e+01 3.67850641e+01
 7.46000000e+02 2.00000000e+01 3.67977950e+01
 7.47000000e+02 2.00000000e+01 3.68100441e+01
 7.48000000e+02 2.00000000e+01 3.68217507e+01
 7.49000000e+02 2.00000000e+01 3.68328542e+01
 7.50000000e+02 2.00000000e+01 3.68432938e+01
 7.51000000e+02 2.00000000e+01 3.68530088e+01
 7.52000000e+02 2.00000000e+01 3.68619386e+01
 7.53000000e+02 2.00000000e+01 3.68700223e+01
 7.54000000e+02 2.00000000e+01 3.68771994e+01
 7.55000000e+02 2.00000000e+01 3.68834091e+01
 7.56000000e+02 2.00000000e+01 3.68885906e+01
 7.57000000e+02 2.00000000e+01 3.68926834e+01
 7.58000000e+02 2.00000000e+01 3.68956266e+01
 7.59000000e+02 2.00000000e+01 3.68973597e+01
 7.60000000e+02 2.00000000e+01 3.68978218e+01
 7.61000000e+02 2.00000000e+01 3.68969523e+01
 7.62000000e+02 2.00000000e+01 3.68946905e+01
 7.63000000e+02 2.00000000e+01 3.68909757e+01
 7.64000000e+02 2.00000000e+01 3.68857471e+01
