 1.00000000e+00 1.30000000e+01 3.65378679e+01
 2.00000000e+00 1.30000000e+01 3.63677933e+01
 3.00000000e+00 1.30000000e+01 3.62089498e+01
 4.00000000e+00 1.30000000e+01 3.60610315e+01
 5.00000000e+00 1.30000000e+01 3.59237324e+01
 6.00000000e+00 1.30000000e+01 3.57967466e+01
 7.00000000e+00 1.30000000e+01 3.56797682e+01
 8.00000000e+00 1.30000000e+01 3.55724913e+01
 9.00000000e+00 1.30000000e+01 3.54746099e+01
 1.00000000e+01 1.30000000e+01 3.53858181e+01
 1.10000000e+01 1.30000000e+01 3.53058101e+01
 1.20000000e+01 1.30000000e+01 3.52342798e+01
 1.30000000e+01 1.30000000e+01 3.51709214e+01
 1.40000000e+01 1.30000000e+01 3.51154289e+01
 1.50000000e+01 1.30000000e+01 3.50674964e+01
 1.60000000e+01 1.30000000e+01 3.50268180e+01
 1.70000000e+01 1.30000000e+01 3.49930878e+01
 1.80000000e+01 1.30000000e+01 3.49659999e+01
 1.90000000e+01 1.30000000e+01 3.49452482e+01
 2.00000000e+01 1.30000000e+01 3.49305270e+01
 2.10000000e+01 1.30000000e+01 3.49215303e+01
 2.20000000e+01 1.30000000e+01 3.49179521e+01
 2.30000000e+01 1.30000000e+01 3.49194866e+01
 2.40000000e+01 1.30000000e+01 3.49258278e+01
 2.50000000e+01 1.30000000e+01 3.49366698e+01
 2.60000000e+01 1.30000000e+01 3.49517067e+01
 2.70000000e+01 1.30000000e+01 3.49706325e+01
 2.80000000e+01 1.30000000e+01 3.49931414e+01
 2.90000000e+01 1.30000000e+01 3.50189273e+01
 3.00000000e+01 1.30000000e+01 3.50476845e+01
 3.10000000e+01 1.30000000e+01 3.50791069e+01
 3.20000000e+01 1.30000000e+01 3.51128887e+01
 3.30000000e+01 1.30000000e+01 3.51487239e+01
 3.40000000e+01 1.30000000e+01 3.51863066e+01
 3.50000000e+01 1.30000000e+01 3.52253309e+01
 3.60000000e+01 1.30000000e+01 3.52654909e+01
 3.70000000e+01 1.30000000e+01 3.53064806e+01
 3.80000000e+01 1.30000000e+01 3.53479941e+01
 3.90000000e+01 1.30000000e+01 3.53897255e+01
 4.00000000e+01 1.30000000e+01 3.54313689e+01
 4.10000000e+01 1.30000000e+01 3.54726184e+01
 4.20000000e+01 1.30000000e+01 3.55131680e+01
 4.30000000e+01 1.30000000e+01 3.55527117e+01
 4.40000000e+01 1.30000000e+01 3.55909438e+01
 4.50000000e+01 1.30000000e+01 3.56275583e+01
 4.60000000e+01 1.30000000e+01 3.56622492e+01
 4.70000000e+01 1.30000000e+01 3.56947106e+01
 4.80000000e+01 1.30000000e+01 3.57246366e+01
 4.90000000e+01 1.30000000e+01 3.57517213e+01
 5.00000000e+01 1.30000000e+01 3.57756587e+01
 5.10000000e+01 1.30000000e+01 3.59771452e+01
 5.20000000e+01 1.30000000e+01 3.59939607e+01
 5.30000000e+01 1.30000000e+01 3.60071685e+01
 5.40000000e+01 1.30000000e+01 3.60168900e+01
 5.50000000e+01 1.30000000e+01 3.60232460e+01
 5.60000000e+01 1.30000000e+01 3.60263577e+01
 5.70000000e+01 1.30000000e+01 3.60263461e+01
 5.80000000e+01 1.30000000e+01 3.60233323e+01
 5.90000000e+01 1.30000000e+01 3.60174373e+01
 6.00000000e+01 1.30000000e+01 3.60087821e+01
 6.10000000e+01 1.30000000e+01 3.59974880e+01
 6.20000000e+01 1.30000000e+01 3.59836759e+01
 6.30000000e+01 1.30000000e+01 3.59674668e+01
 6.40000000e+01 1.30000000e+01 3.59489819e+01
 6.50000000e+01 1.30000000e+01 3.59283421e+01
 6.60000000e+01 1.30000000e+01 3.59056686e+01
 6.70000000e+01 1.30000000e+01 3.58810825e+01
 6.80000000e+01 1.30000000e+01 3.58547046e+01
 6.90000000e+01 1.30000000e+01 3.58266563e+01
 7.00000000e+01 1.30000000e+01 3.57970584e+01
 7.10000000e+01 1.30000000e+01 3.57660321e+01
 7.20000000e+01 1.30000000e+01 3.57336983e+01
 7.30000000e+01 1.30000000e+01 3.57001783e+01
 7.40000000e+01 1.30000000e+01 3.56655930e+01
 7.50000000e+01 1.30000000e+01 3.56300635e+01
 7.60000000e+01 1.30000000e+01 3.55937108e+01
 7.70000000e+01 1.30000000e+01 3.55566560e+01
 7.80000000e+01 1.30000000e+01 3.55190202e+01
 7.90000000e+01 1.30000000e+01 3.54809245e+01
 8.00000000e+01 1.30000000e+01 3.54424898e+01
 8.10000000e+01 1.30000000e+01 3.54038373e+01
 8.20000000e+01 1.30000000e+01 3.53650880e+01
 8.30000000e+01 1.30000000e+01 3.53263629e+01
 8.40000000e+01 1.30000000e+01 3.52877832e+01
 8.50000000e+01 1.30000000e+01 3.52494699e+01
 8.60000000e+01 1.30000000e+01 3.52115440e+01
 8.70000000e+01 1.30000000e+01 3.51741267e+01
 8.80000000e+01 1.30000000e+01 3.51373389e+01
 8.90000000e+01 1.30000000e+01 3.51013017e+01
 9.00000000e+01 1.30000000e+01 3.50661362e+01
 9.10000000e+01 1.30000000e+01 3.50319635e+01
 9.20000000e+01 1.30000000e+01 3.49989046e+01
 9.30000000e+01 1.30000000e+01 3.49670805e+01
 9.40000000e+01 1.30000000e+01 3.49366124e+01
 9.50000000e+01 1.30000000e+01 3.49076213e+01
 9.60000000e+01 1.30000000e+01 3.48802282e+01
 9.70000000e+01 1.30000000e+01 3.48545542e+01
 9.80000000e+01 1.30000000e+01 3.48307204e+01
 9.90000000e+01 1.30000000e+01 3.48088478e+01
 1.00000000e+02 1.30000000e+01 3.47890575e+01
 1.01000000e+02 1.30000000e+01 3.46654383e+01
 1.02000000e+02 1.30000000e+01 3.46501448e+01
 1.03000000e+02 1.30000000e+01 3.46371377e+01
 1.04000000e+02 1.30000000e+01 3.46263990e+01
 1.05000000e+02 1.30000000e+01 3.46179106e+01
 1.06000000e+02 1.30000000e+01 3.46116545e+01
 1.07000000e+02 1.30000000e+01 3.46076125e+01
 1.08000000e+02 1.30000000e+01 3.46057667e+01
 1.09000000e+02 1.30000000e+01 3.46060988e+01
 1.10000000e+02 1.30000000e+01 3.46085909e+01
 1.11000000e+02 1.30000000e+01 3.46132249e+01
 1.12000000e+02 1.30000000e+01 3.46199827e+01
 1.13000000e+02 1.30000000e+01 3.46288463e+01
 1.14000000e+02 1.30000000e+01 3.46397975e+01
 1.15000000e+02 1.30000000e+01 3.46528183e+01
 1.16000000e+02 1.30000000e+01 3.46678906e+01
 1.17000000e+02 1.30000000e+01 3.46849964e+01
 1.18000000e+02 1.30000000e+01 3.47041175e+01
 1.19000000e+02 1.30000000e+01 3.47252360e+01
 1.20000000e+02 1.30000000e+01 3.47483337e+01
 1.21000000e+02 1.30000000e+01 3.47733925e+01
 1.22000000e+02 1.30000000e+01 3.48003945e+01
 1.23000000e+02 1.30000000e+01 3.48293214e+01
 1.24000000e+02 1.30000000e+01 3.48601553e+01
 1.25000000e+02 1.30000000e+01 3.48928781e+01
 1.26000000e+02 1.30000000e+01 3.49274717e+01
 1.27000000e+02 1.30000000e+01 3.49639180e+01
 1.28000000e+02 1.30000000e+01 3.50021990e+01
 1.29000000e+02 1.30000000e+01 3.50422965e+01
 1.30000000e+02 1.30000000e+01 3.50841926e+01
 1.31000000e+02 1.30000000e+01 3.51278691e+01
 1.32000000e+02 1.30000000e+01 3.51733080e+01
 1.33000000e+02 1.30000000e+01 3.52204912e+01
 1.34000000e+02 1.30000000e+01 3.52694006e+01
 1.35000000e+02 1.30000000e+01 3.53200181e+01
 1.36000000e+02 1.30000000e+01 3.53723258e+01
 1.37000000e+02 1.30000000e+01 3.54263054e+01
 1.38000000e+02 1.30000000e+01 3.54819390e+01
 1.39000000e+02 1.30000000e+01 3.55392085e+01
 1.40000000e+02 1.30000000e+01 3.55980957e+01
 1.41000000e+02 1.30000000e+01 3.56585827e+01
 1.42000000e+02 1.30000000e+01 3.57206513e+01
 1.43000000e+02 1.30000000e+01 3.57842835e+01
 1.44000000e+02 1.30000000e+01 3.58494611e+01
 1.45000000e+02 1.30000000e+01 3.59161663e+01
 1.46000000e+02 1.30000000e+01 3.59843808e+01
 1.47000000e+02 1.30000000e+01 3.60540865e+01
 1.48000000e+02 1.30000000e+01 3.61252655e+01
 1.49000000e+02 1.30000000e+01 3.61978997e+01
 1.50000000e+02 1.30000000e+01 3.62719709e+01
 1.51000000e+02 1.30000000e+01 3.65356695e+01
 1.52000000e+02 1.30000000e+01 3.66125504e+01
 1.53000000e+02 1.30000000e+01 3.66907603e+01
 1.54000000e+02 1.30000000e+01 3.67702369e+01
 1.55000000e+02 1.30000000e+01 3.68509178e+01
 1.56000000e+02 1.30000000e+01 3.69327405e+01
 1.57000000e+02 1.30000000e+01 3.70156427e+01
 1.58000000e+02 1.30000000e+01 3.70995621e+01
 1.59000000e+02 1.30000000e+01 3.71844362e+01
 1.60000000e+02 1.30000000e+01 3.72702026e+01
 1.61000000e+02 1.30000000e+01 3.73567990e+01
 1.62000000e+02 1.30000000e+01 3.74441629e+01
 1.63000000e+02 1.30000000e+01 3.75322320e+01
 1.64000000e+02 1.30000000e+01 3.76209439e+01
 1.65000000e+02 1.30000000e+01 3.77102363e+01
 1.66000000e+02 1.30000000e+01 3.78000466e+01
 1.67000000e+02 1.30000000e+01 3.78903125e+01
 1.68000000e+02 1.30000000e+01 3.79809718e+01
 1.69000000e+02 1.30000000e+01 3.80719618e+01
 1.70000000e+02 1.30000000e+01 3.81632204e+01
 1.71000000e+02 1.30000000e+01 3.82546850e+01
 1.72000000e+02 1.30000000e+01 3.83462933e+01
 1.73000000e+02 1.30000000e+01 3.84379829e+01
 1.74000000e+02 1.30000000e+01 3.85296915e+01
 1.75000000e+02 1.30000000e+01 3.86213566e+01
 1.76000000e+02 1.30000000e+01 3.87129158e+01
 1.77000000e+02 1.30000000e+01 3.88043069e+01
 1.78000000e+02 1.30000000e+01 3.88954672e+01
 1.79000000e+02 1.30000000e+01 3.89863346e+01
 1.80000000e+02 1.30000000e+01 3.90768466e+01
 1.81000000e+02 1.30000000e+01 3.91669408e+01
 1.82000000e+02 1.30000000e+01 3.92565548e+01
 1.83000000e+02 1.30000000e+01 3.93456263e+01
 1.84000000e+02 1.30000000e+01 3.94340929e+01
 1.85000000e+02 1.30000000e+01 3.95218921e+01
 1.86000000e+02 1.30000000e+01 3.96089616e+01
 1.87000000e+02 1.30000000e+01 3.96952390e+01
 1.88000000e+02 1.30000000e+01 3.97806619e+01
 1.89000000e+02 1.30000000e+01 3.98651679e+01
 1.90000000e+02 1.30000000e+01 3.99486947e+01
 1.91000000e+02 1.30000000e+01 4.00311798e+01
 1.92000000e+02 1.30000000e+01 4.01125609e+01
 1.93000000e+02 1.30000000e+01 4.01927755e+01
 1.94000000e+02 1.30000000e+01 4.02717614e+01
 1.95000000e+02 1.30000000e+01 4.03494560e+01
 1.96000000e+02 1.30000000e+01 4.04257971e+01
 1.97000000e+02 1.30000000e+01 4.05007222e+01
 1.98000000e+02 1.30000000e+01 4.05741689e+01
 1.99000000e+02 1.30000000e+01 4.06460749e+01
 2.00000000e+02 1.30000000e+01 4.07163778e+01
 2.01000000e+02 1.30000000e+01 4.13367866e+01
 2.02000000e+02 1.30000000e+01 4.14036681e+01
 2.03000000e+02 1.30000000e+01 4.14686656e+01
 2.04000000e+02 1.30000000e+01 4.15316437e+01
 2.05000000e+02 1.30000000e+01 4.15924671e+01
 2.06000000e+02 1.30000000e+01 4.16510004e+01
 2.07000000e+02 1.30000000e+01 4.17071083e+01
 2.08000000e+02 1.30000000e+01 4.17606555e+01
 2.09000000e+02 1.30000000e+01 4.18115067e+01
 2.10000000e+02 1.30000000e+01 4.18595265e+01
 2.11000000e+02 1.30000000e+01 4.19045796e+01
 2.12000000e+02 1.30000000e+01 4.19465306e+01
 2.13000000e+02 1.30000000e+01 4.19852443e+01
 2.14000000e+02 1.30000000e+01 4.20205854e+01
 2.15000000e+02 1.30000000e+01 4.20524183e+01
 2.16000000e+02 1.30000000e+01 4.20806080e+01
 2.17000000e+02 1.30000000e+01 4.21050190e+01
 2.18000000e+02 1.30000000e+01 4.21255159e+01
 2.19000000e+02 1.30000000e+01 4.21419636e+01
 2.20000000e+02 1.30000000e+01 4.21542266e+01
 2.21000000e+02 1.30000000e+01 4.21621696e+01
 2.22000000e+02 1.30000000e+01 4.21656572e+01
 2.23000000e+02 1.30000000e+01 4.21645543e+01
 2.24000000e+02 1.30000000e+01 4.21587253e+01
 2.25000000e+02 1.30000000e+01 4.21480351e+01
 2.26000000e+02 1.30000000e+01 4.21323482e+01
 2.27000000e+02 1.30000000e+01 4.21115293e+01
 2.28000000e+02 1.30000000e+01 4.20854432e+01
 2.29000000e+02 1.30000000e+01 4.20539545e+01
 2.30000000e+02 1.30000000e+01 4.20169278e+01
 2.31000000e+02 1.30000000e+01 4.19742278e+01
 2.32000000e+02 1.30000000e+01 4.19257192e+01
 2.33000000e+02 1.30000000e+01 4.18712667e+01
 2.34000000e+02 1.30000000e+01 4.18107349e+01
 2.35000000e+02 1.30000000e+01 4.17439886e+01
 2.36000000e+02 1.30000000e+01 4.16708923e+01
 2.37000000e+02 1.30000000e+01 4.15913107e+01
 2.38000000e+02 1.30000000e+01 4.15051086e+01
 2.39000000e+02 1.30000000e+01 4.14121506e+01
 2.40000000e+02 1.30000000e+01 4.13123014e+01
 2.41000000e+02 1.30000000e+01 4.12054256e+01
 2.42000000e+02 1.30000000e+01 4.10913879e+01
 2.43000000e+02 1.30000000e+01 4.09700529e+01
 2.44000000e+02 1.30000000e+01 4.08412855e+01
 2.45000000e+02 1.30000000e+01 4.07049501e+01
 2.46000000e+02 1.30000000e+01 4.05609116e+01
 2.47000000e+02 1.30000000e+01 4.04090345e+01
 2.48000000e+02 1.30000000e+01 4.02491835e+01
 2.49000000e+02 1.30000000e+01 4.00812234e+01
 2.50000000e+02 1.30000000e+01 3.99050187e+01
 2.51000000e+02 1.30000000e+01 3.98741322e+01
 2.52000000e+02 1.30000000e+01 3.96813586e+01
 2.53000000e+02 1.30000000e+01 3.94810089e+01
 2.54000000e+02 1.30000000e+01 3.92737392e+01
 2.55000000e+02 1.30000000e+01 3.90602059e+01
 2.56000000e+02 1.30000000e+01 3.88410653e+01
 2.57000000e+02 1.30000000e+01 3.86169736e+01
 2.58000000e+02 1.30000000e+01 3.83885870e+01
 2.59000000e+02 1.30000000e+01 3.81565620e+01
 2.60000000e+02 1.30000000e+01 3.79215547e+01
 2.61000000e+02 1.30000000e+01 3.76842214e+01
 2.62000000e+02 1.30000000e+01 3.74452184e+01
 2.63000000e+02 1.30000000e+01 3.72052020e+01
 2.64000000e+02 1.30000000e+01 3.69648284e+01
 2.65000000e+02 1.30000000e+01 3.67247540e+01
 2.66000000e+02 1.30000000e+01 3.64856349e+01
 2.67000000e+02 1.30000000e+01 3.62481276e+01
 2.68000000e+02 1.30000000e+01 3.60128882e+01
 2.69000000e+02 1.30000000e+01 3.57805730e+01
 2.70000000e+02 1.30000000e+01 3.55518384e+01
 2.71000000e+02 1.30000000e+01 3.53273405e+01
 2.72000000e+02 1.30000000e+01 3.51077357e+01
 2.73000000e+02 1.30000000e+01 3.48936803e+01
 2.74000000e+02 1.30000000e+01 3.46858304e+01
 2.75000000e+02 1.30000000e+01 3.44848424e+01
 2.76000000e+02 1.30000000e+01 3.42913727e+01
 2.77000000e+02 1.30000000e+01 3.41060773e+01
 2.78000000e+02 1.30000000e+01 3.39296127e+01
 2.79000000e+02 1.30000000e+01 3.37626351e+01
 2.80000000e+02 1.30000000e+01 3.36058007e+01
 2.81000000e+02 1.30000000e+01 3.34597659e+01
 2.82000000e+02 1.30000000e+01 3.33251869e+01
 2.83000000e+02 1.30000000e+01 3.32027200e+01
 2.84000000e+02 1.30000000e+01 3.30930215e+01
 2.85000000e+02 1.30000000e+01 3.29967477e+01
 2.86000000e+02 1.30000000e+01 3.29145547e+01
 2.87000000e+02 1.30000000e+01 3.28470990e+01
 2.88000000e+02 1.30000000e+01 3.27950368e+01
 2.89000000e+02 1.30000000e+01 3.27590243e+01
 2.90000000e+02 1.30000000e+01 3.27397179e+01
 2.91000000e+02 1.30000000e+01 3.27377737e+01
 2.92000000e+02 1.30000000e+01 3.27538482e+01
 2.93000000e+02 1.30000000e+01 3.27885975e+01
 2.94000000e+02 1.30000000e+01 3.28426780e+01
 2.95000000e+02 1.30000000e+01 3.29167458e+01
 2.96000000e+02 1.30000000e+01 3.30114574e+01
 2.97000000e+02 1.30000000e+01 3.31274689e+01
 2.98000000e+02 1.30000000e+01 3.32654367e+01
 2.99000000e+02 1.30000000e+01 3.34260170e+01
 3.00000000e+02 1.30000000e+01 3.36098661e+01
 3.01000000e+02 1.30000000e+01 3.38389817e+01
 3.02000000e+02 1.30000000e+01 3.40705510e+01
 3.03000000e+02 1.30000000e+01 3.43249788e+01
 3.04000000e+02 1.30000000e+01 3.46012563e+01
 3.05000000e+02 1.30000000e+01 3.48983743e+01
 3.06000000e+02 1.30000000e+01 3.52153239e+01
 3.07000000e+02 1.30000000e+01 3.55510959e+01
 3.08000000e+02 1.30000000e+01 3.59046815e+01
 3.09000000e+02 1.30000000e+01 3.62750714e+01
 3.10000000e+02 1.30000000e+01 3.66612568e+01
 3.11000000e+02 1.30000000e+01 3.70622285e+01
 3.12000000e+02 1.30000000e+01 3.74769776e+01
 3.13000000e+02 1.30000000e+01 3.79044950e+01
 3.14000000e+02 1.30000000e+01 3.83437717e+01
 3.15000000e+02 1.30000000e+01 3.87937986e+01
 3.16000000e+02 1.30000000e+01 3.92535668e+01
 3.17000000e+02 1.30000000e+01 3.97220671e+01
 3.18000000e+02 1.30000000e+01 4.01982906e+01
 3.19000000e+02 1.30000000e+01 4.06812283e+01
 3.20000000e+02 1.30000000e+01 4.11698711e+01
 3.21000000e+02 1.30000000e+01 4.16632099e+01
 3.22000000e+02 1.30000000e+01 4.21602358e+01
 3.23000000e+02 1.30000000e+01 4.26599396e+01
 3.24000000e+02 1.30000000e+01 4.31613125e+01
 3.25000000e+02 1.30000000e+01 4.36633453e+01
 3.26000000e+02 1.30000000e+01 4.41650291e+01
 3.27000000e+02 1.30000000e+01 4.46653547e+01
 3.28000000e+02 1.30000000e+01 4.51633132e+01
 3.29000000e+02 1.30000000e+01 4.56578956e+01
 3.30000000e+02 1.30000000e+01 4.61480927e+01
 3.31000000e+02 1.30000000e+01 4.66328956e+01
 3.32000000e+02 1.30000000e+01 4.71112953e+01
 3.33000000e+02 1.30000000e+01 4.75822827e+01
 3.34000000e+02 1.30000000e+01 4.80448487e+01
 3.35000000e+02 1.30000000e+01 4.84979844e+01
 3.36000000e+02 1.30000000e+01 4.89406807e+01
 3.37000000e+02 1.30000000e+01 4.93719287e+01
 3.38000000e+02 1.30000000e+01 4.97907191e+01
 3.39000000e+02 1.30000000e+01 5.01960432e+01
 3.40000000e+02 1.30000000e+01 5.05868917e+01
 3.41000000e+02 1.30000000e+01 5.09622556e+01
 3.42000000e+02 1.30000000e+01 5.13211261e+01
 3.43000000e+02 1.30000000e+01 5.16624939e+01
 3.44000000e+02 1.30000000e+01 5.19853501e+01
 3.45000000e+02 1.30000000e+01 5.22886857e+01
 3.46000000e+02 1.30000000e+01 5.25714916e+01
 3.47000000e+02 1.30000000e+01 5.28327587e+01
 3.48000000e+02 1.30000000e+01 5.30714782e+01
 3.49000000e+02 1.30000000e+01 5.32866408e+01
 3.50000000e+02 1.30000000e+01 5.34772377e+01
 3.51000000e+02 1.30000000e+01 5.38736651e+01
 3.52000000e+02 1.30000000e+01 5.40131476e+01
 3.53000000e+02 1.30000000e+01 5.41279102e+01
 3.54000000e+02 1.30000000e+01 5.42188593e+01
 3.55000000e+02 1.30000000e+01 5.42869011e+01
 3.56000000e+02 1.30000000e+01 5.43329420e+01
 3.57000000e+02 1.30000000e+01 5.43578884e+01
 3.58000000e+02 1.30000000e+01 5.43626465e+01
 3.59000000e+02 1.30000000e+01 5.43481227e+01
 3.60000000e+02 1.30000000e+01 5.43152233e+01
 3.61000000e+02 1.30000000e+01 5.42648545e+01
 3.62000000e+02 1.30000000e+01 5.41979229e+01
 3.63000000e+02 1.30000000e+01 5.41153345e+01
 3.64000000e+02 1.30000000e+01 5.40179959e+01
 3.65000000e+02 1.30000000e+01 5.39068133e+01
 3.66000000e+02 1.30000000e+01 5.37826929e+01
 3.67000000e+02 1.30000000e+01 5.36465412e+01
 3.68000000e+02 1.30000000e+01 5.34992645e+01
 3.69000000e+02 1.30000000e+01 5.33417691e+01
 3.70000000e+02 1.30000000e+01 5.31749613e+01
 3.71000000e+02 1.30000000e+01 5.29997474e+01
 3.72000000e+02 1.30000000e+01 5.28170338e+01
 3.73000000e+02 1.30000000e+01 5.26277267e+01
 3.74000000e+02 1.30000000e+01 5.24327326e+01
 3.75000000e+02 1.30000000e+01 5.22329577e+01
 3.76000000e+02 1.30000000e+01 5.20293083e+01
 3.77000000e+02 1.30000000e+01 5.18226907e+01
 3.78000000e+02 1.30000000e+01 5.16140114e+01
 3.79000000e+02 1.30000000e+01 5.14041766e+01
 3.80000000e+02 1.30000000e+01 5.11940926e+01
 3.81000000e+02 1.30000000e+01 5.09846657e+01
 3.82000000e+02 1.30000000e+01 5.07768023e+01
 3.83000000e+02 1.30000000e+01 5.05714087e+01
 3.84000000e+02 1.30000000e+01 5.03693913e+01
 3.85000000e+02 1.30000000e+01 5.01716562e+01
 3.86000000e+02 1.30000000e+01 4.99791100e+01
 3.87000000e+02 1.30000000e+01 4.97926588e+01
 3.88000000e+02 1.30000000e+01 4.96132090e+01
 3.89000000e+02 1.30000000e+01 4.94416670e+01
 3.90000000e+02 1.30000000e+01 4.92789390e+01
 3.91000000e+02 1.30000000e+01 4.91259314e+01
 3.92000000e+02 1.30000000e+01 4.89835504e+01
 3.93000000e+02 1.30000000e+01 4.88527025e+01
 3.94000000e+02 1.30000000e+01 4.87342939e+01
 3.95000000e+02 1.30000000e+01 4.86292310e+01
 3.96000000e+02 1.30000000e+01 4.85384201e+01
 3.97000000e+02 1.30000000e+01 4.84627674e+01
 3.98000000e+02 1.30000000e+01 4.84031794e+01
 3.99000000e+02 1.30000000e+01 4.83605624e+01
 4.00000000e+02 1.30000000e+01 4.83358226e+01
 4.01000000e+02 1.30000000e+01 4.85439607e+01
 4.02000000e+02 1.30000000e+01 4.85568422e+01
 4.03000000e+02 1.30000000e+01 4.85881329e+01
 4.04000000e+02 1.30000000e+01 4.86373472e+01
 4.05000000e+02 1.30000000e+01 4.87039996e+01
 4.06000000e+02 1.30000000e+01 4.87876047e+01
 4.07000000e+02 1.30000000e+01 4.88876770e+01
 4.08000000e+02 1.30000000e+01 4.90037309e+01
 4.09000000e+02 1.30000000e+01 4.91352811e+01
 4.10000000e+02 1.30000000e+01 4.92818420e+01
 4.11000000e+02 1.30000000e+01 4.94429282e+01
 4.12000000e+02 1.30000000e+01 4.96180542e+01
 4.13000000e+02 1.30000000e+01 4.98067344e+01
 4.14000000e+02 1.30000000e+01 5.00084834e+01
 4.15000000e+02 1.30000000e+01 5.02228158e+01
 4.16000000e+02 1.30000000e+01 5.04492460e+01
 4.17000000e+02 1.30000000e+01 5.06872885e+01
 4.18000000e+02 1.30000000e+01 5.09364579e+01
 4.19000000e+02 1.30000000e+01 5.11962687e+01
 4.20000000e+02 1.30000000e+01 5.14662354e+01
 4.21000000e+02 1.30000000e+01 5.17458726e+01
 4.22000000e+02 1.30000000e+01 5.20346946e+01
 4.23000000e+02 1.30000000e+01 5.23322162e+01
 4.24000000e+02 1.30000000e+01 5.26379517e+01
 4.25000000e+02 1.30000000e+01 5.29514157e+01
 4.26000000e+02 1.30000000e+01 5.32721227e+01
 4.27000000e+02 1.30000000e+01 5.35995872e+01
 4.28000000e+02 1.30000000e+01 5.39333238e+01
 4.29000000e+02 1.30000000e+01 5.42728469e+01
 4.30000000e+02 1.30000000e+01 5.46176711e+01
 4.31000000e+02 1.30000000e+01 5.49673109e+01
 4.32000000e+02 1.30000000e+01 5.53212809e+01
 4.33000000e+02 1.30000000e+01 5.56790954e+01
 4.34000000e+02 1.30000000e+01 5.60402691e+01
 4.35000000e+02 1.30000000e+01 5.64043165e+01
 4.36000000e+02 1.30000000e+01 5.67707521e+01
 4.37000000e+02 1.30000000e+01 5.71390903e+01
 4.38000000e+02 1.30000000e+01 5.75088458e+01
 4.39000000e+02 1.30000000e+01 5.78795330e+01
 4.40000000e+02 1.30000000e+01 5.82506664e+01
 4.41000000e+02 1.30000000e+01 5.86217606e+01
 4.42000000e+02 1.30000000e+01 5.89923302e+01
 4.43000000e+02 1.30000000e+01 5.93618895e+01
 4.44000000e+02 1.30000000e+01 5.97299531e+01
 4.45000000e+02 1.30000000e+01 6.00960356e+01
 4.46000000e+02 1.30000000e+01 6.04596514e+01
 4.47000000e+02 1.30000000e+01 6.08203151e+01
 4.48000000e+02 1.30000000e+01 6.11775411e+01
 4.49000000e+02 1.30000000e+01 6.15308441e+01
 4.50000000e+02 1.30000000e+01 6.18797385e+01
 4.51000000e+02 1.30000000e+01 6.27912545e+01
 4.52000000e+02 1.30000000e+01 6.31302488e+01
 4.53000000e+02 1.30000000e+01 6.34642645e+01
 4.54000000e+02 1.30000000e+01 6.37933553e+01
 4.55000000e+02 1.30000000e+01 6.41175754e+01
 4.56000000e+02 1.30000000e+01 6.44369788e+01
 4.57000000e+02 1.30000000e+01 6.47516194e+01
 4.58000000e+02 1.30000000e+01 6.50615511e+01
 4.59000000e+02 1.30000000e+01 6.53668281e+01
 4.60000000e+02 1.30000000e+01 6.56675043e+01
 4.61000000e+02 1.30000000e+01 6.59636337e+01
 4.62000000e+02 1.30000000e+01 6.62552703e+01
 4.63000000e+02 1.30000000e+01 6.65424680e+01
 4.64000000e+02 1.30000000e+01 6.68252810e+01
 4.65000000e+02 1.30000000e+01 6.71037631e+01
 4.66000000e+02 1.30000000e+01 6.73779683e+01
 4.67000000e+02 1.30000000e+01 6.76479507e+01
 4.68000000e+02 1.30000000e+01 6.79137642e+01
 4.69000000e+02 1.30000000e+01 6.81754628e+01
 4.70000000e+02 1.30000000e+01 6.84331006e+01
 4.71000000e+02 1.30000000e+01 6.86867315e+01
 4.72000000e+02 1.30000000e+01 6.89364095e+01
 4.73000000e+02 1.30000000e+01 6.91821886e+01
 4.74000000e+02 1.30000000e+01 6.94241228e+01
 4.75000000e+02 1.30000000e+01 6.96622661e+01
 4.76000000e+02 1.30000000e+01 6.98966724e+01
 4.77000000e+02 1.30000000e+01 7.01273958e+01
 4.78000000e+02 1.30000000e+01 7.03544903e+01
 4.79000000e+02 1.30000000e+01 7.05780098e+01
 4.80000000e+02 1.30000000e+01 7.07980084e+01
 4.81000000e+02 1.30000000e+01 7.10145400e+01
 4.82000000e+02 1.30000000e+01 7.12276587e+01
 4.83000000e+02 1.30000000e+01 7.14374183e+01
 4.84000000e+02 1.30000000e+01 7.16438730e+01
 4.85000000e+02 1.30000000e+01 7.18470767e+01
 4.86000000e+02 1.30000000e+01 7.20470834e+01
 4.87000000e+02 1.30000000e+01 7.22439471e+01
 4.88000000e+02 1.30000000e+01 7.24377217e+01
 4.89000000e+02 1.30000000e+01 7.26284613e+01
 4.90000000e+02 1.30000000e+01 7.28162199e+01
 4.91000000e+02 1.30000000e+01 7.30010515e+01
 4.92000000e+02 1.30000000e+01 7.31830100e+01
 4.93000000e+02 1.30000000e+01 7.33621495e+01
 4.94000000e+02 1.30000000e+01 7.35385239e+01
 4.95000000e+02 1.30000000e+01 7.37121872e+01
 4.96000000e+02 1.30000000e+01 7.38831934e+01
 4.97000000e+02 1.30000000e+01 7.40515966e+01
 4.98000000e+02 1.30000000e+01 7.42174506e+01
 4.99000000e+02 1.30000000e+01 7.43808096e+01
 5.00000000e+02 1.30000000e+01 7.45417274e+01
 5.01000000e+02 1.30000000e+01 7.48260644e+01
 5.02000000e+02 1.30000000e+01 7.49823037e+01
 5.03000000e+02 1.30000000e+01 7.51363551e+01
 5.04000000e+02 1.30000000e+01 7.52883257e+01
 5.05000000e+02 1.30000000e+01 7.54383228e+01
 5.06000000e+02 1.30000000e+01 7.55864536e+01
 5.07000000e+02 1.30000000e+01 7.57328252e+01
 5.08000000e+02 1.30000000e+01 7.58775449e+01
 5.09000000e+02 1.30000000e+01 7.60207198e+01
 5.10000000e+02 1.30000000e+01 7.61624572e+01
 5.11000000e+02 1.30000000e+01 7.63028641e+01
 5.12000000e+02 1.30000000e+01 7.64420479e+01
 5.13000000e+02 1.30000000e+01 7.65801158e+01
 5.14000000e+02 1.30000000e+01 7.67171748e+01
 5.15000000e+02 1.30000000e+01 7.68533322e+01
 5.16000000e+02 1.30000000e+01 7.69886953e+01
 5.17000000e+02 1.30000000e+01 7.71233712e+01
 5.18000000e+02 1.30000000e+01 7.72574670e+01
 5.19000000e+02 1.30000000e+01 7.73910901e+01
 5.20000000e+02 1.30000000e+01 7.75243475e+01
 5.21000000e+02 1.30000000e+01 7.76573465e+01
 5.22000000e+02 1.30000000e+01 7.77901943e+01
 5.23000000e+02 1.30000000e+01 7.79229981e+01
 5.24000000e+02 1.30000000e+01 7.80558650e+01
 5.25000000e+02 1.30000000e+01 7.81889023e+01
 5.26000000e+02 1.30000000e+01 7.83222172e+01
 5.27000000e+02 1.30000000e+01 7.84559168e+01
 5.28000000e+02 1.30000000e+01 7.85901083e+01
 5.29000000e+02 1.30000000e+01 7.87248990e+01
 5.30000000e+02 1.30000000e+01 7.88603960e+01
 5.31000000e+02 1.30000000e+01 7.89967066e+01
 5.32000000e+02 1.30000000e+01 7.91339379e+01
 5.33000000e+02 1.30000000e+01 7.92721971e+01
 5.34000000e+02 1.30000000e+01 7.94115914e+01
 5.35000000e+02 1.30000000e+01 7.95522281e+01
 5.36000000e+02 1.30000000e+01 7.96942142e+01
 5.37000000e+02 1.30000000e+01 7.98376571e+01
 5.38000000e+02 1.30000000e+01 7.99826638e+01
 5.39000000e+02 1.30000000e+01 8.01293416e+01
 5.40000000e+02 1.30000000e+01 8.02777978e+01
 5.41000000e+02 1.30000000e+01 8.04281394e+01
 5.42000000e+02 1.30000000e+01 8.05804737e+01
 5.43000000e+02 1.30000000e+01 8.07349078e+01
 5.44000000e+02 1.30000000e+01 8.08915491e+01
 5.45000000e+02 1.30000000e+01 8.10505046e+01
 5.46000000e+02 1.30000000e+01 8.12118815e+01
 5.47000000e+02 1.30000000e+01 8.13757871e+01
 5.48000000e+02 1.30000000e+01 8.15423285e+01
 5.49000000e+02 1.30000000e+01 8.17116130e+01
 5.50000000e+02 1.30000000e+01 8.18837478e+01
 5.51000000e+02 1.30000000e+01 8.19848118e+01
 5.52000000e+02 1.30000000e+01 8.21626770e+01
 5.53000000e+02 1.30000000e+01 8.23431097e+01
 5.54000000e+02 1.30000000e+01 8.25258784e+01
 5.55000000e+02 1.30000000e+01 8.27107521e+01
 5.56000000e+02 1.30000000e+01 8.28974993e+01
 5.57000000e+02 1.30000000e+01 8.30858889e+01
 5.58000000e+02 1.30000000e+01 8.32756895e+01
 5.59000000e+02 1.30000000e+01 8.34666699e+01
 5.60000000e+02 1.30000000e+01 8.36585988e+01
 5.61000000e+02 1.30000000e+01 8.38512449e+01
 5.62000000e+02 1.30000000e+01 8.40443770e+01
 5.63000000e+02 1.30000000e+01 8.42377637e+01
 5.64000000e+02 1.30000000e+01 8.44311739e+01
 5.65000000e+02 1.30000000e+01 8.46243762e+01
 5.66000000e+02 1.30000000e+01 8.48171393e+01
 5.67000000e+02 1.30000000e+01 8.50092320e+01
 5.68000000e+02 1.30000000e+01 8.52004231e+01
 5.69000000e+02 1.30000000e+01 8.53904812e+01
 5.70000000e+02 1.30000000e+01 8.55791750e+01
 5.71000000e+02 1.30000000e+01 8.57662734e+01
 5.72000000e+02 1.30000000e+01 8.59515449e+01
 5.73000000e+02 1.30000000e+01 8.61347585e+01
 5.74000000e+02 1.30000000e+01 8.63156826e+01
 5.75000000e+02 1.30000000e+01 8.64940862e+01
 5.76000000e+02 1.30000000e+01 8.66697379e+01
 5.77000000e+02 1.30000000e+01 8.68424065e+01
 5.78000000e+02 1.30000000e+01 8.70118606e+01
 5.79000000e+02 1.30000000e+01 8.71778691e+01
 5.80000000e+02 1.30000000e+01 8.73402005e+01
 5.81000000e+02 1.30000000e+01 8.74986238e+01
 5.82000000e+02 1.30000000e+01 8.76529075e+01
 5.83000000e+02 1.30000000e+01 8.78028204e+01
 5.84000000e+02 1.30000000e+01 8.79481313e+01
 5.85000000e+02 1.30000000e+01 8.80886088e+01
 5.86000000e+02 1.30000000e+01 8.82240217e+01
 5.87000000e+02 1.30000000e+01 8.83541388e+01
 5.88000000e+02 1.30000000e+01 8.84787287e+01
 5.89000000e+02 1.30000000e+01 8.85975601e+01
 5.90000000e+02 1.30000000e+01 8.87104019e+01
 5.91000000e+02 1.30000000e+01 8.88170226e+01
 5.92000000e+02 1.30000000e+01 8.89171912e+01
 5.93000000e+02 1.30000000e+01 8.90106762e+01
 5.94000000e+02 1.30000000e+01 8.90972464e+01
 5.95000000e+02 1.30000000e+01 8.91766705e+01
 5.96000000e+02 1.30000000e+01 8.92487173e+01
 5.97000000e+02 1.30000000e+01 8.93131555e+01
 5.98000000e+02 1.30000000e+01 8.93697537e+01
 5.99000000e+02 1.30000000e+01 8.94182809e+01
 6.00000000e+02 1.30000000e+01 8.94585055e+01
 6.01000000e+02 1.30000000e+01 8.92034596e+01
 6.02000000e+02 1.30000000e+01 8.92269929e+01
 6.03000000e+02 1.30000000e+01 8.92426954e+01
 6.04000000e+02 1.30000000e+01 8.92509633e+01
 6.05000000e+02 1.30000000e+01 8.92521931e+01
 6.06000000e+02 1.30000000e+01 8.92467808e+01
 6.07000000e+02 1.30000000e+01 8.92351229e+01
 6.08000000e+02 1.30000000e+01 8.92176155e+01
 6.09000000e+02 1.30000000e+01 8.91946550e+01
 6.10000000e+02 1.30000000e+01 8.91666377e+01
 6.11000000e+02 1.30000000e+01 8.91339598e+01
 6.12000000e+02 1.30000000e+01 8.90970176e+01
 6.13000000e+02 1.30000000e+01 8.90562074e+01
 6.14000000e+02 1.30000000e+01 8.90119254e+01
 6.15000000e+02 1.30000000e+01 8.89645680e+01
 6.16000000e+02 1.30000000e+01 8.89145314e+01
 6.17000000e+02 1.30000000e+01 8.88622119e+01
 6.18000000e+02 1.30000000e+01 8.88080058e+01
 6.19000000e+02 1.30000000e+01 8.87523093e+01
 6.20000000e+02 1.30000000e+01 8.86955188e+01
 6.21000000e+02 1.30000000e+01 8.86380304e+01
 6.22000000e+02 1.30000000e+01 8.85802406e+01
 6.23000000e+02 1.30000000e+01 8.85225456e+01
 6.24000000e+02 1.30000000e+01 8.84653415e+01
 6.25000000e+02 1.30000000e+01 8.84090249e+01
 6.26000000e+02 1.30000000e+01 8.83539918e+01
 6.27000000e+02 1.30000000e+01 8.83006386e+01
 6.28000000e+02 1.30000000e+01 8.82493616e+01
 6.29000000e+02 1.30000000e+01 8.82005570e+01
 6.30000000e+02 1.30000000e+01 8.81546211e+01
 6.31000000e+02 1.30000000e+01 8.81119503e+01
 6.32000000e+02 1.30000000e+01 8.80729407e+01
 6.33000000e+02 1.30000000e+01 8.80379887e+01
 6.34000000e+02 1.30000000e+01 8.80074905e+01
 6.35000000e+02 1.30000000e+01 8.79818424e+01
 6.36000000e+02 1.30000000e+01 8.79614407e+01
 6.37000000e+02 1.30000000e+01 8.79466817e+01
 6.38000000e+02 1.30000000e+01 8.79379617e+01
 6.39000000e+02 1.30000000e+01 8.79356768e+01
 6.40000000e+02 1.30000000e+01 8.79402235e+01
 6.41000000e+02 1.30000000e+01 8.79519980e+01
 6.42000000e+02 1.30000000e+01 8.79713965e+01
 6.43000000e+02 1.30000000e+01 8.79988154e+01
 6.44000000e+02 1.30000000e+01 8.80346509e+01
 6.45000000e+02 1.30000000e+01 8.80792993e+01
 6.46000000e+02 1.30000000e+01 8.81331569e+01
 6.47000000e+02 1.30000000e+01 8.81966200e+01
 6.48000000e+02 1.30000000e+01 8.82700848e+01
 6.49000000e+02 1.30000000e+01 8.83539476e+01
 6.50000000e+02 1.30000000e+01 8.84486047e+01
 6.51000000e+02 1.30000000e+01 8.82948888e+01
 6.52000000e+02 1.30000000e+01 8.84120363e+01
 6.53000000e+02 1.30000000e+01 8.85406408e+01
 6.54000000e+02 1.30000000e+01 8.86808259e+01
 6.55000000e+02 1.30000000e+01 8.88327149e+01
 6.56000000e+02 1.30000000e+01 8.89964315e+01
 6.57000000e+02 1.30000000e+01 8.91720991e+01
 6.58000000e+02 1.30000000e+01 8.93598412e+01
 6.59000000e+02 1.30000000e+01 8.95597812e+01
 6.60000000e+02 1.30000000e+01 8.97720427e+01
 6.61000000e+02 1.30000000e+01 8.99967492e+01
 6.62000000e+02 1.30000000e+01 9.02340241e+01
 6.63000000e+02 1.30000000e+01 9.04839910e+01
 6.64000000e+02 1.30000000e+01 9.07467733e+01
 6.65000000e+02 1.30000000e+01 9.10224946e+01
 6.66000000e+02 1.30000000e+01 9.13112782e+01
 6.67000000e+02 1.30000000e+01 9.16132478e+01
 6.68000000e+02 1.30000000e+01 9.19285267e+01
 6.69000000e+02 1.30000000e+01 9.22572385e+01
 6.70000000e+02 1.30000000e+01 9.25995067e+01
 6.71000000e+02 1.30000000e+01 9.29554548e+01
 6.72000000e+02 1.30000000e+01 9.33252062e+01
 6.73000000e+02 1.30000000e+01 9.37088844e+01
 6.74000000e+02 1.30000000e+01 9.41066130e+01
 6.75000000e+02 1.30000000e+01 9.45185154e+01
 6.76000000e+02 1.30000000e+01 9.49447152e+01
 6.77000000e+02 1.30000000e+01 9.53853357e+01
 6.78000000e+02 1.30000000e+01 9.58405005e+01
 6.79000000e+02 1.30000000e+01 9.63103331e+01
 6.80000000e+02 1.30000000e+01 9.67949570e+01
 6.81000000e+02 1.30000000e+01 9.72944957e+01
 6.82000000e+02 1.30000000e+01 9.78090726e+01
 6.83000000e+02 1.30000000e+01 9.83388112e+01
 6.84000000e+02 1.30000000e+01 9.88838351e+01
 6.85000000e+02 1.30000000e+01 9.94442677e+01
 6.86000000e+02 1.30000000e+01 1.00020233e+02
 6.87000000e+02 1.30000000e+01 1.00611853e+02
 6.88000000e+02 1.30000000e+01 1.01219253e+02
 6.89000000e+02 1.30000000e+01 1.01842555e+02
 6.90000000e+02 1.30000000e+01 1.02481884e+02
 6.91000000e+02 1.30000000e+01 1.03137362e+02
 6.92000000e+02 1.30000000e+01 1.03809114e+02
 6.93000000e+02 1.30000000e+01 1.04497262e+02
 6.94000000e+02 1.30000000e+01 1.05201930e+02
 6.95000000e+02 1.30000000e+01 1.05923242e+02
 6.96000000e+02 1.30000000e+01 1.06661321e+02
 6.97000000e+02 1.30000000e+01 1.07416290e+02
 6.98000000e+02 1.30000000e+01 1.08188274e+02
 6.99000000e+02 1.30000000e+01 1.08977395e+02
 7.00000000e+02 1.30000000e+01 1.09783777e+02
