 1.00000000e+00 9.00000000e+00 4.15122304e+01
 2.00000000e+00 9.00000000e+00 4.12993749e+01
 3.00000000e+00 9.00000000e+00 4.11046374e+01
 4.00000000e+00 9.00000000e+00 4.09274599e+01
 5.00000000e+00 9.00000000e+00 4.07672844e+01
 6.00000000e+00 9.00000000e+00 4.06235529e+01
 7.00000000e+00 9.00000000e+00 4.04957075e+01
 8.00000000e+00 9.00000000e+00 4.03831903e+01
 9.00000000e+00 9.00000000e+00 4.02854432e+01
 1.00000000e+01 9.00000000e+00 4.02019083e+01
 1.10000000e+01 9.00000000e+00 4.01320277e+01
 1.20000000e+01 9.00000000e+00 4.00752433e+01
 1.30000000e+01 9.00000000e+00 4.00309973e+01
 1.40000000e+01 9.00000000e+00 3.99987316e+01
 1.50000000e+01 9.00000000e+00 3.99778883e+01
 1.60000000e+01 9.00000000e+00 3.99679095e+01
 1.70000000e+01 9.00000000e+00 3.99682371e+01
 1.80000000e+01 9.00000000e+00 3.99783133e+01
 1.90000000e+01 9.00000000e+00 3.99975800e+01
 2.00000000e+01 9.00000000e+00 4.00254792e+01
 2.10000000e+01 9.00000000e+00 4.00614532e+01
 2.20000000e+01 9.00000000e+00 4.01049438e+01
 2.30000000e+01 9.00000000e+00 4.01553931e+01
 2.40000000e+01 9.00000000e+00 4.02122431e+01
 2.50000000e+01 9.00000000e+00 4.02749359e+01
 2.60000000e+01 9.00000000e+00 4.03429136e+01
 2.70000000e+01 9.00000000e+00 4.04156181e+01
 2.80000000e+01 9.00000000e+00 4.04924915e+01
 2.90000000e+01 9.00000000e+00 4.05729758e+01
 3.00000000e+01 9.00000000e+00 4.06565131e+01
 3.10000000e+01 9.00000000e+00 4.07425455e+01
 3.20000000e+01 9.00000000e+00 4.08305149e+01
 3.30000000e+01 9.00000000e+00 4.09198633e+01
 3.40000000e+01 9.00000000e+00 4.10100329e+01
 3.50000000e+01 9.00000000e+00 4.11004657e+01
 3.60000000e+01 9.00000000e+00 4.11906037e+01
 3.70000000e+01 9.00000000e+00 4.12798889e+01
 3.80000000e+01 9.00000000e+00 4.13677634e+01
 3.90000000e+01 9.00000000e+00 4.14536693e+01
 4.00000000e+01 9.00000000e+00 4.15370485e+01
 4.10000000e+01 9.00000000e+00 4.16173431e+01
 4.20000000e+01 9.00000000e+00 4.16939951e+01
 4.30000000e+01 9.00000000e+00 4.17664466e+01
 4.40000000e+01 9.00000000e+00 4.18341397e+01
 4.50000000e+01 9.00000000e+00 4.18965163e+01
 4.60000000e+01 9.00000000e+00 4.19530184e+01
 4.70000000e+01 9.00000000e+00 4.20030882e+01
 4.80000000e+01 9.00000000e+00 4.20461677e+01
 4.90000000e+01 9.00000000e+00 4.20816989e+01
 5.00000000e+01 9.00000000e+00 4.21091238e+01
 5.10000000e+01 9.00000000e+00 4.21749713e+01
 5.20000000e+01 9.00000000e+00 4.21847076e+01
 5.30000000e+01 9.00000000e+00 4.21856697e+01
 5.40000000e+01 9.00000000e+00 4.21782386e+01
 5.50000000e+01 9.00000000e+00 4.21627952e+01
 5.60000000e+01 9.00000000e+00 4.21397203e+01
 5.70000000e+01 9.00000000e+00 4.21093950e+01
 5.80000000e+01 9.00000000e+00 4.20722001e+01
 5.90000000e+01 9.00000000e+00 4.20285166e+01
 6.00000000e+01 9.00000000e+00 4.19787254e+01
 6.10000000e+01 9.00000000e+00 4.19232074e+01
 6.20000000e+01 9.00000000e+00 4.18623436e+01
 6.30000000e+01 9.00000000e+00 4.17965149e+01
 6.40000000e+01 9.00000000e+00 4.17261022e+01
 6.50000000e+01 9.00000000e+00 4.16514865e+01
 6.60000000e+01 9.00000000e+00 4.15730486e+01
 6.70000000e+01 9.00000000e+00 4.14911695e+01
 6.80000000e+01 9.00000000e+00 4.14062301e+01
 6.90000000e+01 9.00000000e+00 4.13186114e+01
 7.00000000e+01 9.00000000e+00 4.12286943e+01
 7.10000000e+01 9.00000000e+00 4.11368597e+01
 7.20000000e+01 9.00000000e+00 4.10434885e+01
 7.30000000e+01 9.00000000e+00 4.09489617e+01
 7.40000000e+01 9.00000000e+00 4.08536601e+01
 7.50000000e+01 9.00000000e+00 4.07579648e+01
 7.60000000e+01 9.00000000e+00 4.06622567e+01
 7.70000000e+01 9.00000000e+00 4.05669166e+01
 7.80000000e+01 9.00000000e+00 4.04723255e+01
 7.90000000e+01 9.00000000e+00 4.03788643e+01
 8.00000000e+01 9.00000000e+00 4.02869140e+01
 8.10000000e+01 9.00000000e+00 4.01968554e+01
 8.20000000e+01 9.00000000e+00 4.01090696e+01
 8.30000000e+01 9.00000000e+00 4.00239374e+01
 8.40000000e+01 9.00000000e+00 3.99418398e+01
 8.50000000e+01 9.00000000e+00 3.98631577e+01
 8.60000000e+01 9.00000000e+00 3.97882719e+01
 8.70000000e+01 9.00000000e+00 3.97175636e+01
 8.80000000e+01 9.00000000e+00 3.96514135e+01
 8.90000000e+01 9.00000000e+00 3.95902026e+01
 9.00000000e+01 9.00000000e+00 3.95343118e+01
 9.10000000e+01 9.00000000e+00 3.94841221e+01
 9.20000000e+01 9.00000000e+00 3.94400144e+01
 9.30000000e+01 9.00000000e+00 3.94023696e+01
 9.40000000e+01 9.00000000e+00 3.93715686e+01
 9.50000000e+01 9.00000000e+00 3.93479924e+01
 9.60000000e+01 9.00000000e+00 3.93320218e+01
 9.70000000e+01 9.00000000e+00 3.93240379e+01
 9.80000000e+01 9.00000000e+00 3.93244216e+01
 9.90000000e+01 9.00000000e+00 3.93335537e+01
 1.00000000e+02 9.00000000e+00 3.93518152e+01
 1.01000000e+02 9.00000000e+00 3.92186578e+01
 1.02000000e+02 9.00000000e+00 3.92561421e+01
 1.03000000e+02 9.00000000e+00 3.93030830e+01
 1.04000000e+02 9.00000000e+00 3.93591477e+01
 1.05000000e+02 9.00000000e+00 3.94240035e+01
 1.06000000e+02 9.00000000e+00 3.94973177e+01
 1.07000000e+02 9.00000000e+00 3.95787574e+01
 1.08000000e+02 9.00000000e+00 3.96679900e+01
 1.09000000e+02 9.00000000e+00 3.97646827e+01
 1.10000000e+02 9.00000000e+00 3.98685028e+01
 1.11000000e+02 9.00000000e+00 3.99791176e+01
 1.12000000e+02 9.00000000e+00 4.00961942e+01
 1.13000000e+02 9.00000000e+00 4.02194001e+01
 1.14000000e+02 9.00000000e+00 4.03484023e+01
 1.15000000e+02 9.00000000e+00 4.04828682e+01
 1.16000000e+02 9.00000000e+00 4.06224651e+01
 1.17000000e+02 9.00000000e+00 4.07668602e+01
 1.18000000e+02 9.00000000e+00 4.09157207e+01
 1.19000000e+02 9.00000000e+00 4.10687140e+01
 1.20000000e+02 9.00000000e+00 4.12255072e+01
 1.21000000e+02 9.00000000e+00 4.13857677e+01
 1.22000000e+02 9.00000000e+00 4.15491627e+01
 1.23000000e+02 9.00000000e+00 4.17153594e+01
 1.24000000e+02 9.00000000e+00 4.18840252e+01
 1.25000000e+02 9.00000000e+00 4.20548272e+01
 1.26000000e+02 9.00000000e+00 4.22274328e+01
 1.27000000e+02 9.00000000e+00 4.24015092e+01
 1.28000000e+02 9.00000000e+00 4.25767236e+01
 1.29000000e+02 9.00000000e+00 4.27527434e+01
 1.30000000e+02 9.00000000e+00 4.29292358e+01
 1.31000000e+02 9.00000000e+00 4.31058679e+01
 1.32000000e+02 9.00000000e+00 4.32823072e+01
 1.33000000e+02 9.00000000e+00 4.34582209e+01
 1.34000000e+02 9.00000000e+00 4.36332762e+01
 1.35000000e+02 9.00000000e+00 4.38071403e+01
 1.36000000e+02 9.00000000e+00 4.39794806e+01
 1.37000000e+02 9.00000000e+00 4.41499643e+01
 1.38000000e+02 9.00000000e+00 4.43182586e+01
 1.39000000e+02 9.00000000e+00 4.44840309e+01
 1.40000000e+02 9.00000000e+00 4.46469484e+01
 1.41000000e+02 9.00000000e+00 4.48066782e+01
 1.42000000e+02 9.00000000e+00 4.49628878e+01
 1.43000000e+02 9.00000000e+00 4.51152444e+01
 1.44000000e+02 9.00000000e+00 4.52634151e+01
 1.45000000e+02 9.00000000e+00 4.54070674e+01
 1.46000000e+02 9.00000000e+00 4.55458684e+01
 1.47000000e+02 9.00000000e+00 4.56794854e+01
 1.48000000e+02 9.00000000e+00 4.58075856e+01
 1.49000000e+02 9.00000000e+00 4.59298364e+01
 1.50000000e+02 9.00000000e+00 4.60459049e+01
 1.51000000e+02 9.00000000e+00 4.60678847e+01
 1.52000000e+02 9.00000000e+00 4.61707300e+01
 1.53000000e+02 9.00000000e+00 4.62669629e+01
 1.54000000e+02 9.00000000e+00 4.63567187e+01
 1.55000000e+02 9.00000000e+00 4.64401324e+01
 1.56000000e+02 9.00000000e+00 4.65173393e+01
 1.57000000e+02 9.00000000e+00 4.65884744e+01
 1.58000000e+02 9.00000000e+00 4.66536728e+01
 1.59000000e+02 9.00000000e+00 4.67130698e+01
 1.60000000e+02 9.00000000e+00 4.67668004e+01
 1.61000000e+02 9.00000000e+00 4.68149997e+01
 1.62000000e+02 9.00000000e+00 4.68578030e+01
 1.63000000e+02 9.00000000e+00 4.68953454e+01
 1.64000000e+02 9.00000000e+00 4.69277619e+01
 1.65000000e+02 9.00000000e+00 4.69551877e+01
 1.66000000e+02 9.00000000e+00 4.69777580e+01
 1.67000000e+02 9.00000000e+00 4.69956079e+01
 1.68000000e+02 9.00000000e+00 4.70088725e+01
 1.69000000e+02 9.00000000e+00 4.70176870e+01
 1.70000000e+02 9.00000000e+00 4.70221865e+01
 1.71000000e+02 9.00000000e+00 4.70225061e+01
 1.72000000e+02 9.00000000e+00 4.70187810e+01
 1.73000000e+02 9.00000000e+00 4.70111463e+01
 1.74000000e+02 9.00000000e+00 4.69997372e+01
 1.75000000e+02 9.00000000e+00 4.69846887e+01
 1.76000000e+02 9.00000000e+00 4.69661360e+01
 1.77000000e+02 9.00000000e+00 4.69442143e+01
 1.78000000e+02 9.00000000e+00 4.69190587e+01
 1.79000000e+02 9.00000000e+00 4.68908043e+01
 1.80000000e+02 9.00000000e+00 4.68595862e+01
 1.81000000e+02 9.00000000e+00 4.68255396e+01
 1.82000000e+02 9.00000000e+00 4.67887997e+01
 1.83000000e+02 9.00000000e+00 4.67495015e+01
 1.84000000e+02 9.00000000e+00 4.67077803e+01
 1.85000000e+02 9.00000000e+00 4.66637710e+01
 1.86000000e+02 9.00000000e+00 4.66176090e+01
 1.87000000e+02 9.00000000e+00 4.65694292e+01
 1.88000000e+02 9.00000000e+00 4.65193669e+01
 1.89000000e+02 9.00000000e+00 4.64675572e+01
 1.90000000e+02 9.00000000e+00 4.64141351e+01
 1.91000000e+02 9.00000000e+00 4.63592360e+01
 1.92000000e+02 9.00000000e+00 4.63029948e+01
 1.93000000e+02 9.00000000e+00 4.62455467e+01
 1.94000000e+02 9.00000000e+00 4.61870269e+01
 1.95000000e+02 9.00000000e+00 4.61275705e+01
 1.96000000e+02 9.00000000e+00 4.60673126e+01
 1.97000000e+02 9.00000000e+00 4.60063884e+01
 1.98000000e+02 9.00000000e+00 4.59449329e+01
 1.99000000e+02 9.00000000e+00 4.58830815e+01
 2.00000000e+02 9.00000000e+00 4.58209690e+01
 2.01000000e+02 9.00000000e+00 4.58106197e+01
 2.02000000e+02 9.00000000e+00 4.57483872e+01
 2.03000000e+02 9.00000000e+00 4.56862716e+01
 2.04000000e+02 9.00000000e+00 4.56243866e+01
 2.05000000e+02 9.00000000e+00 4.55628461e+01
 2.06000000e+02 9.00000000e+00 4.55017635e+01
 2.07000000e+02 9.00000000e+00 4.54412528e+01
 2.08000000e+02 9.00000000e+00 4.53814275e+01
 2.09000000e+02 9.00000000e+00 4.53224015e+01
 2.10000000e+02 9.00000000e+00 4.52642883e+01
 2.11000000e+02 9.00000000e+00 4.52072018e+01
 2.12000000e+02 9.00000000e+00 4.51512556e+01
 2.13000000e+02 9.00000000e+00 4.50965635e+01
 2.14000000e+02 9.00000000e+00 4.50432391e+01
 2.15000000e+02 9.00000000e+00 4.49913962e+01
 2.16000000e+02 9.00000000e+00 4.49411485e+01
 2.17000000e+02 9.00000000e+00 4.48926097e+01
 2.18000000e+02 9.00000000e+00 4.48458934e+01
 2.19000000e+02 9.00000000e+00 4.48011135e+01
 2.20000000e+02 9.00000000e+00 4.47583836e+01
 2.21000000e+02 9.00000000e+00 4.47178175e+01
 2.22000000e+02 9.00000000e+00 4.46795288e+01
 2.23000000e+02 9.00000000e+00 4.46436312e+01
 2.24000000e+02 9.00000000e+00 4.46102386e+01
 2.25000000e+02 9.00000000e+00 4.45794645e+01
 2.26000000e+02 9.00000000e+00 4.45514227e+01
 2.27000000e+02 9.00000000e+00 4.45262269e+01
 2.28000000e+02 9.00000000e+00 4.45039908e+01
 2.29000000e+02 9.00000000e+00 4.44848282e+01
 2.30000000e+02 9.00000000e+00 4.44688527e+01
 2.31000000e+02 9.00000000e+00 4.44561781e+01
 2.32000000e+02 9.00000000e+00 4.44469180e+01
 2.33000000e+02 9.00000000e+00 4.44411862e+01
 2.34000000e+02 9.00000000e+00 4.44390964e+01
 2.35000000e+02 9.00000000e+00 4.44407622e+01
 2.36000000e+02 9.00000000e+00 4.44462975e+01
 2.37000000e+02 9.00000000e+00 4.44558159e+01
 2.38000000e+02 9.00000000e+00 4.44694312e+01
 2.39000000e+02 9.00000000e+00 4.44872570e+01
 2.40000000e+02 9.00000000e+00 4.45094070e+01
 2.41000000e+02 9.00000000e+00 4.45359950e+01
 2.42000000e+02 9.00000000e+00 4.45671347e+01
 2.43000000e+02 9.00000000e+00 4.46029398e+01
 2.44000000e+02 9.00000000e+00 4.46435240e+01
 2.45000000e+02 9.00000000e+00 4.46890009e+01
 2.46000000e+02 9.00000000e+00 4.47394845e+01
 2.47000000e+02 9.00000000e+00 4.47950882e+01
 2.48000000e+02 9.00000000e+00 4.48559259e+01
 2.49000000e+02 9.00000000e+00 4.49221112e+01
 2.50000000e+02 9.00000000e+00 4.49937580e+01
 2.51000000e+02 9.00000000e+00 4.53927829e+01
 2.52000000e+02 9.00000000e+00 4.54755826e+01
 2.53000000e+02 9.00000000e+00 4.55637594e+01
 2.54000000e+02 9.00000000e+00 4.56571135e+01
 2.55000000e+02 9.00000000e+00 4.57554450e+01
 2.56000000e+02 9.00000000e+00 4.58585541e+01
 2.57000000e+02 9.00000000e+00 4.59662411e+01
 2.58000000e+02 9.00000000e+00 4.60783062e+01
 2.59000000e+02 9.00000000e+00 4.61945495e+01
 2.60000000e+02 9.00000000e+00 4.63147713e+01
 2.61000000e+02 9.00000000e+00 4.64387718e+01
 2.62000000e+02 9.00000000e+00 4.65663512e+01
 2.63000000e+02 9.00000000e+00 4.66973097e+01
 2.64000000e+02 9.00000000e+00 4.68314475e+01
 2.65000000e+02 9.00000000e+00 4.69685648e+01
 2.66000000e+02 9.00000000e+00 4.71084618e+01
 2.67000000e+02 9.00000000e+00 4.72509387e+01
 2.68000000e+02 9.00000000e+00 4.73957958e+01
 2.69000000e+02 9.00000000e+00 4.75428332e+01
 2.70000000e+02 9.00000000e+00 4.76918511e+01
 2.71000000e+02 9.00000000e+00 4.78426498e+01
 2.72000000e+02 9.00000000e+00 4.79950295e+01
 2.73000000e+02 9.00000000e+00 4.81487903e+01
 2.74000000e+02 9.00000000e+00 4.83037325e+01
 2.75000000e+02 9.00000000e+00 4.84596563e+01
 2.76000000e+02 9.00000000e+00 4.86163618e+01
 2.77000000e+02 9.00000000e+00 4.87736493e+01
 2.78000000e+02 9.00000000e+00 4.89313191e+01
 2.79000000e+02 9.00000000e+00 4.90891712e+01
 2.80000000e+02 9.00000000e+00 4.92470059e+01
 2.81000000e+02 9.00000000e+00 4.94046235e+01
 2.82000000e+02 9.00000000e+00 4.95618241e+01
 2.83000000e+02 9.00000000e+00 4.97184079e+01
 2.84000000e+02 9.00000000e+00 4.98741751e+01
 2.85000000e+02 9.00000000e+00 5.00289260e+01
 2.86000000e+02 9.00000000e+00 5.01824607e+01
 2.87000000e+02 9.00000000e+00 5.03345795e+01
 2.88000000e+02 9.00000000e+00 5.04850825e+01
 2.89000000e+02 9.00000000e+00 5.06337700e+01
 2.90000000e+02 9.00000000e+00 5.07804422e+01
 2.91000000e+02 9.00000000e+00 5.09248992e+01
 2.92000000e+02 9.00000000e+00 5.10669414e+01
 2.93000000e+02 9.00000000e+00 5.12063688e+01
 2.94000000e+02 9.00000000e+00 5.13429817e+01
 2.95000000e+02 9.00000000e+00 5.14765804e+01
 2.96000000e+02 9.00000000e+00 5.16069649e+01
 2.97000000e+02 9.00000000e+00 5.17339356e+01
 2.98000000e+02 9.00000000e+00 5.18572926e+01
 2.99000000e+02 9.00000000e+00 5.19768361e+01
 3.00000000e+02 9.00000000e+00 5.20923664e+01
 3.01000000e+02 9.00000000e+00 5.15592937e+01
 3.02000000e+02 9.00000000e+00 5.16663741e+01
 3.03000000e+02 9.00000000e+00 5.17693559e+01
 3.04000000e+02 9.00000000e+00 5.18683992e+01
 3.05000000e+02 9.00000000e+00 5.19636639e+01
 3.06000000e+02 9.00000000e+00 5.20553101e+01
 3.07000000e+02 9.00000000e+00 5.21434978e+01
 3.08000000e+02 9.00000000e+00 5.22283871e+01
 3.09000000e+02 9.00000000e+00 5.23101380e+01
 3.10000000e+02 9.00000000e+00 5.23889105e+01
 3.11000000e+02 9.00000000e+00 5.24648646e+01
 3.12000000e+02 9.00000000e+00 5.25381605e+01
 3.13000000e+02 9.00000000e+00 5.26089581e+01
 3.14000000e+02 9.00000000e+00 5.26774174e+01
 3.15000000e+02 9.00000000e+00 5.27436985e+01
 3.16000000e+02 9.00000000e+00 5.28079615e+01
 3.17000000e+02 9.00000000e+00 5.28703663e+01
 3.18000000e+02 9.00000000e+00 5.29310729e+01
 3.19000000e+02 9.00000000e+00 5.29902416e+01
 3.20000000e+02 9.00000000e+00 5.30480321e+01
 3.21000000e+02 9.00000000e+00 5.31046046e+01
 3.22000000e+02 9.00000000e+00 5.31601192e+01
 3.23000000e+02 9.00000000e+00 5.32147358e+01
 3.24000000e+02 9.00000000e+00 5.32686145e+01
 3.25000000e+02 9.00000000e+00 5.33219153e+01
 3.26000000e+02 9.00000000e+00 5.33747983e+01
 3.27000000e+02 9.00000000e+00 5.34274234e+01
 3.28000000e+02 9.00000000e+00 5.34799508e+01
 3.29000000e+02 9.00000000e+00 5.35325404e+01
 3.30000000e+02 9.00000000e+00 5.35853522e+01
 3.31000000e+02 9.00000000e+00 5.36385464e+01
 3.32000000e+02 9.00000000e+00 5.36922830e+01
 3.33000000e+02 9.00000000e+00 5.37467219e+01
 3.34000000e+02 9.00000000e+00 5.38020232e+01
 3.35000000e+02 9.00000000e+00 5.38583470e+01
 3.36000000e+02 9.00000000e+00 5.39158532e+01
 3.37000000e+02 9.00000000e+00 5.39747020e+01
 3.38000000e+02 9.00000000e+00 5.40350533e+01
 3.39000000e+02 9.00000000e+00 5.40970671e+01
 3.40000000e+02 9.00000000e+00 5.41609036e+01
 3.41000000e+02 9.00000000e+00 5.42267227e+01
 3.42000000e+02 9.00000000e+00 5.42946845e+01
 3.43000000e+02 9.00000000e+00 5.43649490e+01
 3.44000000e+02 9.00000000e+00 5.44376762e+01
 3.45000000e+02 9.00000000e+00 5.45130262e+01
 3.46000000e+02 9.00000000e+00 5.45911590e+01
 3.47000000e+02 9.00000000e+00 5.46722347e+01
 3.48000000e+02 9.00000000e+00 5.47564132e+01
 3.49000000e+02 9.00000000e+00 5.48438546e+01
 3.50000000e+02 9.00000000e+00 5.49347189e+01
 3.51000000e+02 9.00000000e+00 5.51601185e+01
 3.52000000e+02 9.00000000e+00 5.52581633e+01
 3.53000000e+02 9.00000000e+00 5.53597273e+01
 3.54000000e+02 9.00000000e+00 5.54647148e+01
 3.55000000e+02 9.00000000e+00 5.55730301e+01
 3.56000000e+02 9.00000000e+00 5.56845772e+01
 3.57000000e+02 9.00000000e+00 5.57992605e+01
 3.58000000e+02 9.00000000e+00 5.59169842e+01
 3.59000000e+02 9.00000000e+00 5.60376523e+01
 3.60000000e+02 9.00000000e+00 5.61611692e+01
 3.61000000e+02 9.00000000e+00 5.62874391e+01
 3.62000000e+02 9.00000000e+00 5.64163661e+01
 3.63000000e+02 9.00000000e+00 5.65478545e+01
 3.64000000e+02 9.00000000e+00 5.66818085e+01
 3.65000000e+02 9.00000000e+00 5.68181323e+01
 3.66000000e+02 9.00000000e+00 5.69567300e+01
 3.67000000e+02 9.00000000e+00 5.70975060e+01
 3.68000000e+02 9.00000000e+00 5.72403643e+01
 3.69000000e+02 9.00000000e+00 5.73852093e+01
 3.70000000e+02 9.00000000e+00 5.75319451e+01
 3.71000000e+02 9.00000000e+00 5.76804759e+01
 3.72000000e+02 9.00000000e+00 5.78307060e+01
 3.73000000e+02 9.00000000e+00 5.79825395e+01
 3.74000000e+02 9.00000000e+00 5.81358806e+01
 3.75000000e+02 9.00000000e+00 5.82906337e+01
 3.76000000e+02 9.00000000e+00 5.84467027e+01
 3.77000000e+02 9.00000000e+00 5.86039921e+01
 3.78000000e+02 9.00000000e+00 5.87624059e+01
 3.79000000e+02 9.00000000e+00 5.89218485e+01
 3.80000000e+02 9.00000000e+00 5.90822239e+01
 3.81000000e+02 9.00000000e+00 5.92434364e+01
 3.82000000e+02 9.00000000e+00 5.94053903e+01
 3.83000000e+02 9.00000000e+00 5.95679896e+01
 3.84000000e+02 9.00000000e+00 5.97311387e+01
 3.85000000e+02 9.00000000e+00 5.98947418e+01
 3.86000000e+02 9.00000000e+00 6.00587029e+01
 3.87000000e+02 9.00000000e+00 6.02229265e+01
 3.88000000e+02 9.00000000e+00 6.03873165e+01
 3.89000000e+02 9.00000000e+00 6.05517774e+01
 3.90000000e+02 9.00000000e+00 6.07162132e+01
 3.91000000e+02 9.00000000e+00 6.08805282e+01
 3.92000000e+02 9.00000000e+00 6.10446266e+01
 3.93000000e+02 9.00000000e+00 6.12084125e+01
 3.94000000e+02 9.00000000e+00 6.13717903e+01
 3.95000000e+02 9.00000000e+00 6.15346641e+01
 3.96000000e+02 9.00000000e+00 6.16969381e+01
 3.97000000e+02 9.00000000e+00 6.18585165e+01
 3.98000000e+02 9.00000000e+00 6.20193036e+01
 3.99000000e+02 9.00000000e+00 6.21792035e+01
 4.00000000e+02 9.00000000e+00 6.23381204e+01
 4.01000000e+02 9.00000000e+00 6.24142170e+01
 4.02000000e+02 9.00000000e+00 6.25709708e+01
 4.03000000e+02 9.00000000e+00 6.27266744e+01
 4.04000000e+02 9.00000000e+00 6.28813722e+01
 4.05000000e+02 9.00000000e+00 6.30351084e+01
 4.06000000e+02 9.00000000e+00 6.31879273e+01
 4.07000000e+02 9.00000000e+00 6.33398734e+01
 4.08000000e+02 9.00000000e+00 6.34909908e+01
 4.09000000e+02 9.00000000e+00 6.36413239e+01
 4.10000000e+02 9.00000000e+00 6.37909170e+01
 4.11000000e+02 9.00000000e+00 6.39398144e+01
 4.12000000e+02 9.00000000e+00 6.40880604e+01
 4.13000000e+02 9.00000000e+00 6.42356994e+01
 4.14000000e+02 9.00000000e+00 6.43827756e+01
 4.15000000e+02 9.00000000e+00 6.45293334e+01
 4.16000000e+02 9.00000000e+00 6.46754170e+01
 4.17000000e+02 9.00000000e+00 6.48210708e+01
 4.18000000e+02 9.00000000e+00 6.49663391e+01
 4.19000000e+02 9.00000000e+00 6.51112661e+01
 4.20000000e+02 9.00000000e+00 6.52558963e+01
 4.21000000e+02 9.00000000e+00 6.54002739e+01
 4.22000000e+02 9.00000000e+00 6.55444432e+01
 4.23000000e+02 9.00000000e+00 6.56884485e+01
 4.24000000e+02 9.00000000e+00 6.58323342e+01
 4.25000000e+02 9.00000000e+00 6.59761445e+01
 4.26000000e+02 9.00000000e+00 6.61199238e+01
 4.27000000e+02 9.00000000e+00 6.62637164e+01
 4.28000000e+02 9.00000000e+00 6.64075665e+01
 4.29000000e+02 9.00000000e+00 6.65515186e+01
 4.30000000e+02 9.00000000e+00 6.66956168e+01
 4.31000000e+02 9.00000000e+00 6.68399056e+01
 4.32000000e+02 9.00000000e+00 6.69844291e+01
 4.33000000e+02 9.00000000e+00 6.71292318e+01
 4.34000000e+02 9.00000000e+00 6.72743580e+01
 4.35000000e+02 9.00000000e+00 6.74198519e+01
 4.36000000e+02 9.00000000e+00 6.75657578e+01
 4.37000000e+02 9.00000000e+00 6.77121202e+01
 4.38000000e+02 9.00000000e+00 6.78589832e+01
 4.39000000e+02 9.00000000e+00 6.80063912e+01
 4.40000000e+02 9.00000000e+00 6.81543885e+01
 4.41000000e+02 9.00000000e+00 6.83030194e+01
 4.42000000e+02 9.00000000e+00 6.84523283e+01
 4.43000000e+02 9.00000000e+00 6.86023594e+01
 4.44000000e+02 9.00000000e+00 6.87531570e+01
 4.45000000e+02 9.00000000e+00 6.89047655e+01
 4.46000000e+02 9.00000000e+00 6.90572291e+01
 4.47000000e+02 9.00000000e+00 6.92105922e+01
 4.48000000e+02 9.00000000e+00 6.93648991e+01
 4.49000000e+02 9.00000000e+00 6.95201941e+01
 4.50000000e+02 9.00000000e+00 6.96765215e+01
 4.51000000e+02 9.00000000e+00 6.98040440e+01
 4.52000000e+02 9.00000000e+00 6.99624844e+01
 4.53000000e+02 9.00000000e+00 7.01218858e+01
 4.54000000e+02 9.00000000e+00 7.02821682e+01
 4.55000000e+02 9.00000000e+00 7.04432517e+01
 4.56000000e+02 9.00000000e+00 7.06050561e+01
 4.57000000e+02 9.00000000e+00 7.07675014e+01
 4.58000000e+02 9.00000000e+00 7.09305077e+01
 4.59000000e+02 9.00000000e+00 7.10939949e+01
 4.60000000e+02 9.00000000e+00 7.12578829e+01
 4.61000000e+02 9.00000000e+00 7.14220918e+01
 4.62000000e+02 9.00000000e+00 7.15865414e+01
 4.63000000e+02 9.00000000e+00 7.17511519e+01
 4.64000000e+02 9.00000000e+00 7.19158430e+01
 4.65000000e+02 9.00000000e+00 7.20805349e+01
 4.66000000e+02 9.00000000e+00 7.22451475e+01
 4.67000000e+02 9.00000000e+00 7.24096007e+01
 4.68000000e+02 9.00000000e+00 7.25738145e+01
 4.69000000e+02 9.00000000e+00 7.27377089e+01
 4.70000000e+02 9.00000000e+00 7.29012039e+01
 4.71000000e+02 9.00000000e+00 7.30642195e+01
 4.72000000e+02 9.00000000e+00 7.32266755e+01
 4.73000000e+02 9.00000000e+00 7.33884921e+01
 4.74000000e+02 9.00000000e+00 7.35495890e+01
 4.75000000e+02 9.00000000e+00 7.37098864e+01
 4.76000000e+02 9.00000000e+00 7.38693042e+01
 4.77000000e+02 9.00000000e+00 7.40277624e+01
 4.78000000e+02 9.00000000e+00 7.41851809e+01
 4.79000000e+02 9.00000000e+00 7.43414797e+01
 4.80000000e+02 9.00000000e+00 7.44965787e+01
 4.81000000e+02 9.00000000e+00 7.46503980e+01
 4.82000000e+02 9.00000000e+00 7.48028576e+01
 4.83000000e+02 9.00000000e+00 7.49538773e+01
 4.84000000e+02 9.00000000e+00 7.51033772e+01
 4.85000000e+02 9.00000000e+00 7.52512772e+01
 4.86000000e+02 9.00000000e+00 7.53974973e+01
 4.87000000e+02 9.00000000e+00 7.55419574e+01
 4.88000000e+02 9.00000000e+00 7.56845777e+01
 4.89000000e+02 9.00000000e+00 7.58252779e+01
 4.90000000e+02 9.00000000e+00 7.59639781e+01
 4.91000000e+02 9.00000000e+00 7.61005983e+01
 4.92000000e+02 9.00000000e+00 7.62350584e+01
 4.93000000e+02 9.00000000e+00 7.63672784e+01
 4.94000000e+02 9.00000000e+00 7.64971782e+01
 4.95000000e+02 9.00000000e+00 7.66246779e+01
 4.96000000e+02 9.00000000e+00 7.67496974e+01
 4.97000000e+02 9.00000000e+00 7.68721567e+01
 4.98000000e+02 9.00000000e+00 7.69919758e+01
 4.99000000e+02 9.00000000e+00 7.71090745e+01
 5.00000000e+02 9.00000000e+00 7.72233730e+01
 5.01000000e+02 9.00000000e+00 7.71212073e+01
 5.02000000e+02 9.00000000e+00 7.72298414e+01
 5.03000000e+02 9.00000000e+00 7.73358370e+01
 5.04000000e+02 9.00000000e+00 7.74393483e+01
 5.05000000e+02 9.00000000e+00 7.75405296e+01
 5.06000000e+02 9.00000000e+00 7.76395353e+01
 5.07000000e+02 9.00000000e+00 7.77365198e+01
 5.08000000e+02 9.00000000e+00 7.78316373e+01
 5.09000000e+02 9.00000000e+00 7.79250422e+01
 5.10000000e+02 9.00000000e+00 7.80168888e+01
 5.11000000e+02 9.00000000e+00 7.81073316e+01
 5.12000000e+02 9.00000000e+00 7.81965247e+01
 5.13000000e+02 9.00000000e+00 7.82846227e+01
 5.14000000e+02 9.00000000e+00 7.83717797e+01
 5.15000000e+02 9.00000000e+00 7.84581501e+01
 5.16000000e+02 9.00000000e+00 7.85438883e+01
 5.17000000e+02 9.00000000e+00 7.86291487e+01
 5.18000000e+02 9.00000000e+00 7.87140854e+01
 5.19000000e+02 9.00000000e+00 7.87988530e+01
 5.20000000e+02 9.00000000e+00 7.88836057e+01
 5.21000000e+02 9.00000000e+00 7.89684978e+01
 5.22000000e+02 9.00000000e+00 7.90536837e+01
 5.23000000e+02 9.00000000e+00 7.91393178e+01
 5.24000000e+02 9.00000000e+00 7.92255544e+01
 5.25000000e+02 9.00000000e+00 7.93125477e+01
 5.26000000e+02 9.00000000e+00 7.94004522e+01
 5.27000000e+02 9.00000000e+00 7.94894222e+01
 5.28000000e+02 9.00000000e+00 7.95796121e+01
 5.29000000e+02 9.00000000e+00 7.96711760e+01
 5.30000000e+02 9.00000000e+00 7.97642685e+01
 5.31000000e+02 9.00000000e+00 7.98590439e+01
 5.32000000e+02 9.00000000e+00 7.99556564e+01
 5.33000000e+02 9.00000000e+00 8.00542604e+01
 5.34000000e+02 9.00000000e+00 8.01550103e+01
 5.35000000e+02 9.00000000e+00 8.02580603e+01
 5.36000000e+02 9.00000000e+00 8.03635649e+01
 5.37000000e+02 9.00000000e+00 8.04716784e+01
 5.38000000e+02 9.00000000e+00 8.05825551e+01
 5.39000000e+02 9.00000000e+00 8.06963493e+01
 5.40000000e+02 9.00000000e+00 8.08132154e+01
 5.41000000e+02 9.00000000e+00 8.09333077e+01
 5.42000000e+02 9.00000000e+00 8.10567806e+01
 5.43000000e+02 9.00000000e+00 8.11837883e+01
 5.44000000e+02 9.00000000e+00 8.13144853e+01
 5.45000000e+02 9.00000000e+00 8.14490259e+01
 5.46000000e+02 9.00000000e+00 8.15875644e+01
 5.47000000e+02 9.00000000e+00 8.17302551e+01
 5.48000000e+02 9.00000000e+00 8.18772524e+01
 5.49000000e+02 9.00000000e+00 8.20287107e+01
 5.50000000e+02 9.00000000e+00 8.21847842e+01
 5.51000000e+02 9.00000000e+00 8.24991736e+01
 5.52000000e+02 9.00000000e+00 8.26646380e+01
 5.53000000e+02 9.00000000e+00 8.28345660e+01
 5.54000000e+02 9.00000000e+00 8.30087674e+01
 5.55000000e+02 9.00000000e+00 8.31870523e+01
 5.56000000e+02 9.00000000e+00 8.33692308e+01
 5.57000000e+02 9.00000000e+00 8.35551128e+01
 5.58000000e+02 9.00000000e+00 8.37445084e+01
 5.59000000e+02 9.00000000e+00 8.39372277e+01
 5.60000000e+02 9.00000000e+00 8.41330807e+01
 5.61000000e+02 9.00000000e+00 8.43318774e+01
 5.62000000e+02 9.00000000e+00 8.45334278e+01
 5.63000000e+02 9.00000000e+00 8.47375420e+01
 5.64000000e+02 9.00000000e+00 8.49440300e+01
 5.65000000e+02 9.00000000e+00 8.51527018e+01
 5.66000000e+02 9.00000000e+00 8.53633675e+01
 5.67000000e+02 9.00000000e+00 8.55758371e+01
 5.68000000e+02 9.00000000e+00 8.57899207e+01
 5.69000000e+02 9.00000000e+00 8.60054282e+01
 5.70000000e+02 9.00000000e+00 8.62221697e+01
 5.71000000e+02 9.00000000e+00 8.64399553e+01
 5.72000000e+02 9.00000000e+00 8.66585949e+01
 5.73000000e+02 9.00000000e+00 8.68778986e+01
 5.74000000e+02 9.00000000e+00 8.70976765e+01
 5.75000000e+02 9.00000000e+00 8.73177386e+01
 5.76000000e+02 9.00000000e+00 8.75378948e+01
 5.77000000e+02 9.00000000e+00 8.77579553e+01
 5.78000000e+02 9.00000000e+00 8.79777300e+01
 5.79000000e+02 9.00000000e+00 8.81970291e+01
 5.80000000e+02 9.00000000e+00 8.84156625e+01
 5.81000000e+02 9.00000000e+00 8.86334402e+01
 5.82000000e+02 9.00000000e+00 8.88501724e+01
 5.83000000e+02 9.00000000e+00 8.90656690e+01
 5.84000000e+02 9.00000000e+00 8.92797400e+01
 5.85000000e+02 9.00000000e+00 8.94921956e+01
 5.86000000e+02 9.00000000e+00 8.97028456e+01
 5.87000000e+02 9.00000000e+00 8.99115003e+01
 5.88000000e+02 9.00000000e+00 9.01179695e+01
 5.89000000e+02 9.00000000e+00 9.03220634e+01
 5.90000000e+02 9.00000000e+00 9.05235919e+01
 5.91000000e+02 9.00000000e+00 9.07223652e+01
 5.92000000e+02 9.00000000e+00 9.09181932e+01
 5.93000000e+02 9.00000000e+00 9.11108859e+01
 5.94000000e+02 9.00000000e+00 9.13002534e+01
 5.95000000e+02 9.00000000e+00 9.14861058e+01
 5.96000000e+02 9.00000000e+00 9.16682530e+01
 5.97000000e+02 9.00000000e+00 9.18465051e+01
 5.98000000e+02 9.00000000e+00 9.20206721e+01
 5.99000000e+02 9.00000000e+00 9.21905641e+01
 6.00000000e+02 9.00000000e+00 9.23559911e+01
 6.01000000e+02 9.00000000e+00 9.25319423e+01
 6.02000000e+02 9.00000000e+00 9.26881519e+01
 6.03000000e+02 9.00000000e+00 9.28398604e+01
 6.04000000e+02 9.00000000e+00 9.29871656e+01
 6.05000000e+02 9.00000000e+00 9.31301647e+01
 6.06000000e+02 9.00000000e+00 9.32689555e+01
 6.07000000e+02 9.00000000e+00 9.34036354e+01
 6.08000000e+02 9.00000000e+00 9.35343020e+01
 6.09000000e+02 9.00000000e+00 9.36610527e+01
 6.10000000e+02 9.00000000e+00 9.37839852e+01
 6.11000000e+02 9.00000000e+00 9.39031968e+01
 6.12000000e+02 9.00000000e+00 9.40187853e+01
 6.13000000e+02 9.00000000e+00 9.41308480e+01
 6.14000000e+02 9.00000000e+00 9.42394825e+01
 6.15000000e+02 9.00000000e+00 9.43447864e+01
 6.16000000e+02 9.00000000e+00 9.44468571e+01
 6.17000000e+02 9.00000000e+00 9.45457923e+01
 6.18000000e+02 9.00000000e+00 9.46416893e+01
 6.19000000e+02 9.00000000e+00 9.47346458e+01
 6.20000000e+02 9.00000000e+00 9.48247594e+01
 6.21000000e+02 9.00000000e+00 9.49121274e+01
 6.22000000e+02 9.00000000e+00 9.49968474e+01
 6.23000000e+02 9.00000000e+00 9.50790170e+01
 6.24000000e+02 9.00000000e+00 9.51587337e+01
 6.25000000e+02 9.00000000e+00 9.52360950e+01
 6.26000000e+02 9.00000000e+00 9.53111985e+01
 6.27000000e+02 9.00000000e+00 9.53841416e+01
 6.28000000e+02 9.00000000e+00 9.54550220e+01
 6.29000000e+02 9.00000000e+00 9.55239371e+01
 6.30000000e+02 9.00000000e+00 9.55909844e+01
 6.31000000e+02 9.00000000e+00 9.56562615e+01
 6.32000000e+02 9.00000000e+00 9.57198659e+01
 6.33000000e+02 9.00000000e+00 9.57818952e+01
 6.34000000e+02 9.00000000e+00 9.58424468e+01
 6.35000000e+02 9.00000000e+00 9.59016183e+01
 6.36000000e+02 9.00000000e+00 9.59595073e+01
 6.37000000e+02 9.00000000e+00 9.60162112e+01
 6.38000000e+02 9.00000000e+00 9.60718276e+01
 6.39000000e+02 9.00000000e+00 9.61264540e+01
 6.40000000e+02 9.00000000e+00 9.61801879e+01
 6.41000000e+02 9.00000000e+00 9.62331269e+01
 6.42000000e+02 9.00000000e+00 9.62853684e+01
 6.43000000e+02 9.00000000e+00 9.63370101e+01
 6.44000000e+02 9.00000000e+00 9.63881494e+01
 6.45000000e+02 9.00000000e+00 9.64388839e+01
 6.46000000e+02 9.00000000e+00 9.64893111e+01
 6.47000000e+02 9.00000000e+00 9.65395285e+01
 6.48000000e+02 9.00000000e+00 9.65896337e+01
 6.49000000e+02 9.00000000e+00 9.66397242e+01
 6.50000000e+02 9.00000000e+00 9.66898974e+01
 6.51000000e+02 9.00000000e+00 9.69257817e+01
 6.52000000e+02 9.00000000e+00 9.69756930e+01
 6.53000000e+02 9.00000000e+00 9.70246737e+01
 6.54000000e+02 9.00000000e+00 9.70721440e+01
 6.55000000e+02 9.00000000e+00 9.71175244e+01
 6.56000000e+02 9.00000000e+00 9.71602351e+01
 6.57000000e+02 9.00000000e+00 9.71996964e+01
 6.58000000e+02 9.00000000e+00 9.72353287e+01
 6.59000000e+02 9.00000000e+00 9.72665523e+01
 6.60000000e+02 9.00000000e+00 9.72927875e+01
 6.61000000e+02 9.00000000e+00 9.73134546e+01
 6.62000000e+02 9.00000000e+00 9.73279740e+01
 6.63000000e+02 9.00000000e+00 9.73357660e+01
 6.64000000e+02 9.00000000e+00 9.73362510e+01
 6.65000000e+02 9.00000000e+00 9.73288491e+01
 6.66000000e+02 9.00000000e+00 9.73129808e+01
 6.67000000e+02 9.00000000e+00 9.72880664e+01
 6.68000000e+02 9.00000000e+00 9.72535262e+01
 6.69000000e+02 9.00000000e+00 9.72087805e+01
 6.70000000e+02 9.00000000e+00 9.71532496e+01
 6.71000000e+02 9.00000000e+00 9.70863540e+01
 6.72000000e+02 9.00000000e+00 9.70075138e+01
 6.73000000e+02 9.00000000e+00 9.69161495e+01
 6.74000000e+02 9.00000000e+00 9.68116813e+01
 6.75000000e+02 9.00000000e+00 9.66935295e+01
 6.76000000e+02 9.00000000e+00 9.65611146e+01
 6.77000000e+02 9.00000000e+00 9.64138567e+01
 6.78000000e+02 9.00000000e+00 9.62511764e+01
 6.79000000e+02 9.00000000e+00 9.60724937e+01
 6.80000000e+02 9.00000000e+00 9.58772292e+01
 6.81000000e+02 9.00000000e+00 9.56648030e+01
 6.82000000e+02 9.00000000e+00 9.54346356e+01
 6.83000000e+02 9.00000000e+00 9.51861472e+01
 6.84000000e+02 9.00000000e+00 9.49187582e+01
 6.85000000e+02 9.00000000e+00 9.46318889e+01
 6.86000000e+02 9.00000000e+00 9.43249597e+01
 6.87000000e+02 9.00000000e+00 9.39973907e+01
 6.88000000e+02 9.00000000e+00 9.36486025e+01
 6.89000000e+02 9.00000000e+00 9.32780152e+01
 6.90000000e+02 9.00000000e+00 9.28850493e+01
 6.91000000e+02 9.00000000e+00 9.24691250e+01
 6.92000000e+02 9.00000000e+00 9.20296626e+01
 6.93000000e+02 9.00000000e+00 9.15660825e+01
 6.94000000e+02 9.00000000e+00 9.10778051e+01
 6.95000000e+02 9.00000000e+00 9.05642506e+01
 6.96000000e+02 9.00000000e+00 9.00248393e+01
 6.97000000e+02 9.00000000e+00 8.94589916e+01
 6.98000000e+02 9.00000000e+00 8.88661278e+01
 6.99000000e+02 9.00000000e+00 8.82456682e+01
 7.00000000e+02 9.00000000e+00 8.75970332e+01
