 1.00000000e+00 2.30000000e+01 1.65794657e+01
 2.00000000e+00 2.30000000e+01 1.59842294e+01
 3.00000000e+00 2.30000000e+01 1.54316563e+01
 4.00000000e+00 2.30000000e+01 1.49207106e+01
 5.00000000e+00 2.30000000e+01 1.44503562e+01
 6.00000000e+00 2.30000000e+01 1.40195573e+01
 7.00000000e+00 2.30000000e+01 1.36272779e+01
 8.00000000e+00 2.30000000e+01 1.32724822e+01
 9.00000000e+00 2.30000000e+01 1.29541341e+01
 1.00000000e+01 2.30000000e+01 1.26711978e+01
 1.10000000e+01 2.30000000e+01 1.24226373e+01
 1.20000000e+01 2.30000000e+01 1.22074167e+01
 1.30000000e+01 2.30000000e+01 1.20245001e+01
 1.40000000e+01 2.30000000e+01 1.18728516e+01
 1.50000000e+01 2.30000000e+01 1.17514353e+01
 1.60000000e+01 2.30000000e+01 1.16592151e+01
 1.70000000e+01 2.30000000e+01 1.15951552e+01
 1.80000000e+01 2.30000000e+01 1.15582198e+01
 1.90000000e+01 2.30000000e+01 1.15473727e+01
 2.00000000e+01 2.30000000e+01 1.15615782e+01
 2.10000000e+01 2.30000000e+01 1.15998003e+01
 2.20000000e+01 2.30000000e+01 1.16610030e+01
 2.30000000e+01 2.30000000e+01 1.17441505e+01
 2.40000000e+01 2.30000000e+01 1.18482068e+01
 2.50000000e+01 2.30000000e+01 1.19721361e+01
 2.60000000e+01 2.30000000e+01 1.21149023e+01
 2.70000000e+01 2.30000000e+01 1.22754695e+01
 2.80000000e+01 2.30000000e+01 1.24528019e+01
 2.90000000e+01 2.30000000e+01 1.26458635e+01
 3.00000000e+01 2.30000000e+01 1.28536183e+01
 3.10000000e+01 2.30000000e+01 1.30750305e+01
 3.20000000e+01 2.30000000e+01 1.33090642e+01
 3.30000000e+01 2.30000000e+01 1.35546834e+01
 3.40000000e+01 2.30000000e+01 1.38108521e+01
 3.50000000e+01 2.30000000e+01 1.40765345e+01
 3.60000000e+01 2.30000000e+01 1.43506946e+01
 3.70000000e+01 2.30000000e+01 1.46322966e+01
 3.80000000e+01 2.30000000e+01 1.49203044e+01
 3.90000000e+01 2.30000000e+01 1.52136822e+01
 4.00000000e+01 2.30000000e+01 1.55113940e+01
 4.10000000e+01 2.30000000e+01 1.58124040e+01
 4.20000000e+01 2.30000000e+01 1.61156761e+01
 4.30000000e+01 2.30000000e+01 1.64201745e+01
 4.40000000e+01 2.30000000e+01 1.67248633e+01
 4.50000000e+01 2.30000000e+01 1.70287065e+01
 4.60000000e+01 2.30000000e+01 1.73306681e+01
 4.70000000e+01 2.30000000e+01 1.76297123e+01
 4.80000000e+01 2.30000000e+01 1.79248032e+01
 4.90000000e+01 2.30000000e+01 1.82149048e+01
 5.00000000e+01 2.30000000e+01 1.84989812e+01
 5.10000000e+01 2.30000000e+01 1.89901933e+01
 5.20000000e+01 2.30000000e+01 1.92593519e+01
 5.30000000e+01 2.30000000e+01 1.95206212e+01
 5.40000000e+01 2.30000000e+01 1.97741258e+01
 5.50000000e+01 2.30000000e+01 2.00199906e+01
 5.60000000e+01 2.30000000e+01 2.02583402e+01
 5.70000000e+01 2.30000000e+01 2.04892995e+01
 5.80000000e+01 2.30000000e+01 2.07129932e+01
 5.90000000e+01 2.30000000e+01 2.09295460e+01
 6.00000000e+01 2.30000000e+01 2.11390828e+01
 6.10000000e+01 2.30000000e+01 2.13417282e+01
 6.20000000e+01 2.30000000e+01 2.15376070e+01
 6.30000000e+01 2.30000000e+01 2.17268440e+01
 6.40000000e+01 2.30000000e+01 2.19095640e+01
 6.50000000e+01 2.30000000e+01 2.20858916e+01
 6.60000000e+01 2.30000000e+01 2.22559517e+01
 6.70000000e+01 2.30000000e+01 2.24198690e+01
 6.80000000e+01 2.30000000e+01 2.25777683e+01
 6.90000000e+01 2.30000000e+01 2.27297743e+01
 7.00000000e+01 2.30000000e+01 2.28760117e+01
 7.10000000e+01 2.30000000e+01 2.30166055e+01
 7.20000000e+01 2.30000000e+01 2.31516801e+01
 7.30000000e+01 2.30000000e+01 2.32813606e+01
 7.40000000e+01 2.30000000e+01 2.34057715e+01
 7.50000000e+01 2.30000000e+01 2.35250378e+01
 7.60000000e+01 2.30000000e+01 2.36392840e+01
 7.70000000e+01 2.30000000e+01 2.37486350e+01
 7.80000000e+01 2.30000000e+01 2.38532155e+01
 7.90000000e+01 2.30000000e+01 2.39531504e+01
 8.00000000e+01 2.30000000e+01 2.40485643e+01
 8.10000000e+01 2.30000000e+01 2.41395819e+01
 8.20000000e+01 2.30000000e+01 2.42263282e+01
 8.30000000e+01 2.30000000e+01 2.43089277e+01
 8.40000000e+01 2.30000000e+01 2.43875054e+01
 8.50000000e+01 2.30000000e+01 2.44621858e+01
 8.60000000e+01 2.30000000e+01 2.45330939e+01
 8.70000000e+01 2.30000000e+01 2.46003543e+01
 8.80000000e+01 2.30000000e+01 2.46640918e+01
 8.90000000e+01 2.30000000e+01 2.47244312e+01
 9.00000000e+01 2.30000000e+01 2.47814971e+01
 9.10000000e+01 2.30000000e+01 2.48354145e+01
 9.20000000e+01 2.30000000e+01 2.48863080e+01
 9.30000000e+01 2.30000000e+01 2.49343023e+01
 9.40000000e+01 2.30000000e+01 2.49795223e+01
 9.50000000e+01 2.30000000e+01 2.50220927e+01
 9.60000000e+01 2.30000000e+01 2.50621383e+01
 9.70000000e+01 2.30000000e+01 2.50997838e+01
 9.80000000e+01 2.30000000e+01 2.51351539e+01
 9.90000000e+01 2.30000000e+01 2.51683735e+01
 1.00000000e+02 2.30000000e+01 2.51995672e+01
 1.01000000e+02 2.30000000e+01 2.50846257e+01
 1.02000000e+02 2.30000000e+01 2.51121222e+01
 1.03000000e+02 2.30000000e+01 2.51378725e+01
 1.04000000e+02 2.30000000e+01 2.51619185e+01
 1.05000000e+02 2.30000000e+01 2.51843023e+01
 1.06000000e+02 2.30000000e+01 2.52050658e+01
 1.07000000e+02 2.30000000e+01 2.52242508e+01
 1.08000000e+02 2.30000000e+01 2.52418994e+01
 1.09000000e+02 2.30000000e+01 2.52580535e+01
 1.10000000e+02 2.30000000e+01 2.52727550e+01
 1.11000000e+02 2.30000000e+01 2.52860460e+01
 1.12000000e+02 2.30000000e+01 2.52979682e+01
 1.13000000e+02 2.30000000e+01 2.53085638e+01
 1.14000000e+02 2.30000000e+01 2.53178746e+01
 1.15000000e+02 2.30000000e+01 2.53259425e+01
 1.16000000e+02 2.30000000e+01 2.53328096e+01
 1.17000000e+02 2.30000000e+01 2.53385178e+01
 1.18000000e+02 2.30000000e+01 2.53431090e+01
 1.19000000e+02 2.30000000e+01 2.53466251e+01
 1.20000000e+02 2.30000000e+01 2.53491082e+01
 1.21000000e+02 2.30000000e+01 2.53506001e+01
 1.22000000e+02 2.30000000e+01 2.53511429e+01
 1.23000000e+02 2.30000000e+01 2.53507784e+01
 1.24000000e+02 2.30000000e+01 2.53495486e+01
 1.25000000e+02 2.30000000e+01 2.53474954e+01
 1.26000000e+02 2.30000000e+01 2.53446608e+01
 1.27000000e+02 2.30000000e+01 2.53410868e+01
 1.28000000e+02 2.30000000e+01 2.53368153e+01
 1.29000000e+02 2.30000000e+01 2.53318882e+01
 1.30000000e+02 2.30000000e+01 2.53263475e+01
 1.31000000e+02 2.30000000e+01 2.53202352e+01
 1.32000000e+02 2.30000000e+01 2.53135931e+01
 1.33000000e+02 2.30000000e+01 2.53064633e+01
 1.34000000e+02 2.30000000e+01 2.52988876e+01
 1.35000000e+02 2.30000000e+01 2.52909080e+01
 1.36000000e+02 2.30000000e+01 2.52825665e+01
 1.37000000e+02 2.30000000e+01 2.52739050e+01
 1.38000000e+02 2.30000000e+01 2.52649655e+01
 1.39000000e+02 2.30000000e+01 2.52557899e+01
 1.40000000e+02 2.30000000e+01 2.52464202e+01
 1.41000000e+02 2.30000000e+01 2.52368982e+01
 1.42000000e+02 2.30000000e+01 2.52272660e+01
 1.43000000e+02 2.30000000e+01 2.52175655e+01
 1.44000000e+02 2.30000000e+01 2.52078387e+01
 1.45000000e+02 2.30000000e+01 2.51981274e+01
 1.46000000e+02 2.30000000e+01 2.51884737e+01
 1.47000000e+02 2.30000000e+01 2.51789195e+01
 1.48000000e+02 2.30000000e+01 2.51695067e+01
 1.49000000e+02 2.30000000e+01 2.51602772e+01
 1.50000000e+02 2.30000000e+01 2.51512731e+01
 1.51000000e+02 2.30000000e+01 2.53874494e+01
 1.52000000e+02 2.30000000e+01 2.53790076e+01
 1.53000000e+02 2.30000000e+01 2.53708614e+01
 1.54000000e+02 2.30000000e+01 2.53630069e+01
 1.55000000e+02 2.30000000e+01 2.53554402e+01
 1.56000000e+02 2.30000000e+01 2.53481576e+01
 1.57000000e+02 2.30000000e+01 2.53411552e+01
 1.58000000e+02 2.30000000e+01 2.53344291e+01
 1.59000000e+02 2.30000000e+01 2.53279756e+01
 1.60000000e+02 2.30000000e+01 2.53217907e+01
 1.61000000e+02 2.30000000e+01 2.53158705e+01
 1.62000000e+02 2.30000000e+01 2.53102114e+01
 1.63000000e+02 2.30000000e+01 2.53048094e+01
 1.64000000e+02 2.30000000e+01 2.52996606e+01
 1.65000000e+02 2.30000000e+01 2.52947613e+01
 1.66000000e+02 2.30000000e+01 2.52901076e+01
 1.67000000e+02 2.30000000e+01 2.52856956e+01
 1.68000000e+02 2.30000000e+01 2.52815215e+01
 1.69000000e+02 2.30000000e+01 2.52775815e+01
 1.70000000e+02 2.30000000e+01 2.52738717e+01
 1.71000000e+02 2.30000000e+01 2.52703883e+01
 1.72000000e+02 2.30000000e+01 2.52671273e+01
 1.73000000e+02 2.30000000e+01 2.52640851e+01
 1.74000000e+02 2.30000000e+01 2.52612577e+01
 1.75000000e+02 2.30000000e+01 2.52586413e+01
 1.76000000e+02 2.30000000e+01 2.52562320e+01
 1.77000000e+02 2.30000000e+01 2.52540260e+01
 1.78000000e+02 2.30000000e+01 2.52520195e+01
 1.79000000e+02 2.30000000e+01 2.52502086e+01
 1.80000000e+02 2.30000000e+01 2.52485894e+01
 1.81000000e+02 2.30000000e+01 2.52471582e+01
 1.82000000e+02 2.30000000e+01 2.52459111e+01
 1.83000000e+02 2.30000000e+01 2.52448442e+01
 1.84000000e+02 2.30000000e+01 2.52439537e+01
 1.85000000e+02 2.30000000e+01 2.52432357e+01
 1.86000000e+02 2.30000000e+01 2.52426865e+01
 1.87000000e+02 2.30000000e+01 2.52423021e+01
 1.88000000e+02 2.30000000e+01 2.52420787e+01
 1.89000000e+02 2.30000000e+01 2.52420124e+01
 1.90000000e+02 2.30000000e+01 2.52420996e+01
 1.91000000e+02 2.30000000e+01 2.52423361e+01
 1.92000000e+02 2.30000000e+01 2.52427184e+01
 1.93000000e+02 2.30000000e+01 2.52432424e+01
 1.94000000e+02 2.30000000e+01 2.52439043e+01
 1.95000000e+02 2.30000000e+01 2.52447004e+01
 1.96000000e+02 2.30000000e+01 2.52456267e+01
 1.97000000e+02 2.30000000e+01 2.52466795e+01
 1.98000000e+02 2.30000000e+01 2.52478548e+01
 1.99000000e+02 2.30000000e+01 2.52491488e+01
 2.00000000e+02 2.30000000e+01 2.52505578e+01
 2.01000000e+02 2.30000000e+01 2.52564249e+01
 2.02000000e+02 2.30000000e+01 2.52580614e+01
 2.03000000e+02 2.30000000e+01 2.52598373e+01
 2.04000000e+02 2.30000000e+01 2.52617768e+01
 2.05000000e+02 2.30000000e+01 2.52639042e+01
 2.06000000e+02 2.30000000e+01 2.52662436e+01
 2.07000000e+02 2.30000000e+01 2.52688193e+01
 2.08000000e+02 2.30000000e+01 2.52716555e+01
 2.09000000e+02 2.30000000e+01 2.52747764e+01
 2.10000000e+02 2.30000000e+01 2.52782062e+01
 2.11000000e+02 2.30000000e+01 2.52819690e+01
 2.12000000e+02 2.30000000e+01 2.52860892e+01
 2.13000000e+02 2.30000000e+01 2.52905910e+01
 2.14000000e+02 2.30000000e+01 2.52954985e+01
 2.15000000e+02 2.30000000e+01 2.53008359e+01
 2.16000000e+02 2.30000000e+01 2.53066275e+01
 2.17000000e+02 2.30000000e+01 2.53128975e+01
 2.18000000e+02 2.30000000e+01 2.53196701e+01
 2.19000000e+02 2.30000000e+01 2.53269694e+01
 2.20000000e+02 2.30000000e+01 2.53348198e+01
 2.21000000e+02 2.30000000e+01 2.53432454e+01
 2.22000000e+02 2.30000000e+01 2.53522705e+01
 2.23000000e+02 2.30000000e+01 2.53619192e+01
 2.24000000e+02 2.30000000e+01 2.53722157e+01
 2.25000000e+02 2.30000000e+01 2.53831843e+01
 2.26000000e+02 2.30000000e+01 2.53948493e+01
 2.27000000e+02 2.30000000e+01 2.54072346e+01
 2.28000000e+02 2.30000000e+01 2.54203647e+01
 2.29000000e+02 2.30000000e+01 2.54342637e+01
 2.30000000e+02 2.30000000e+01 2.54489559e+01
 2.31000000e+02 2.30000000e+01 2.54644654e+01
 2.32000000e+02 2.30000000e+01 2.54808164e+01
 2.33000000e+02 2.30000000e+01 2.54980331e+01
 2.34000000e+02 2.30000000e+01 2.55161399e+01
 2.35000000e+02 2.30000000e+01 2.55351608e+01
 2.36000000e+02 2.30000000e+01 2.55551202e+01
 2.37000000e+02 2.30000000e+01 2.55760421e+01
 2.38000000e+02 2.30000000e+01 2.55979508e+01
 2.39000000e+02 2.30000000e+01 2.56208706e+01
 2.40000000e+02 2.30000000e+01 2.56448256e+01
 2.41000000e+02 2.30000000e+01 2.56698401e+01
 2.42000000e+02 2.30000000e+01 2.56959382e+01
 2.43000000e+02 2.30000000e+01 2.57231442e+01
 2.44000000e+02 2.30000000e+01 2.57514823e+01
 2.45000000e+02 2.30000000e+01 2.57809766e+01
 2.46000000e+02 2.30000000e+01 2.58116515e+01
 2.47000000e+02 2.30000000e+01 2.58435311e+01
 2.48000000e+02 2.30000000e+01 2.58766396e+01
 2.49000000e+02 2.30000000e+01 2.59110013e+01
 2.50000000e+02 2.30000000e+01 2.59466403e+01
 2.51000000e+02 2.30000000e+01 2.61702092e+01
 2.52000000e+02 2.30000000e+01 2.62084887e+01
 2.53000000e+02 2.30000000e+01 2.62481411e+01
 2.54000000e+02 2.30000000e+01 2.62892075e+01
 2.55000000e+02 2.30000000e+01 2.63317288e+01
 2.56000000e+02 2.30000000e+01 2.63757463e+01
 2.57000000e+02 2.30000000e+01 2.64213009e+01
 2.58000000e+02 2.30000000e+01 2.64684337e+01
 2.59000000e+02 2.30000000e+01 2.65171858e+01
 2.60000000e+02 2.30000000e+01 2.65675983e+01
 2.61000000e+02 2.30000000e+01 2.66197123e+01
 2.62000000e+02 2.30000000e+01 2.66735687e+01
 2.63000000e+02 2.30000000e+01 2.67292088e+01
 2.64000000e+02 2.30000000e+01 2.67866735e+01
 2.65000000e+02 2.30000000e+01 2.68460039e+01
 2.66000000e+02 2.30000000e+01 2.69072411e+01
 2.67000000e+02 2.30000000e+01 2.69704262e+01
 2.68000000e+02 2.30000000e+01 2.70356003e+01
 2.69000000e+02 2.30000000e+01 2.71028044e+01
 2.70000000e+02 2.30000000e+01 2.71720796e+01
 2.71000000e+02 2.30000000e+01 2.72434669e+01
 2.72000000e+02 2.30000000e+01 2.73170075e+01
 2.73000000e+02 2.30000000e+01 2.73927424e+01
 2.74000000e+02 2.30000000e+01 2.74707126e+01
 2.75000000e+02 2.30000000e+01 2.75509593e+01
 2.76000000e+02 2.30000000e+01 2.76335236e+01
 2.77000000e+02 2.30000000e+01 2.77184464e+01
 2.78000000e+02 2.30000000e+01 2.78057689e+01
 2.79000000e+02 2.30000000e+01 2.78955322e+01
 2.80000000e+02 2.30000000e+01 2.79877772e+01
 2.81000000e+02 2.30000000e+01 2.80825452e+01
 2.82000000e+02 2.30000000e+01 2.81798771e+01
 2.83000000e+02 2.30000000e+01 2.82798140e+01
 2.84000000e+02 2.30000000e+01 2.83823971e+01
 2.85000000e+02 2.30000000e+01 2.84876673e+01
 2.86000000e+02 2.30000000e+01 2.85956657e+01
 2.87000000e+02 2.30000000e+01 2.87064335e+01
 2.88000000e+02 2.30000000e+01 2.88200116e+01
 2.89000000e+02 2.30000000e+01 2.89364413e+01
 2.90000000e+02 2.30000000e+01 2.90557634e+01
 2.91000000e+02 2.30000000e+01 2.91780192e+01
 2.92000000e+02 2.30000000e+01 2.93032496e+01
 2.93000000e+02 2.30000000e+01 2.94314958e+01
 2.94000000e+02 2.30000000e+01 2.95627988e+01
 2.95000000e+02 2.30000000e+01 2.96971997e+01
 2.96000000e+02 2.30000000e+01 2.98347396e+01
 2.97000000e+02 2.30000000e+01 2.99754595e+01
 2.98000000e+02 2.30000000e+01 3.01194005e+01
 2.99000000e+02 2.30000000e+01 3.02666037e+01
 3.00000000e+02 2.30000000e+01 3.04171101e+01
 3.01000000e+02 2.30000000e+01 2.99368529e+01
 3.02000000e+02 2.30000000e+01 3.00939684e+01
 3.03000000e+02 2.30000000e+01 3.02541634e+01
 3.04000000e+02 2.30000000e+01 3.04172362e+01
 3.05000000e+02 2.30000000e+01 3.05829850e+01
 3.06000000e+02 2.30000000e+01 3.07512080e+01
 3.07000000e+02 2.30000000e+01 3.09217033e+01
 3.08000000e+02 2.30000000e+01 3.10942693e+01
 3.09000000e+02 2.30000000e+01 3.12687042e+01
 3.10000000e+02 2.30000000e+01 3.14448061e+01
 3.11000000e+02 2.30000000e+01 3.16223733e+01
 3.12000000e+02 2.30000000e+01 3.18012040e+01
 3.13000000e+02 2.30000000e+01 3.19810965e+01
 3.14000000e+02 2.30000000e+01 3.21618488e+01
 3.15000000e+02 2.30000000e+01 3.23432594e+01
 3.16000000e+02 2.30000000e+01 3.25251263e+01
 3.17000000e+02 2.30000000e+01 3.27072478e+01
 3.18000000e+02 2.30000000e+01 3.28894221e+01
 3.19000000e+02 2.30000000e+01 3.30714475e+01
 3.20000000e+02 2.30000000e+01 3.32531221e+01
 3.21000000e+02 2.30000000e+01 3.34342442e+01
 3.22000000e+02 2.30000000e+01 3.36146120e+01
 3.23000000e+02 2.30000000e+01 3.37940237e+01
 3.24000000e+02 2.30000000e+01 3.39722776e+01
 3.25000000e+02 2.30000000e+01 3.41491717e+01
 3.26000000e+02 2.30000000e+01 3.43245045e+01
 3.27000000e+02 2.30000000e+01 3.44980740e+01
 3.28000000e+02 2.30000000e+01 3.46696786e+01
 3.29000000e+02 2.30000000e+01 3.48391163e+01
 3.30000000e+02 2.30000000e+01 3.50061855e+01
 3.31000000e+02 2.30000000e+01 3.51706844e+01
 3.32000000e+02 2.30000000e+01 3.53324111e+01
 3.33000000e+02 2.30000000e+01 3.54911639e+01
 3.34000000e+02 2.30000000e+01 3.56467411e+01
 3.35000000e+02 2.30000000e+01 3.57989408e+01
 3.36000000e+02 2.30000000e+01 3.59475612e+01
 3.37000000e+02 2.30000000e+01 3.60924006e+01
 3.38000000e+02 2.30000000e+01 3.62332572e+01
 3.39000000e+02 2.30000000e+01 3.63699292e+01
 3.40000000e+02 2.30000000e+01 3.65022149e+01
 3.41000000e+02 2.30000000e+01 3.66299124e+01
 3.42000000e+02 2.30000000e+01 3.67528199e+01
 3.43000000e+02 2.30000000e+01 3.68707357e+01
 3.44000000e+02 2.30000000e+01 3.69834581e+01
 3.45000000e+02 2.30000000e+01 3.70907851e+01
 3.46000000e+02 2.30000000e+01 3.71925151e+01
 3.47000000e+02 2.30000000e+01 3.72884463e+01
 3.48000000e+02 2.30000000e+01 3.73783768e+01
 3.49000000e+02 2.30000000e+01 3.74621050e+01
 3.50000000e+02 2.30000000e+01 3.75394289e+01
 3.51000000e+02 2.30000000e+01 3.77831589e+01
 3.52000000e+02 2.30000000e+01 3.78472742e+01
 3.53000000e+02 2.30000000e+01 3.79049539e+01
 3.54000000e+02 2.30000000e+01 3.79563788e+01
 3.55000000e+02 2.30000000e+01 3.80017296e+01
 3.56000000e+02 2.30000000e+01 3.80411872e+01
 3.57000000e+02 2.30000000e+01 3.80749325e+01
 3.58000000e+02 2.30000000e+01 3.81031461e+01
 3.59000000e+02 2.30000000e+01 3.81260090e+01
 3.60000000e+02 2.30000000e+01 3.81437019e+01
 3.61000000e+02 2.30000000e+01 3.81564056e+01
 3.62000000e+02 2.30000000e+01 3.81643010e+01
 3.63000000e+02 2.30000000e+01 3.81675688e+01
 3.64000000e+02 2.30000000e+01 3.81663899e+01
 3.65000000e+02 2.30000000e+01 3.81609451e+01
 3.66000000e+02 2.30000000e+01 3.81514152e+01
 3.67000000e+02 2.30000000e+01 3.81379810e+01
 3.68000000e+02 2.30000000e+01 3.81208233e+01
 3.69000000e+02 2.30000000e+01 3.81001229e+01
 3.70000000e+02 2.30000000e+01 3.80760607e+01
 3.71000000e+02 2.30000000e+01 3.80488174e+01
 3.72000000e+02 2.30000000e+01 3.80185738e+01
 3.73000000e+02 2.30000000e+01 3.79855109e+01
 3.74000000e+02 2.30000000e+01 3.79498093e+01
 3.75000000e+02 2.30000000e+01 3.79116498e+01
 3.76000000e+02 2.30000000e+01 3.78712134e+01
 3.77000000e+02 2.30000000e+01 3.78286808e+01
 3.78000000e+02 2.30000000e+01 3.77842328e+01
 3.79000000e+02 2.30000000e+01 3.77380502e+01
 3.80000000e+02 2.30000000e+01 3.76903139e+01
 3.81000000e+02 2.30000000e+01 3.76412046e+01
 3.82000000e+02 2.30000000e+01 3.75909031e+01
 3.83000000e+02 2.30000000e+01 3.75395904e+01
 3.84000000e+02 2.30000000e+01 3.74874471e+01
 3.85000000e+02 2.30000000e+01 3.74346541e+01
 3.86000000e+02 2.30000000e+01 3.73813922e+01
 3.87000000e+02 2.30000000e+01 3.73278422e+01
 3.88000000e+02 2.30000000e+01 3.72741849e+01
 3.89000000e+02 2.30000000e+01 3.72206012e+01
 3.90000000e+02 2.30000000e+01 3.71672718e+01
 3.91000000e+02 2.30000000e+01 3.71143775e+01
 3.92000000e+02 2.30000000e+01 3.70620992e+01
 3.93000000e+02 2.30000000e+01 3.70106177e+01
 3.94000000e+02 2.30000000e+01 3.69601137e+01
 3.95000000e+02 2.30000000e+01 3.69107682e+01
 3.96000000e+02 2.30000000e+01 3.68627618e+01
 3.97000000e+02 2.30000000e+01 3.68162755e+01
 3.98000000e+02 2.30000000e+01 3.67714900e+01
 3.99000000e+02 2.30000000e+01 3.67285861e+01
 4.00000000e+02 2.30000000e+01 3.66877447e+01
 4.01000000e+02 2.30000000e+01 3.64393469e+01
 4.02000000e+02 2.30000000e+01 3.64030678e+01
 4.03000000e+02 2.30000000e+01 3.63691080e+01
 4.04000000e+02 2.30000000e+01 3.63374665e+01
 4.05000000e+02 2.30000000e+01 3.63081425e+01
 4.06000000e+02 2.30000000e+01 3.62811350e+01
 4.07000000e+02 2.30000000e+01 3.62564431e+01
 4.08000000e+02 2.30000000e+01 3.62340659e+01
 4.09000000e+02 2.30000000e+01 3.62140023e+01
 4.10000000e+02 2.30000000e+01 3.61962516e+01
 4.11000000e+02 2.30000000e+01 3.61808127e+01
 4.12000000e+02 2.30000000e+01 3.61676848e+01
 4.13000000e+02 2.30000000e+01 3.61568669e+01
 4.14000000e+02 2.30000000e+01 3.61483581e+01
 4.15000000e+02 2.30000000e+01 3.61421575e+01
 4.16000000e+02 2.30000000e+01 3.61382641e+01
 4.17000000e+02 2.30000000e+01 3.61366770e+01
 4.18000000e+02 2.30000000e+01 3.61373953e+01
 4.19000000e+02 2.30000000e+01 3.61404181e+01
 4.20000000e+02 2.30000000e+01 3.61457444e+01
 4.21000000e+02 2.30000000e+01 3.61533733e+01
 4.22000000e+02 2.30000000e+01 3.61633039e+01
 4.23000000e+02 2.30000000e+01 3.61755353e+01
 4.24000000e+02 2.30000000e+01 3.61900665e+01
 4.25000000e+02 2.30000000e+01 3.62068965e+01
 4.26000000e+02 2.30000000e+01 3.62260246e+01
 4.27000000e+02 2.30000000e+01 3.62474497e+01
 4.28000000e+02 2.30000000e+01 3.62711709e+01
 4.29000000e+02 2.30000000e+01 3.62971873e+01
 4.30000000e+02 2.30000000e+01 3.63254980e+01
 4.31000000e+02 2.30000000e+01 3.63561020e+01
 4.32000000e+02 2.30000000e+01 3.63889984e+01
 4.33000000e+02 2.30000000e+01 3.64241863e+01
 4.34000000e+02 2.30000000e+01 3.64616648e+01
 4.35000000e+02 2.30000000e+01 3.65014329e+01
 4.36000000e+02 2.30000000e+01 3.65434897e+01
 4.37000000e+02 2.30000000e+01 3.65878343e+01
 4.38000000e+02 2.30000000e+01 3.66344657e+01
 4.39000000e+02 2.30000000e+01 3.66833831e+01
 4.40000000e+02 2.30000000e+01 3.67345855e+01
 4.41000000e+02 2.30000000e+01 3.67880719e+01
 4.42000000e+02 2.30000000e+01 3.68438415e+01
 4.43000000e+02 2.30000000e+01 3.69018933e+01
 4.44000000e+02 2.30000000e+01 3.69622264e+01
 4.45000000e+02 2.30000000e+01 3.70248399e+01
 4.46000000e+02 2.30000000e+01 3.70897328e+01
 4.47000000e+02 2.30000000e+01 3.71569042e+01
 4.48000000e+02 2.30000000e+01 3.72263532e+01
 4.49000000e+02 2.30000000e+01 3.72980789e+01
 4.50000000e+02 2.30000000e+01 3.73720802e+01
 4.51000000e+02 2.30000000e+01 3.78074081e+01
 4.52000000e+02 2.30000000e+01 3.78858892e+01
 4.53000000e+02 2.30000000e+01 3.79664760e+01
 4.54000000e+02 2.30000000e+01 3.80490659e+01
 4.55000000e+02 2.30000000e+01 3.81335562e+01
 4.56000000e+02 2.30000000e+01 3.82198441e+01
 4.57000000e+02 2.30000000e+01 3.83078270e+01
 4.58000000e+02 2.30000000e+01 3.83974023e+01
 4.59000000e+02 2.30000000e+01 3.84884671e+01
 4.60000000e+02 2.30000000e+01 3.85809188e+01
 4.61000000e+02 2.30000000e+01 3.86746548e+01
 4.62000000e+02 2.30000000e+01 3.87695722e+01
 4.63000000e+02 2.30000000e+01 3.88655685e+01
 4.64000000e+02 2.30000000e+01 3.89625409e+01
 4.65000000e+02 2.30000000e+01 3.90603868e+01
 4.66000000e+02 2.30000000e+01 3.91590034e+01
 4.67000000e+02 2.30000000e+01 3.92582880e+01
 4.68000000e+02 2.30000000e+01 3.93581380e+01
 4.69000000e+02 2.30000000e+01 3.94584507e+01
 4.70000000e+02 2.30000000e+01 3.95591233e+01
 4.71000000e+02 2.30000000e+01 3.96600532e+01
 4.72000000e+02 2.30000000e+01 3.97611377e+01
 4.73000000e+02 2.30000000e+01 3.98622740e+01
 4.74000000e+02 2.30000000e+01 3.99633596e+01
 4.75000000e+02 2.30000000e+01 4.00642916e+01
 4.76000000e+02 2.30000000e+01 4.01649675e+01
 4.77000000e+02 2.30000000e+01 4.02652844e+01
 4.78000000e+02 2.30000000e+01 4.03651398e+01
 4.79000000e+02 2.30000000e+01 4.04644309e+01
 4.80000000e+02 2.30000000e+01 4.05630551e+01
 4.81000000e+02 2.30000000e+01 4.06609095e+01
 4.82000000e+02 2.30000000e+01 4.07578916e+01
 4.83000000e+02 2.30000000e+01 4.08538987e+01
 4.84000000e+02 2.30000000e+01 4.09488280e+01
 4.85000000e+02 2.30000000e+01 4.10425769e+01
 4.86000000e+02 2.30000000e+01 4.11350426e+01
 4.87000000e+02 2.30000000e+01 4.12261225e+01
 4.88000000e+02 2.30000000e+01 4.13157139e+01
 4.89000000e+02 2.30000000e+01 4.14037140e+01
 4.90000000e+02 2.30000000e+01 4.14900203e+01
 4.91000000e+02 2.30000000e+01 4.15745299e+01
 4.92000000e+02 2.30000000e+01 4.16571403e+01
 4.93000000e+02 2.30000000e+01 4.17377486e+01
 4.94000000e+02 2.30000000e+01 4.18162523e+01
 4.95000000e+02 2.30000000e+01 4.18925486e+01
 4.96000000e+02 2.30000000e+01 4.19665348e+01
 4.97000000e+02 2.30000000e+01 4.20381083e+01
 4.98000000e+02 2.30000000e+01 4.21071663e+01
 4.99000000e+02 2.30000000e+01 4.21736061e+01
 5.00000000e+02 2.30000000e+01 4.22373251e+01
 5.01000000e+02 2.30000000e+01 4.23838588e+01
 5.02000000e+02 2.30000000e+01 4.24420205e+01
 5.03000000e+02 2.30000000e+01 4.24975637e+01
 5.04000000e+02 2.30000000e+01 4.25506249e+01
 5.05000000e+02 2.30000000e+01 4.26013408e+01
 5.06000000e+02 2.30000000e+01 4.26498481e+01
 5.07000000e+02 2.30000000e+01 4.26962835e+01
 5.08000000e+02 2.30000000e+01 4.27407835e+01
 5.09000000e+02 2.30000000e+01 4.27834848e+01
 5.10000000e+02 2.30000000e+01 4.28245242e+01
 5.11000000e+02 2.30000000e+01 4.28640382e+01
 5.12000000e+02 2.30000000e+01 4.29021636e+01
 5.13000000e+02 2.30000000e+01 4.29390369e+01
 5.14000000e+02 2.30000000e+01 4.29747949e+01
 5.15000000e+02 2.30000000e+01 4.30095742e+01
 5.16000000e+02 2.30000000e+01 4.30435114e+01
 5.17000000e+02 2.30000000e+01 4.30767433e+01
 5.18000000e+02 2.30000000e+01 4.31094065e+01
 5.19000000e+02 2.30000000e+01 4.31416376e+01
 5.20000000e+02 2.30000000e+01 4.31735733e+01
 5.21000000e+02 2.30000000e+01 4.32053503e+01
 5.22000000e+02 2.30000000e+01 4.32371052e+01
 5.23000000e+02 2.30000000e+01 4.32689747e+01
 5.24000000e+02 2.30000000e+01 4.33010954e+01
 5.25000000e+02 2.30000000e+01 4.33336041e+01
 5.26000000e+02 2.30000000e+01 4.33666372e+01
 5.27000000e+02 2.30000000e+01 4.34003317e+01
 5.28000000e+02 2.30000000e+01 4.34348240e+01
 5.29000000e+02 2.30000000e+01 4.34702508e+01
 5.30000000e+02 2.30000000e+01 4.35067488e+01
 5.31000000e+02 2.30000000e+01 4.35444547e+01
 5.32000000e+02 2.30000000e+01 4.35835052e+01
 5.33000000e+02 2.30000000e+01 4.36240368e+01
 5.34000000e+02 2.30000000e+01 4.36661862e+01
 5.35000000e+02 2.30000000e+01 4.37100901e+01
 5.36000000e+02 2.30000000e+01 4.37558852e+01
 5.37000000e+02 2.30000000e+01 4.38037081e+01
 5.38000000e+02 2.30000000e+01 4.38536955e+01
 5.39000000e+02 2.30000000e+01 4.39059841e+01
 5.40000000e+02 2.30000000e+01 4.39607104e+01
 5.41000000e+02 2.30000000e+01 4.40180112e+01
 5.42000000e+02 2.30000000e+01 4.40780231e+01
 5.43000000e+02 2.30000000e+01 4.41408827e+01
 5.44000000e+02 2.30000000e+01 4.42067269e+01
 5.45000000e+02 2.30000000e+01 4.42756921e+01
 5.46000000e+02 2.30000000e+01 4.43479150e+01
 5.47000000e+02 2.30000000e+01 4.44235324e+01
 5.48000000e+02 2.30000000e+01 4.45026809e+01
 5.49000000e+02 2.30000000e+01 4.45854971e+01
 5.50000000e+02 2.30000000e+01 4.46721176e+01
 5.51000000e+02 2.30000000e+01 4.48263241e+01
 5.52000000e+02 2.30000000e+01 4.49207653e+01
 5.53000000e+02 2.30000000e+01 4.50190116e+01
 5.54000000e+02 2.30000000e+01 4.51209706e+01
 5.55000000e+02 2.30000000e+01 4.52265497e+01
 5.56000000e+02 2.30000000e+01 4.53356566e+01
 5.57000000e+02 2.30000000e+01 4.54481986e+01
 5.58000000e+02 2.30000000e+01 4.55640833e+01
 5.59000000e+02 2.30000000e+01 4.56832183e+01
 5.60000000e+02 2.30000000e+01 4.58055109e+01
 5.61000000e+02 2.30000000e+01 4.59308687e+01
 5.62000000e+02 2.30000000e+01 4.60591993e+01
 5.63000000e+02 2.30000000e+01 4.61904100e+01
 5.64000000e+02 2.30000000e+01 4.63244085e+01
 5.65000000e+02 2.30000000e+01 4.64611022e+01
 5.66000000e+02 2.30000000e+01 4.66003986e+01
 5.67000000e+02 2.30000000e+01 4.67422053e+01
 5.68000000e+02 2.30000000e+01 4.68864297e+01
 5.69000000e+02 2.30000000e+01 4.70329793e+01
 5.70000000e+02 2.30000000e+01 4.71817617e+01
 5.71000000e+02 2.30000000e+01 4.73326844e+01
 5.72000000e+02 2.30000000e+01 4.74856548e+01
 5.73000000e+02 2.30000000e+01 4.76405804e+01
 5.74000000e+02 2.30000000e+01 4.77973689e+01
 5.75000000e+02 2.30000000e+01 4.79559276e+01
 5.76000000e+02 2.30000000e+01 4.81161640e+01
 5.77000000e+02 2.30000000e+01 4.82779858e+01
 5.78000000e+02 2.30000000e+01 4.84413004e+01
 5.79000000e+02 2.30000000e+01 4.86060152e+01
 5.80000000e+02 2.30000000e+01 4.87720378e+01
 5.81000000e+02 2.30000000e+01 4.89392758e+01
 5.82000000e+02 2.30000000e+01 4.91076365e+01
 5.83000000e+02 2.30000000e+01 4.92770275e+01
 5.84000000e+02 2.30000000e+01 4.94473564e+01
 5.85000000e+02 2.30000000e+01 4.96185306e+01
 5.86000000e+02 2.30000000e+01 4.97904576e+01
 5.87000000e+02 2.30000000e+01 4.99630449e+01
 5.88000000e+02 2.30000000e+01 5.01362001e+01
 5.89000000e+02 2.30000000e+01 5.03098306e+01
 5.90000000e+02 2.30000000e+01 5.04838440e+01
 5.91000000e+02 2.30000000e+01 5.06581477e+01
 5.92000000e+02 2.30000000e+01 5.08326492e+01
 5.93000000e+02 2.30000000e+01 5.10072561e+01
 5.94000000e+02 2.30000000e+01 5.11818759e+01
 5.95000000e+02 2.30000000e+01 5.13564160e+01
 5.96000000e+02 2.30000000e+01 5.15307840e+01
 5.97000000e+02 2.30000000e+01 5.17048874e+01
 5.98000000e+02 2.30000000e+01 5.18786337e+01
 5.99000000e+02 2.30000000e+01 5.20519303e+01
 6.00000000e+02 2.30000000e+01 5.22246849e+01
 6.01000000e+02 2.30000000e+01 5.22018830e+01
 6.02000000e+02 2.30000000e+01 5.23734763e+01
 6.03000000e+02 2.30000000e+01 5.25446403e+01
 6.04000000e+02 2.30000000e+01 5.27154930e+01
 6.05000000e+02 2.30000000e+01 5.28861521e+01
 6.06000000e+02 2.30000000e+01 5.30567353e+01
 6.07000000e+02 2.30000000e+01 5.32273603e+01
 6.08000000e+02 2.30000000e+01 5.33981449e+01
 6.09000000e+02 2.30000000e+01 5.35692068e+01
 6.10000000e+02 2.30000000e+01 5.37406639e+01
 6.11000000e+02 2.30000000e+01 5.39126338e+01
 6.12000000e+02 2.30000000e+01 5.40852343e+01
 6.13000000e+02 2.30000000e+01 5.42585831e+01
 6.14000000e+02 2.30000000e+01 5.44327980e+01
 6.15000000e+02 2.30000000e+01 5.46079968e+01
 6.16000000e+02 2.30000000e+01 5.47842971e+01
 6.17000000e+02 2.30000000e+01 5.49618168e+01
 6.18000000e+02 2.30000000e+01 5.51406736e+01
 6.19000000e+02 2.30000000e+01 5.53209852e+01
 6.20000000e+02 2.30000000e+01 5.55028694e+01
 6.21000000e+02 2.30000000e+01 5.56864439e+01
 6.22000000e+02 2.30000000e+01 5.58718265e+01
 6.23000000e+02 2.30000000e+01 5.60591350e+01
 6.24000000e+02 2.30000000e+01 5.62484870e+01
 6.25000000e+02 2.30000000e+01 5.64400003e+01
 6.26000000e+02 2.30000000e+01 5.66337927e+01
 6.27000000e+02 2.30000000e+01 5.68299820e+01
 6.28000000e+02 2.30000000e+01 5.70286858e+01
 6.29000000e+02 2.30000000e+01 5.72300219e+01
 6.30000000e+02 2.30000000e+01 5.74341081e+01
 6.31000000e+02 2.30000000e+01 5.76410621e+01
 6.32000000e+02 2.30000000e+01 5.78510016e+01
 6.33000000e+02 2.30000000e+01 5.80640445e+01
 6.34000000e+02 2.30000000e+01 5.82803085e+01
 6.35000000e+02 2.30000000e+01 5.84999112e+01
 6.36000000e+02 2.30000000e+01 5.87229705e+01
 6.37000000e+02 2.30000000e+01 5.89496042e+01
 6.38000000e+02 2.30000000e+01 5.91799298e+01
 6.39000000e+02 2.30000000e+01 5.94140653e+01
 6.40000000e+02 2.30000000e+01 5.96521284e+01
 6.41000000e+02 2.30000000e+01 5.98942367e+01
 6.42000000e+02 2.30000000e+01 6.01405081e+01
 6.43000000e+02 2.30000000e+01 6.03910603e+01
 6.44000000e+02 2.30000000e+01 6.06460110e+01
 6.45000000e+02 2.30000000e+01 6.09054780e+01
 6.46000000e+02 2.30000000e+01 6.11695791e+01
 6.47000000e+02 2.30000000e+01 6.14384320e+01
 6.48000000e+02 2.30000000e+01 6.17121544e+01
 6.49000000e+02 2.30000000e+01 6.19908641e+01
 6.50000000e+02 2.30000000e+01 6.22746788e+01
 6.51000000e+02 2.30000000e+01 6.28577630e+01
 6.52000000e+02 2.30000000e+01 6.31512687e+01
 6.53000000e+02 2.30000000e+01 6.34486526e+01
 6.54000000e+02 2.30000000e+01 6.37492131e+01
 6.55000000e+02 2.30000000e+01 6.40522487e+01
 6.56000000e+02 2.30000000e+01 6.43570577e+01
 6.57000000e+02 2.30000000e+01 6.46629387e+01
 6.58000000e+02 2.30000000e+01 6.49691901e+01
 6.59000000e+02 2.30000000e+01 6.52751102e+01
 6.60000000e+02 2.30000000e+01 6.55799976e+01
 6.61000000e+02 2.30000000e+01 6.58831506e+01
 6.62000000e+02 2.30000000e+01 6.61838677e+01
 6.63000000e+02 2.30000000e+01 6.64814474e+01
 6.64000000e+02 2.30000000e+01 6.67751881e+01
 6.65000000e+02 2.30000000e+01 6.70643881e+01
 6.66000000e+02 2.30000000e+01 6.73483460e+01
 6.67000000e+02 2.30000000e+01 6.76263602e+01
 6.68000000e+02 2.30000000e+01 6.78977291e+01
 6.69000000e+02 2.30000000e+01 6.81617511e+01
 6.70000000e+02 2.30000000e+01 6.84177248e+01
 6.71000000e+02 2.30000000e+01 6.86649484e+01
 6.72000000e+02 2.30000000e+01 6.89027206e+01
 6.73000000e+02 2.30000000e+01 6.91303396e+01
 6.74000000e+02 2.30000000e+01 6.93471039e+01
 6.75000000e+02 2.30000000e+01 6.95523120e+01
 6.76000000e+02 2.30000000e+01 6.97452623e+01
 6.77000000e+02 2.30000000e+01 6.99252533e+01
 6.78000000e+02 2.30000000e+01 7.00915833e+01
 6.79000000e+02 2.30000000e+01 7.02435508e+01
 6.80000000e+02 2.30000000e+01 7.03804543e+01
 6.81000000e+02 2.30000000e+01 7.05015922e+01
 6.82000000e+02 2.30000000e+01 7.06062628e+01
 6.83000000e+02 2.30000000e+01 7.06937647e+01
 6.84000000e+02 2.30000000e+01 7.07633964e+01
 6.85000000e+02 2.30000000e+01 7.08144561e+01
 6.86000000e+02 2.30000000e+01 7.08462424e+01
 6.87000000e+02 2.30000000e+01 7.08580537e+01
 6.88000000e+02 2.30000000e+01 7.08491884e+01
 6.89000000e+02 2.30000000e+01 7.08189450e+01
 6.90000000e+02 2.30000000e+01 7.07666219e+01
 6.91000000e+02 2.30000000e+01 7.06915175e+01
 6.92000000e+02 2.30000000e+01 7.05929303e+01
 6.93000000e+02 2.30000000e+01 7.04701587e+01
 6.94000000e+02 2.30000000e+01 7.03225011e+01
 6.95000000e+02 2.30000000e+01 7.01492561e+01
 6.96000000e+02 2.30000000e+01 6.99497219e+01
 6.97000000e+02 2.30000000e+01 6.97231971e+01
 6.98000000e+02 2.30000000e+01 6.94689801e+01
 6.99000000e+02 2.30000000e+01 6.91863693e+01
 7.00000000e+02 2.30000000e+01 6.88746632e+01
