 1.00000000e+00 6.00000000e+00 4.52722793e+01
 2.00000000e+00 6.00000000e+00 4.51418311e+01
 3.00000000e+00 6.00000000e+00 4.50206935e+01
 4.00000000e+00 6.00000000e+00 4.49085752e+01
 5.00000000e+00 6.00000000e+00 4.48051851e+01
 6.00000000e+00 6.00000000e+00 4.47102321e+01
 7.00000000e+00 6.00000000e+00 4.46234250e+01
 8.00000000e+00 6.00000000e+00 4.45444727e+01
 9.00000000e+00 6.00000000e+00 4.44730841e+01
 1.00000000e+01 6.00000000e+00 4.44089679e+01
 1.10000000e+01 6.00000000e+00 4.43518331e+01
 1.20000000e+01 6.00000000e+00 4.43013885e+01
 1.30000000e+01 6.00000000e+00 4.42573429e+01
 1.40000000e+01 6.00000000e+00 4.42194052e+01
 1.50000000e+01 6.00000000e+00 4.41872843e+01
 1.60000000e+01 6.00000000e+00 4.41606890e+01
 1.70000000e+01 6.00000000e+00 4.41393282e+01
 1.80000000e+01 6.00000000e+00 4.41229107e+01
 1.90000000e+01 6.00000000e+00 4.41111454e+01
 2.00000000e+01 6.00000000e+00 4.41037412e+01
 2.10000000e+01 6.00000000e+00 4.41004068e+01
 2.20000000e+01 6.00000000e+00 4.41008512e+01
 2.30000000e+01 6.00000000e+00 4.41047832e+01
 2.40000000e+01 6.00000000e+00 4.41119116e+01
 2.50000000e+01 6.00000000e+00 4.41219453e+01
 2.60000000e+01 6.00000000e+00 4.41345932e+01
 2.70000000e+01 6.00000000e+00 4.41495642e+01
 2.80000000e+01 6.00000000e+00 4.41665670e+01
 2.90000000e+01 6.00000000e+00 4.41853105e+01
 3.00000000e+01 6.00000000e+00 4.42055036e+01
 3.10000000e+01 6.00000000e+00 4.42268551e+01
 3.20000000e+01 6.00000000e+00 4.42490740e+01
 3.30000000e+01 6.00000000e+00 4.42718690e+01
 3.40000000e+01 6.00000000e+00 4.42949490e+01
 3.50000000e+01 6.00000000e+00 4.43180228e+01
 3.60000000e+01 6.00000000e+00 4.43407994e+01
 3.70000000e+01 6.00000000e+00 4.43629875e+01
 3.80000000e+01 6.00000000e+00 4.43842961e+01
 3.90000000e+01 6.00000000e+00 4.44044339e+01
 4.00000000e+01 6.00000000e+00 4.44231099e+01
 4.10000000e+01 6.00000000e+00 4.44400328e+01
 4.20000000e+01 6.00000000e+00 4.44549116e+01
 4.30000000e+01 6.00000000e+00 4.44674551e+01
 4.40000000e+01 6.00000000e+00 4.44773721e+01
 4.50000000e+01 6.00000000e+00 4.44843715e+01
 4.60000000e+01 6.00000000e+00 4.44881622e+01
 4.70000000e+01 6.00000000e+00 4.44884530e+01
 4.80000000e+01 6.00000000e+00 4.44849528e+01
 4.90000000e+01 6.00000000e+00 4.44773704e+01
 5.00000000e+01 6.00000000e+00 4.44654147e+01
 5.10000000e+01 6.00000000e+00 4.46605728e+01
 5.20000000e+01 6.00000000e+00 4.46391044e+01
 5.30000000e+01 6.00000000e+00 4.46129173e+01
 5.40000000e+01 6.00000000e+00 4.45822134e+01
 5.50000000e+01 6.00000000e+00 4.45471943e+01
 5.60000000e+01 6.00000000e+00 4.45080618e+01
 5.70000000e+01 6.00000000e+00 4.44650176e+01
 5.80000000e+01 6.00000000e+00 4.44182636e+01
 5.90000000e+01 6.00000000e+00 4.43680015e+01
 6.00000000e+01 6.00000000e+00 4.43144331e+01
 6.10000000e+01 6.00000000e+00 4.42577600e+01
 6.20000000e+01 6.00000000e+00 4.41981840e+01
 6.30000000e+01 6.00000000e+00 4.41359070e+01
 6.40000000e+01 6.00000000e+00 4.40711306e+01
 6.50000000e+01 6.00000000e+00 4.40040567e+01
 6.60000000e+01 6.00000000e+00 4.39348869e+01
 6.70000000e+01 6.00000000e+00 4.38638231e+01
 6.80000000e+01 6.00000000e+00 4.37910669e+01
 6.90000000e+01 6.00000000e+00 4.37168201e+01
 7.00000000e+01 6.00000000e+00 4.36412846e+01
 7.10000000e+01 6.00000000e+00 4.35646620e+01
 7.20000000e+01 6.00000000e+00 4.34871541e+01
 7.30000000e+01 6.00000000e+00 4.34089627e+01
 7.40000000e+01 6.00000000e+00 4.33302895e+01
 7.50000000e+01 6.00000000e+00 4.32513362e+01
 7.60000000e+01 6.00000000e+00 4.31723047e+01
 7.70000000e+01 6.00000000e+00 4.30933966e+01
 7.80000000e+01 6.00000000e+00 4.30148138e+01
 7.90000000e+01 6.00000000e+00 4.29367580e+01
 8.00000000e+01 6.00000000e+00 4.28594309e+01
 8.10000000e+01 6.00000000e+00 4.27830344e+01
 8.20000000e+01 6.00000000e+00 4.27077701e+01
 8.30000000e+01 6.00000000e+00 4.26338398e+01
 8.40000000e+01 6.00000000e+00 4.25614453e+01
 8.50000000e+01 6.00000000e+00 4.24907883e+01
 8.60000000e+01 6.00000000e+00 4.24220705e+01
 8.70000000e+01 6.00000000e+00 4.23554939e+01
 8.80000000e+01 6.00000000e+00 4.22912600e+01
 8.90000000e+01 6.00000000e+00 4.22295706e+01
 9.00000000e+01 6.00000000e+00 4.21706276e+01
 9.10000000e+01 6.00000000e+00 4.21146326e+01
 9.20000000e+01 6.00000000e+00 4.20617874e+01
 9.30000000e+01 6.00000000e+00 4.20122938e+01
 9.40000000e+01 6.00000000e+00 4.19663535e+01
 9.50000000e+01 6.00000000e+00 4.19241683e+01
 9.60000000e+01 6.00000000e+00 4.18859399e+01
 9.70000000e+01 6.00000000e+00 4.18518702e+01
 9.80000000e+01 6.00000000e+00 4.18221607e+01
 9.90000000e+01 6.00000000e+00 4.17970134e+01
 1.00000000e+02 6.00000000e+00 4.17766299e+01
 1.01000000e+02 6.00000000e+00 4.16075008e+01
 1.02000000e+02 6.00000000e+00 4.15971623e+01
 1.03000000e+02 6.00000000e+00 4.15917940e+01
 1.04000000e+02 6.00000000e+00 4.15912486e+01
 1.05000000e+02 6.00000000e+00 4.15953786e+01
 1.06000000e+02 6.00000000e+00 4.16040369e+01
 1.07000000e+02 6.00000000e+00 4.16170761e+01
 1.08000000e+02 6.00000000e+00 4.16343489e+01
 1.09000000e+02 6.00000000e+00 4.16557079e+01
 1.10000000e+02 6.00000000e+00 4.16810058e+01
 1.11000000e+02 6.00000000e+00 4.17100953e+01
 1.12000000e+02 6.00000000e+00 4.17428292e+01
 1.13000000e+02 6.00000000e+00 4.17790599e+01
 1.14000000e+02 6.00000000e+00 4.18186403e+01
 1.15000000e+02 6.00000000e+00 4.18614231e+01
 1.16000000e+02 6.00000000e+00 4.19072608e+01
 1.17000000e+02 6.00000000e+00 4.19560062e+01
 1.18000000e+02 6.00000000e+00 4.20075119e+01
 1.19000000e+02 6.00000000e+00 4.20616307e+01
 1.20000000e+02 6.00000000e+00 4.21182152e+01
 1.21000000e+02 6.00000000e+00 4.21771180e+01
 1.22000000e+02 6.00000000e+00 4.22381920e+01
 1.23000000e+02 6.00000000e+00 4.23012896e+01
 1.24000000e+02 6.00000000e+00 4.23662637e+01
 1.25000000e+02 6.00000000e+00 4.24329669e+01
 1.26000000e+02 6.00000000e+00 4.25012519e+01
 1.27000000e+02 6.00000000e+00 4.25709713e+01
 1.28000000e+02 6.00000000e+00 4.26419778e+01
 1.29000000e+02 6.00000000e+00 4.27141242e+01
 1.30000000e+02 6.00000000e+00 4.27872631e+01
 1.31000000e+02 6.00000000e+00 4.28612471e+01
 1.32000000e+02 6.00000000e+00 4.29359289e+01
 1.33000000e+02 6.00000000e+00 4.30111613e+01
 1.34000000e+02 6.00000000e+00 4.30867969e+01
 1.35000000e+02 6.00000000e+00 4.31626884e+01
 1.36000000e+02 6.00000000e+00 4.32386884e+01
 1.37000000e+02 6.00000000e+00 4.33146497e+01
 1.38000000e+02 6.00000000e+00 4.33904249e+01
 1.39000000e+02 6.00000000e+00 4.34658666e+01
 1.40000000e+02 6.00000000e+00 4.35408277e+01
 1.41000000e+02 6.00000000e+00 4.36151607e+01
 1.42000000e+02 6.00000000e+00 4.36887183e+01
 1.43000000e+02 6.00000000e+00 4.37613532e+01
 1.44000000e+02 6.00000000e+00 4.38329181e+01
 1.45000000e+02 6.00000000e+00 4.39032657e+01
 1.46000000e+02 6.00000000e+00 4.39722486e+01
 1.47000000e+02 6.00000000e+00 4.40397196e+01
 1.48000000e+02 6.00000000e+00 4.41055312e+01
 1.49000000e+02 6.00000000e+00 4.41695362e+01
 1.50000000e+02 6.00000000e+00 4.42315873e+01
 1.51000000e+02 6.00000000e+00 4.41989373e+01
 1.52000000e+02 6.00000000e+00 4.42566903e+01
 1.53000000e+02 6.00000000e+00 4.43122575e+01
 1.54000000e+02 6.00000000e+00 4.43656647e+01
 1.55000000e+02 6.00000000e+00 4.44169374e+01
 1.56000000e+02 6.00000000e+00 4.44661014e+01
 1.57000000e+02 6.00000000e+00 4.45131824e+01
 1.58000000e+02 6.00000000e+00 4.45582062e+01
 1.59000000e+02 6.00000000e+00 4.46011983e+01
 1.60000000e+02 6.00000000e+00 4.46421846e+01
 1.61000000e+02 6.00000000e+00 4.46811907e+01
 1.62000000e+02 6.00000000e+00 4.47182424e+01
 1.63000000e+02 6.00000000e+00 4.47533653e+01
 1.64000000e+02 6.00000000e+00 4.47865851e+01
 1.65000000e+02 6.00000000e+00 4.48179276e+01
 1.66000000e+02 6.00000000e+00 4.48474184e+01
 1.67000000e+02 6.00000000e+00 4.48750833e+01
 1.68000000e+02 6.00000000e+00 4.49009480e+01
 1.69000000e+02 6.00000000e+00 4.49250381e+01
 1.70000000e+02 6.00000000e+00 4.49473794e+01
 1.71000000e+02 6.00000000e+00 4.49679976e+01
 1.72000000e+02 6.00000000e+00 4.49869183e+01
 1.73000000e+02 6.00000000e+00 4.50041674e+01
 1.74000000e+02 6.00000000e+00 4.50197704e+01
 1.75000000e+02 6.00000000e+00 4.50337532e+01
 1.76000000e+02 6.00000000e+00 4.50461413e+01
 1.77000000e+02 6.00000000e+00 4.50569606e+01
 1.78000000e+02 6.00000000e+00 4.50662366e+01
 1.79000000e+02 6.00000000e+00 4.50739952e+01
 1.80000000e+02 6.00000000e+00 4.50802620e+01
 1.81000000e+02 6.00000000e+00 4.50850627e+01
 1.82000000e+02 6.00000000e+00 4.50884230e+01
 1.83000000e+02 6.00000000e+00 4.50903687e+01
 1.84000000e+02 6.00000000e+00 4.50909254e+01
 1.85000000e+02 6.00000000e+00 4.50901189e+01
 1.86000000e+02 6.00000000e+00 4.50879748e+01
 1.87000000e+02 6.00000000e+00 4.50845189e+01
 1.88000000e+02 6.00000000e+00 4.50797768e+01
 1.89000000e+02 6.00000000e+00 4.50737743e+01
 1.90000000e+02 6.00000000e+00 4.50665371e+01
 1.91000000e+02 6.00000000e+00 4.50580908e+01
 1.92000000e+02 6.00000000e+00 4.50484612e+01
 1.93000000e+02 6.00000000e+00 4.50376740e+01
 1.94000000e+02 6.00000000e+00 4.50257549e+01
 1.95000000e+02 6.00000000e+00 4.50127296e+01
 1.96000000e+02 6.00000000e+00 4.49986238e+01
 1.97000000e+02 6.00000000e+00 4.49834631e+01
 1.98000000e+02 6.00000000e+00 4.49672734e+01
 1.99000000e+02 6.00000000e+00 4.49500803e+01
 2.00000000e+02 6.00000000e+00 4.49319095e+01
 2.01000000e+02 6.00000000e+00 4.49820618e+01
 2.02000000e+02 6.00000000e+00 4.49620574e+01
 2.03000000e+02 6.00000000e+00 4.49413067e+01
 2.04000000e+02 6.00000000e+00 4.49199554e+01
 2.05000000e+02 6.00000000e+00 4.48981492e+01
 2.06000000e+02 6.00000000e+00 4.48760338e+01
 2.07000000e+02 6.00000000e+00 4.48537548e+01
 2.08000000e+02 6.00000000e+00 4.48314579e+01
 2.09000000e+02 6.00000000e+00 4.48092889e+01
 2.10000000e+02 6.00000000e+00 4.47873934e+01
 2.11000000e+02 6.00000000e+00 4.47659171e+01
 2.12000000e+02 6.00000000e+00 4.47450057e+01
 2.13000000e+02 6.00000000e+00 4.47248049e+01
 2.14000000e+02 6.00000000e+00 4.47054604e+01
 2.15000000e+02 6.00000000e+00 4.46871179e+01
 2.16000000e+02 6.00000000e+00 4.46699230e+01
 2.17000000e+02 6.00000000e+00 4.46540214e+01
 2.18000000e+02 6.00000000e+00 4.46395589e+01
 2.19000000e+02 6.00000000e+00 4.46266812e+01
 2.20000000e+02 6.00000000e+00 4.46155338e+01
 2.21000000e+02 6.00000000e+00 4.46062626e+01
 2.22000000e+02 6.00000000e+00 4.45990131e+01
 2.23000000e+02 6.00000000e+00 4.45939312e+01
 2.24000000e+02 6.00000000e+00 4.45911624e+01
 2.25000000e+02 6.00000000e+00 4.45908525e+01
 2.26000000e+02 6.00000000e+00 4.45931471e+01
 2.27000000e+02 6.00000000e+00 4.45981920e+01
 2.28000000e+02 6.00000000e+00 4.46061328e+01
 2.29000000e+02 6.00000000e+00 4.46171152e+01
 2.30000000e+02 6.00000000e+00 4.46312849e+01
 2.31000000e+02 6.00000000e+00 4.46487877e+01
 2.32000000e+02 6.00000000e+00 4.46697691e+01
 2.33000000e+02 6.00000000e+00 4.46943749e+01
 2.34000000e+02 6.00000000e+00 4.47227508e+01
 2.35000000e+02 6.00000000e+00 4.47550424e+01
 2.36000000e+02 6.00000000e+00 4.47913955e+01
 2.37000000e+02 6.00000000e+00 4.48319557e+01
 2.38000000e+02 6.00000000e+00 4.48768688e+01
 2.39000000e+02 6.00000000e+00 4.49262804e+01
 2.40000000e+02 6.00000000e+00 4.49803361e+01
 2.41000000e+02 6.00000000e+00 4.50391818e+01
 2.42000000e+02 6.00000000e+00 4.51029631e+01
 2.43000000e+02 6.00000000e+00 4.51718256e+01
 2.44000000e+02 6.00000000e+00 4.52459151e+01
 2.45000000e+02 6.00000000e+00 4.53253772e+01
 2.46000000e+02 6.00000000e+00 4.54103577e+01
 2.47000000e+02 6.00000000e+00 4.55010023e+01
 2.48000000e+02 6.00000000e+00 4.55974565e+01
 2.49000000e+02 6.00000000e+00 4.56998662e+01
 2.50000000e+02 6.00000000e+00 4.58083769e+01
 2.51000000e+02 6.00000000e+00 4.66829226e+01
 2.52000000e+02 6.00000000e+00 4.68039081e+01
 2.53000000e+02 6.00000000e+00 4.69308473e+01
 2.54000000e+02 6.00000000e+00 4.70634553e+01
 2.55000000e+02 6.00000000e+00 4.72014472e+01
 2.56000000e+02 6.00000000e+00 4.73445380e+01
 2.57000000e+02 6.00000000e+00 4.74924429e+01
 2.58000000e+02 6.00000000e+00 4.76448768e+01
 2.59000000e+02 6.00000000e+00 4.78015548e+01
 2.60000000e+02 6.00000000e+00 4.79621920e+01
 2.61000000e+02 6.00000000e+00 4.81265035e+01
 2.62000000e+02 6.00000000e+00 4.82942043e+01
 2.63000000e+02 6.00000000e+00 4.84650095e+01
 2.64000000e+02 6.00000000e+00 4.86386342e+01
 2.65000000e+02 6.00000000e+00 4.88147934e+01
 2.66000000e+02 6.00000000e+00 4.89932021e+01
 2.67000000e+02 6.00000000e+00 4.91735755e+01
 2.68000000e+02 6.00000000e+00 4.93556286e+01
 2.69000000e+02 6.00000000e+00 4.95390765e+01
 2.70000000e+02 6.00000000e+00 4.97236342e+01
 2.71000000e+02 6.00000000e+00 4.99090168e+01
 2.72000000e+02 6.00000000e+00 5.00949394e+01
 2.73000000e+02 6.00000000e+00 5.02811170e+01
 2.74000000e+02 6.00000000e+00 5.04672647e+01
 2.75000000e+02 6.00000000e+00 5.06530975e+01
 2.76000000e+02 6.00000000e+00 5.08383306e+01
 2.77000000e+02 6.00000000e+00 5.10226789e+01
 2.78000000e+02 6.00000000e+00 5.12058576e+01
 2.79000000e+02 6.00000000e+00 5.13875817e+01
 2.80000000e+02 6.00000000e+00 5.15675663e+01
 2.81000000e+02 6.00000000e+00 5.17455265e+01
 2.82000000e+02 6.00000000e+00 5.19211772e+01
 2.83000000e+02 6.00000000e+00 5.20942336e+01
 2.84000000e+02 6.00000000e+00 5.22644107e+01
 2.85000000e+02 6.00000000e+00 5.24314236e+01
 2.86000000e+02 6.00000000e+00 5.25949874e+01
 2.87000000e+02 6.00000000e+00 5.27548171e+01
 2.88000000e+02 6.00000000e+00 5.29106278e+01
 2.89000000e+02 6.00000000e+00 5.30621346e+01
 2.90000000e+02 6.00000000e+00 5.32090524e+01
 2.91000000e+02 6.00000000e+00 5.33510965e+01
 2.92000000e+02 6.00000000e+00 5.34879818e+01
 2.93000000e+02 6.00000000e+00 5.36194233e+01
 2.94000000e+02 6.00000000e+00 5.37451363e+01
 2.95000000e+02 6.00000000e+00 5.38648357e+01
 2.96000000e+02 6.00000000e+00 5.39782366e+01
 2.97000000e+02 6.00000000e+00 5.40850541e+01
 2.98000000e+02 6.00000000e+00 5.41850031e+01
 2.99000000e+02 6.00000000e+00 5.42777989e+01
 3.00000000e+02 6.00000000e+00 5.43631564e+01
 3.01000000e+02 6.00000000e+00 5.45524822e+01
 3.02000000e+02 6.00000000e+00 5.46224301e+01
 3.03000000e+02 6.00000000e+00 5.46850380e+01
 3.04000000e+02 6.00000000e+00 5.47406881e+01
 3.05000000e+02 6.00000000e+00 5.47897627e+01
 3.06000000e+02 6.00000000e+00 5.48326438e+01
 3.07000000e+02 6.00000000e+00 5.48697137e+01
 3.08000000e+02 6.00000000e+00 5.49013547e+01
 3.09000000e+02 6.00000000e+00 5.49279489e+01
 3.10000000e+02 6.00000000e+00 5.49498785e+01
 3.11000000e+02 6.00000000e+00 5.49675258e+01
 3.12000000e+02 6.00000000e+00 5.49812729e+01
 3.13000000e+02 6.00000000e+00 5.49915020e+01
 3.14000000e+02 6.00000000e+00 5.49985954e+01
 3.15000000e+02 6.00000000e+00 5.50029352e+01
 3.16000000e+02 6.00000000e+00 5.50049037e+01
 3.17000000e+02 6.00000000e+00 5.50048830e+01
 3.18000000e+02 6.00000000e+00 5.50032554e+01
 3.19000000e+02 6.00000000e+00 5.50004031e+01
 3.20000000e+02 6.00000000e+00 5.49967082e+01
 3.21000000e+02 6.00000000e+00 5.49925530e+01
 3.22000000e+02 6.00000000e+00 5.49883196e+01
 3.23000000e+02 6.00000000e+00 5.49843903e+01
 3.24000000e+02 6.00000000e+00 5.49811473e+01
 3.25000000e+02 6.00000000e+00 5.49789728e+01
 3.26000000e+02 6.00000000e+00 5.49782490e+01
 3.27000000e+02 6.00000000e+00 5.49793581e+01
 3.28000000e+02 6.00000000e+00 5.49826822e+01
 3.29000000e+02 6.00000000e+00 5.49886037e+01
 3.30000000e+02 6.00000000e+00 5.49975047e+01
 3.31000000e+02 6.00000000e+00 5.50097673e+01
 3.32000000e+02 6.00000000e+00 5.50257739e+01
 3.33000000e+02 6.00000000e+00 5.50459066e+01
 3.34000000e+02 6.00000000e+00 5.50705476e+01
 3.35000000e+02 6.00000000e+00 5.51000791e+01
 3.36000000e+02 6.00000000e+00 5.51348834e+01
 3.37000000e+02 6.00000000e+00 5.51753425e+01
 3.38000000e+02 6.00000000e+00 5.52218388e+01
 3.39000000e+02 6.00000000e+00 5.52747545e+01
 3.40000000e+02 6.00000000e+00 5.53344716e+01
 3.41000000e+02 6.00000000e+00 5.54013725e+01
 3.42000000e+02 6.00000000e+00 5.54758394e+01
 3.43000000e+02 6.00000000e+00 5.55582544e+01
 3.44000000e+02 6.00000000e+00 5.56489998e+01
 3.45000000e+02 6.00000000e+00 5.57484577e+01
 3.46000000e+02 6.00000000e+00 5.58570103e+01
 3.47000000e+02 6.00000000e+00 5.59750400e+01
 3.48000000e+02 6.00000000e+00 5.61029288e+01
 3.49000000e+02 6.00000000e+00 5.62410589e+01
 3.50000000e+02 6.00000000e+00 5.63898127e+01
 3.51000000e+02 6.00000000e+00 5.54460563e+01
 3.52000000e+02 6.00000000e+00 5.56167769e+01
 3.53000000e+02 6.00000000e+00 5.57980679e+01
 3.54000000e+02 6.00000000e+00 5.59895119e+01
 3.55000000e+02 6.00000000e+00 5.61906911e+01
 3.56000000e+02 6.00000000e+00 5.64011880e+01
 3.57000000e+02 6.00000000e+00 5.66205850e+01
 3.58000000e+02 6.00000000e+00 5.68484644e+01
 3.59000000e+02 6.00000000e+00 5.70844087e+01
 3.60000000e+02 6.00000000e+00 5.73280003e+01
 3.61000000e+02 6.00000000e+00 5.75788215e+01
 3.62000000e+02 6.00000000e+00 5.78364548e+01
 3.63000000e+02 6.00000000e+00 5.81004826e+01
 3.64000000e+02 6.00000000e+00 5.83704873e+01
 3.65000000e+02 6.00000000e+00 5.86460512e+01
 3.66000000e+02 6.00000000e+00 5.89267568e+01
 3.67000000e+02 6.00000000e+00 5.92121865e+01
 3.68000000e+02 6.00000000e+00 5.95019226e+01
 3.69000000e+02 6.00000000e+00 5.97955476e+01
 3.70000000e+02 6.00000000e+00 6.00926439e+01
 3.71000000e+02 6.00000000e+00 6.03927938e+01
 3.72000000e+02 6.00000000e+00 6.06955798e+01
 3.73000000e+02 6.00000000e+00 6.10005843e+01
 3.74000000e+02 6.00000000e+00 6.13073896e+01
 3.75000000e+02 6.00000000e+00 6.16155782e+01
 3.76000000e+02 6.00000000e+00 6.19247325e+01
 3.77000000e+02 6.00000000e+00 6.22344349e+01
 3.78000000e+02 6.00000000e+00 6.25442677e+01
 3.79000000e+02 6.00000000e+00 6.28538134e+01
 3.80000000e+02 6.00000000e+00 6.31626543e+01
 3.81000000e+02 6.00000000e+00 6.34703729e+01
 3.82000000e+02 6.00000000e+00 6.37765516e+01
 3.83000000e+02 6.00000000e+00 6.40807728e+01
 3.84000000e+02 6.00000000e+00 6.43826188e+01
 3.85000000e+02 6.00000000e+00 6.46816721e+01
 3.86000000e+02 6.00000000e+00 6.49775150e+01
 3.87000000e+02 6.00000000e+00 6.52697300e+01
 3.88000000e+02 6.00000000e+00 6.55578995e+01
 3.89000000e+02 6.00000000e+00 6.58416058e+01
 3.90000000e+02 6.00000000e+00 6.61204314e+01
 3.91000000e+02 6.00000000e+00 6.63939587e+01
 3.92000000e+02 6.00000000e+00 6.66617701e+01
 3.93000000e+02 6.00000000e+00 6.69234479e+01
 3.94000000e+02 6.00000000e+00 6.71785745e+01
 3.95000000e+02 6.00000000e+00 6.74267325e+01
 3.96000000e+02 6.00000000e+00 6.76675041e+01
 3.97000000e+02 6.00000000e+00 6.79004717e+01
 3.98000000e+02 6.00000000e+00 6.81252179e+01
 3.99000000e+02 6.00000000e+00 6.83413249e+01
 4.00000000e+02 6.00000000e+00 6.85483751e+01
 4.01000000e+02 6.00000000e+00 6.89701309e+01
 4.02000000e+02 6.00000000e+00 6.91582904e+01
 4.03000000e+02 6.00000000e+00 6.93373340e+01
 4.04000000e+02 6.00000000e+00 6.95076037e+01
 4.05000000e+02 6.00000000e+00 6.96694414e+01
 4.06000000e+02 6.00000000e+00 6.98231892e+01
 4.07000000e+02 6.00000000e+00 6.99691890e+01
 4.08000000e+02 6.00000000e+00 7.01077828e+01
 4.09000000e+02 6.00000000e+00 7.02393126e+01
 4.10000000e+02 6.00000000e+00 7.03641203e+01
 4.11000000e+02 6.00000000e+00 7.04825480e+01
 4.12000000e+02 6.00000000e+00 7.05949376e+01
 4.13000000e+02 6.00000000e+00 7.07016312e+01
 4.14000000e+02 6.00000000e+00 7.08029706e+01
 4.15000000e+02 6.00000000e+00 7.08992979e+01
 4.16000000e+02 6.00000000e+00 7.09909550e+01
 4.17000000e+02 6.00000000e+00 7.10782840e+01
 4.18000000e+02 6.00000000e+00 7.11616269e+01
 4.19000000e+02 6.00000000e+00 7.12413255e+01
 4.20000000e+02 6.00000000e+00 7.13177219e+01
 4.21000000e+02 6.00000000e+00 7.13911580e+01
 4.22000000e+02 6.00000000e+00 7.14619760e+01
 4.23000000e+02 6.00000000e+00 7.15305176e+01
 4.24000000e+02 6.00000000e+00 7.15971250e+01
 4.25000000e+02 6.00000000e+00 7.16621400e+01
 4.26000000e+02 6.00000000e+00 7.17259047e+01
 4.27000000e+02 6.00000000e+00 7.17887611e+01
 4.28000000e+02 6.00000000e+00 7.18510511e+01
 4.29000000e+02 6.00000000e+00 7.19131168e+01
 4.30000000e+02 6.00000000e+00 7.19753000e+01
 4.31000000e+02 6.00000000e+00 7.20379428e+01
 4.32000000e+02 6.00000000e+00 7.21013872e+01
 4.33000000e+02 6.00000000e+00 7.21659752e+01
 4.34000000e+02 6.00000000e+00 7.22320487e+01
 4.35000000e+02 6.00000000e+00 7.22999497e+01
 4.36000000e+02 6.00000000e+00 7.23700201e+01
 4.37000000e+02 6.00000000e+00 7.24426021e+01
 4.38000000e+02 6.00000000e+00 7.25180375e+01
 4.39000000e+02 6.00000000e+00 7.25966684e+01
 4.40000000e+02 6.00000000e+00 7.26788367e+01
 4.41000000e+02 6.00000000e+00 7.27648843e+01
 4.42000000e+02 6.00000000e+00 7.28551534e+01
 4.43000000e+02 6.00000000e+00 7.29499858e+01
 4.44000000e+02 6.00000000e+00 7.30497236e+01
 4.45000000e+02 6.00000000e+00 7.31547088e+01
 4.46000000e+02 6.00000000e+00 7.32652832e+01
 4.47000000e+02 6.00000000e+00 7.33817889e+01
 4.48000000e+02 6.00000000e+00 7.35045679e+01
 4.49000000e+02 6.00000000e+00 7.36339622e+01
 4.50000000e+02 6.00000000e+00 7.37703137e+01
 4.51000000e+02 6.00000000e+00 7.32700881e+01
 4.52000000e+02 6.00000000e+00 7.34209237e+01
 4.53000000e+02 6.00000000e+00 7.35786598e+01
 4.54000000e+02 6.00000000e+00 7.37429795e+01
 4.55000000e+02 6.00000000e+00 7.39135656e+01
 4.56000000e+02 6.00000000e+00 7.40901012e+01
 4.57000000e+02 6.00000000e+00 7.42722691e+01
 4.58000000e+02 6.00000000e+00 7.44597525e+01
 4.59000000e+02 6.00000000e+00 7.46522342e+01
 4.60000000e+02 6.00000000e+00 7.48493972e+01
 4.61000000e+02 6.00000000e+00 7.50509246e+01
 4.62000000e+02 6.00000000e+00 7.52564992e+01
 4.63000000e+02 6.00000000e+00 7.54658040e+01
 4.64000000e+02 6.00000000e+00 7.56785221e+01
 4.65000000e+02 6.00000000e+00 7.58943363e+01
 4.66000000e+02 6.00000000e+00 7.61129297e+01
 4.67000000e+02 6.00000000e+00 7.63339852e+01
 4.68000000e+02 6.00000000e+00 7.65571858e+01
 4.69000000e+02 6.00000000e+00 7.67822145e+01
 4.70000000e+02 6.00000000e+00 7.70087542e+01
 4.71000000e+02 6.00000000e+00 7.72364880e+01
 4.72000000e+02 6.00000000e+00 7.74650987e+01
 4.73000000e+02 6.00000000e+00 7.76942693e+01
 4.74000000e+02 6.00000000e+00 7.79236829e+01
 4.75000000e+02 6.00000000e+00 7.81530224e+01
 4.76000000e+02 6.00000000e+00 7.83819708e+01
 4.77000000e+02 6.00000000e+00 7.86102110e+01
 4.78000000e+02 6.00000000e+00 7.88374260e+01
 4.79000000e+02 6.00000000e+00 7.90632988e+01
 4.80000000e+02 6.00000000e+00 7.92875123e+01
 4.81000000e+02 6.00000000e+00 7.95097496e+01
 4.82000000e+02 6.00000000e+00 7.97296935e+01
 4.83000000e+02 6.00000000e+00 7.99470272e+01
 4.84000000e+02 6.00000000e+00 8.01614334e+01
 4.85000000e+02 6.00000000e+00 8.03725953e+01
 4.86000000e+02 6.00000000e+00 8.05801958e+01
 4.87000000e+02 6.00000000e+00 8.07839178e+01
 4.88000000e+02 6.00000000e+00 8.09834443e+01
 4.89000000e+02 6.00000000e+00 8.11784583e+01
 4.90000000e+02 6.00000000e+00 8.13686428e+01
 4.91000000e+02 6.00000000e+00 8.15536808e+01
 4.92000000e+02 6.00000000e+00 8.17332551e+01
 4.93000000e+02 6.00000000e+00 8.19070488e+01
 4.94000000e+02 6.00000000e+00 8.20747449e+01
 4.95000000e+02 6.00000000e+00 8.22360263e+01
 4.96000000e+02 6.00000000e+00 8.23905760e+01
 4.97000000e+02 6.00000000e+00 8.25380769e+01
 4.98000000e+02 6.00000000e+00 8.26782121e+01
 4.99000000e+02 6.00000000e+00 8.28106645e+01
 5.00000000e+02 6.00000000e+00 8.29351171e+01
 5.01000000e+02 6.00000000e+00 8.33521064e+01
 5.02000000e+02 6.00000000e+00 8.34601018e+01
 5.03000000e+02 6.00000000e+00 8.35602533e+01
 5.04000000e+02 6.00000000e+00 8.36528896e+01
 5.05000000e+02 6.00000000e+00 8.37383393e+01
 5.06000000e+02 6.00000000e+00 8.38169312e+01
 5.07000000e+02 6.00000000e+00 8.38889939e+01
 5.08000000e+02 6.00000000e+00 8.39548562e+01
 5.09000000e+02 6.00000000e+00 8.40148468e+01
 5.10000000e+02 6.00000000e+00 8.40692943e+01
 5.11000000e+02 6.00000000e+00 8.41185276e+01
 5.12000000e+02 6.00000000e+00 8.41628752e+01
 5.13000000e+02 6.00000000e+00 8.42026658e+01
 5.14000000e+02 6.00000000e+00 8.42382283e+01
 5.15000000e+02 6.00000000e+00 8.42698912e+01
 5.16000000e+02 6.00000000e+00 8.42979833e+01
 5.17000000e+02 6.00000000e+00 8.43228333e+01
 5.18000000e+02 6.00000000e+00 8.43447699e+01
 5.19000000e+02 6.00000000e+00 8.43641217e+01
 5.20000000e+02 6.00000000e+00 8.43812176e+01
 5.21000000e+02 6.00000000e+00 8.43963861e+01
 5.22000000e+02 6.00000000e+00 8.44099560e+01
 5.23000000e+02 6.00000000e+00 8.44222560e+01
 5.24000000e+02 6.00000000e+00 8.44336148e+01
 5.25000000e+02 6.00000000e+00 8.44443611e+01
 5.26000000e+02 6.00000000e+00 8.44548236e+01
 5.27000000e+02 6.00000000e+00 8.44653310e+01
 5.28000000e+02 6.00000000e+00 8.44762120e+01
 5.29000000e+02 6.00000000e+00 8.44877953e+01
 5.30000000e+02 6.00000000e+00 8.45004096e+01
 5.31000000e+02 6.00000000e+00 8.45143836e+01
 5.32000000e+02 6.00000000e+00 8.45300460e+01
 5.33000000e+02 6.00000000e+00 8.45477255e+01
 5.34000000e+02 6.00000000e+00 8.45677508e+01
 5.35000000e+02 6.00000000e+00 8.45904507e+01
 5.36000000e+02 6.00000000e+00 8.46161537e+01
 5.37000000e+02 6.00000000e+00 8.46451887e+01
 5.38000000e+02 6.00000000e+00 8.46778842e+01
 5.39000000e+02 6.00000000e+00 8.47145691e+01
 5.40000000e+02 6.00000000e+00 8.47555720e+01
 5.41000000e+02 6.00000000e+00 8.48012217e+01
 5.42000000e+02 6.00000000e+00 8.48518467e+01
 5.43000000e+02 6.00000000e+00 8.49077759e+01
 5.44000000e+02 6.00000000e+00 8.49693379e+01
 5.45000000e+02 6.00000000e+00 8.50368614e+01
 5.46000000e+02 6.00000000e+00 8.51106752e+01
 5.47000000e+02 6.00000000e+00 8.51911079e+01
 5.48000000e+02 6.00000000e+00 8.52784882e+01
 5.49000000e+02 6.00000000e+00 8.53731448e+01
 5.50000000e+02 6.00000000e+00 8.54754065e+01
 5.51000000e+02 6.00000000e+00 8.55550425e+01
 5.52000000e+02 6.00000000e+00 8.56729924e+01
 5.53000000e+02 6.00000000e+00 8.57984618e+01
 5.54000000e+02 6.00000000e+00 8.59311796e+01
 5.55000000e+02 6.00000000e+00 8.60708743e+01
 5.56000000e+02 6.00000000e+00 8.62172745e+01
 5.57000000e+02 6.00000000e+00 8.63701090e+01
 5.58000000e+02 6.00000000e+00 8.65291064e+01
 5.59000000e+02 6.00000000e+00 8.66939953e+01
 5.60000000e+02 6.00000000e+00 8.68645044e+01
 5.61000000e+02 6.00000000e+00 8.70403623e+01
 5.62000000e+02 6.00000000e+00 8.72212977e+01
 5.63000000e+02 6.00000000e+00 8.74070393e+01
 5.64000000e+02 6.00000000e+00 8.75973157e+01
 5.65000000e+02 6.00000000e+00 8.77918555e+01
 5.66000000e+02 6.00000000e+00 8.79903875e+01
 5.67000000e+02 6.00000000e+00 8.81926402e+01
 5.68000000e+02 6.00000000e+00 8.83983423e+01
 5.69000000e+02 6.00000000e+00 8.86072224e+01
 5.70000000e+02 6.00000000e+00 8.88190093e+01
 5.71000000e+02 6.00000000e+00 8.90334316e+01
 5.72000000e+02 6.00000000e+00 8.92502178e+01
 5.73000000e+02 6.00000000e+00 8.94690968e+01
 5.74000000e+02 6.00000000e+00 8.96897970e+01
 5.75000000e+02 6.00000000e+00 8.99120473e+01
 5.76000000e+02 6.00000000e+00 9.01355761e+01
 5.77000000e+02 6.00000000e+00 9.03601123e+01
 5.78000000e+02 6.00000000e+00 9.05853844e+01
 5.79000000e+02 6.00000000e+00 9.08111210e+01
 5.80000000e+02 6.00000000e+00 9.10370509e+01
 5.81000000e+02 6.00000000e+00 9.12629027e+01
 5.82000000e+02 6.00000000e+00 9.14884051e+01
 5.83000000e+02 6.00000000e+00 9.17132866e+01
 5.84000000e+02 6.00000000e+00 9.19372760e+01
 5.85000000e+02 6.00000000e+00 9.21601019e+01
 5.86000000e+02 6.00000000e+00 9.23814929e+01
 5.87000000e+02 6.00000000e+00 9.26011777e+01
 5.88000000e+02 6.00000000e+00 9.28188850e+01
 5.89000000e+02 6.00000000e+00 9.30343434e+01
 5.90000000e+02 6.00000000e+00 9.32472816e+01
 5.91000000e+02 6.00000000e+00 9.34574282e+01
 5.92000000e+02 6.00000000e+00 9.36645119e+01
 5.93000000e+02 6.00000000e+00 9.38682612e+01
 5.94000000e+02 6.00000000e+00 9.40684050e+01
 5.95000000e+02 6.00000000e+00 9.42646717e+01
 5.96000000e+02 6.00000000e+00 9.44567902e+01
 5.97000000e+02 6.00000000e+00 9.46444890e+01
 5.98000000e+02 6.00000000e+00 9.48274967e+01
 5.99000000e+02 6.00000000e+00 9.50055421e+01
 6.00000000e+02 6.00000000e+00 9.51783538e+01
 6.01000000e+02 6.00000000e+00 9.55347314e+01
 6.02000000e+02 6.00000000e+00 9.56966557e+01
 6.03000000e+02 6.00000000e+00 9.58533010e+01
 6.04000000e+02 6.00000000e+00 9.60048100e+01
 6.05000000e+02 6.00000000e+00 9.61513253e+01
 6.06000000e+02 6.00000000e+00 9.62929895e+01
 6.07000000e+02 6.00000000e+00 9.64299452e+01
 6.08000000e+02 6.00000000e+00 9.65623351e+01
 6.09000000e+02 6.00000000e+00 9.66903018e+01
 6.10000000e+02 6.00000000e+00 9.68139878e+01
 6.11000000e+02 6.00000000e+00 9.69335359e+01
 6.12000000e+02 6.00000000e+00 9.70490887e+01
 6.13000000e+02 6.00000000e+00 9.71607887e+01
 6.14000000e+02 6.00000000e+00 9.72687786e+01
 6.15000000e+02 6.00000000e+00 9.73732011e+01
 6.16000000e+02 6.00000000e+00 9.74741986e+01
 6.17000000e+02 6.00000000e+00 9.75719140e+01
 6.18000000e+02 6.00000000e+00 9.76664897e+01
 6.19000000e+02 6.00000000e+00 9.77580685e+01
 6.20000000e+02 6.00000000e+00 9.78467928e+01
 6.21000000e+02 6.00000000e+00 9.79328055e+01
 6.22000000e+02 6.00000000e+00 9.80162490e+01
 6.23000000e+02 6.00000000e+00 9.80972660e+01
 6.24000000e+02 6.00000000e+00 9.81759991e+01
 6.25000000e+02 6.00000000e+00 9.82525910e+01
 6.26000000e+02 6.00000000e+00 9.83271842e+01
 6.27000000e+02 6.00000000e+00 9.83999214e+01
 6.28000000e+02 6.00000000e+00 9.84709453e+01
 6.29000000e+02 6.00000000e+00 9.85403984e+01
 6.30000000e+02 6.00000000e+00 9.86084233e+01
 6.31000000e+02 6.00000000e+00 9.86751627e+01
 6.32000000e+02 6.00000000e+00 9.87407593e+01
 6.33000000e+02 6.00000000e+00 9.88053555e+01
 6.34000000e+02 6.00000000e+00 9.88690941e+01
 6.35000000e+02 6.00000000e+00 9.89321177e+01
 6.36000000e+02 6.00000000e+00 9.89945689e+01
 6.37000000e+02 6.00000000e+00 9.90565903e+01
 6.38000000e+02 6.00000000e+00 9.91183245e+01
 6.39000000e+02 6.00000000e+00 9.91799142e+01
 6.40000000e+02 6.00000000e+00 9.92415020e+01
 6.41000000e+02 6.00000000e+00 9.93032305e+01
 6.42000000e+02 6.00000000e+00 9.93652423e+01
 6.43000000e+02 6.00000000e+00 9.94276801e+01
 6.44000000e+02 6.00000000e+00 9.94906864e+01
 6.45000000e+02 6.00000000e+00 9.95544040e+01
 6.46000000e+02 6.00000000e+00 9.96189754e+01
 6.47000000e+02 6.00000000e+00 9.96845432e+01
 6.48000000e+02 6.00000000e+00 9.97512501e+01
 6.49000000e+02 6.00000000e+00 9.98192387e+01
 6.50000000e+02 6.00000000e+00 9.98886516e+01
 6.51000000e+02 6.00000000e+00 9.95268476e+01
 6.52000000e+02 6.00000000e+00 9.95995028e+01
 6.53000000e+02 6.00000000e+00 9.96739331e+01
 6.54000000e+02 6.00000000e+00 9.97502411e+01
 6.55000000e+02 6.00000000e+00 9.98285294e+01
 6.56000000e+02 6.00000000e+00 9.99089007e+01
 6.57000000e+02 6.00000000e+00 9.99914576e+01
 6.58000000e+02 6.00000000e+00 1.00076303e+02
 6.59000000e+02 6.00000000e+00 1.00163539e+02
 6.60000000e+02 6.00000000e+00 1.00253268e+02
 6.61000000e+02 6.00000000e+00 1.00345594e+02
 6.62000000e+02 6.00000000e+00 1.00440619e+02
 6.63000000e+02 6.00000000e+00 1.00538445e+02
 6.64000000e+02 6.00000000e+00 1.00639175e+02
 6.65000000e+02 6.00000000e+00 1.00742912e+02
 6.66000000e+02 6.00000000e+00 1.00849758e+02
 6.67000000e+02 6.00000000e+00 1.00959816e+02
 6.68000000e+02 6.00000000e+00 1.01073189e+02
 6.69000000e+02 6.00000000e+00 1.01189979e+02
 6.70000000e+02 6.00000000e+00 1.01310289e+02
 6.71000000e+02 6.00000000e+00 1.01434221e+02
 6.72000000e+02 6.00000000e+00 1.01561879e+02
 6.73000000e+02 6.00000000e+00 1.01693364e+02
 6.74000000e+02 6.00000000e+00 1.01828780e+02
 6.75000000e+02 6.00000000e+00 1.01968229e+02
 6.76000000e+02 6.00000000e+00 1.02111814e+02
 6.77000000e+02 6.00000000e+00 1.02259637e+02
 6.78000000e+02 6.00000000e+00 1.02411801e+02
 6.79000000e+02 6.00000000e+00 1.02568409e+02
 6.80000000e+02 6.00000000e+00 1.02729563e+02
 6.81000000e+02 6.00000000e+00 1.02895366e+02
 6.82000000e+02 6.00000000e+00 1.03065920e+02
 6.83000000e+02 6.00000000e+00 1.03241329e+02
 6.84000000e+02 6.00000000e+00 1.03421694e+02
 6.85000000e+02 6.00000000e+00 1.03607119e+02
 6.86000000e+02 6.00000000e+00 1.03797706e+02
 6.87000000e+02 6.00000000e+00 1.03993558e+02
 6.88000000e+02 6.00000000e+00 1.04194777e+02
 6.89000000e+02 6.00000000e+00 1.04401466e+02
 6.90000000e+02 6.00000000e+00 1.04613728e+02
 6.91000000e+02 6.00000000e+00 1.04831665e+02
 6.92000000e+02 6.00000000e+00 1.05055380e+02
 6.93000000e+02 6.00000000e+00 1.05284976e+02
 6.94000000e+02 6.00000000e+00 1.05520555e+02
 6.95000000e+02 6.00000000e+00 1.05762219e+02
 6.96000000e+02 6.00000000e+00 1.06010072e+02
 6.97000000e+02 6.00000000e+00 1.06264216e+02
 6.98000000e+02 6.00000000e+00 1.06524754e+02
 6.99000000e+02 6.00000000e+00 1.06791789e+02
 7.00000000e+02 6.00000000e+00 1.07065422e+02
