 1.00000000e+00 7.00000000e+00 8.91575722e+01
 2.00000000e+00 7.00000000e+00 8.91310959e+01
 3.00000000e+00 7.00000000e+00 8.91025769e+01
 4.00000000e+00 7.00000000e+00 8.90720331e+01
 5.00000000e+00 7.00000000e+00 8.90394822e+01
 6.00000000e+00 7.00000000e+00 8.90049419e+01
 7.00000000e+00 7.00000000e+00 8.89684300e+01
 8.00000000e+00 7.00000000e+00 8.89299642e+01
 9.00000000e+00 7.00000000e+00 8.88895622e+01
 1.00000000e+01 7.00000000e+00 8.88472418e+01
 1.10000000e+01 7.00000000e+00 8.88030208e+01
 1.20000000e+01 7.00000000e+00 8.87569168e+01
 1.30000000e+01 7.00000000e+00 8.87089476e+01
 1.40000000e+01 7.00000000e+00 8.86591309e+01
 1.50000000e+01 7.00000000e+00 8.86074846e+01
 1.60000000e+01 7.00000000e+00 8.85540263e+01
 1.70000000e+01 7.00000000e+00 8.84987737e+01
 1.80000000e+01 7.00000000e+00 8.84417446e+01
 1.90000000e+01 7.00000000e+00 8.83829568e+01
 2.00000000e+01 7.00000000e+00 8.83224280e+01
 2.10000000e+01 7.00000000e+00 8.82601759e+01
 2.20000000e+01 7.00000000e+00 8.81962183e+01
 2.30000000e+01 7.00000000e+00 8.81305728e+01
 2.40000000e+01 7.00000000e+00 8.80632574e+01
 2.50000000e+01 7.00000000e+00 8.79942896e+01
 2.60000000e+01 7.00000000e+00 8.79236872e+01
 2.70000000e+01 7.00000000e+00 8.78514680e+01
 2.80000000e+01 7.00000000e+00 8.77776497e+01
 2.90000000e+01 7.00000000e+00 8.77022501e+01
 3.00000000e+01 7.00000000e+00 8.76252868e+01
 3.10000000e+01 7.00000000e+00 8.75467777e+01
 3.20000000e+01 7.00000000e+00 8.74667405e+01
 3.30000000e+01 7.00000000e+00 8.73851928e+01
 3.40000000e+01 7.00000000e+00 8.73021525e+01
 3.50000000e+01 7.00000000e+00 8.72176373e+01
 3.60000000e+01 7.00000000e+00 8.71316649e+01
 3.70000000e+01 7.00000000e+00 8.70442531e+01
 3.80000000e+01 7.00000000e+00 8.69554196e+01
 3.90000000e+01 7.00000000e+00 8.68651822e+01
 4.00000000e+01 7.00000000e+00 8.67735585e+01
 4.10000000e+01 7.00000000e+00 8.66805664e+01
 4.20000000e+01 7.00000000e+00 8.65862235e+01
 4.30000000e+01 7.00000000e+00 8.64905477e+01
 4.40000000e+01 7.00000000e+00 8.63935566e+01
 4.50000000e+01 7.00000000e+00 8.62952680e+01
 4.60000000e+01 7.00000000e+00 8.61956996e+01
 4.70000000e+01 7.00000000e+00 8.60948692e+01
 4.80000000e+01 7.00000000e+00 8.59927945e+01
 4.90000000e+01 7.00000000e+00 8.58894933e+01
 5.00000000e+01 7.00000000e+00 8.57849832e+01
 5.10000000e+01 7.00000000e+00 8.56792821e+01
 5.20000000e+01 7.00000000e+00 8.55724076e+01
 5.30000000e+01 7.00000000e+00 8.54643776e+01
 5.40000000e+01 7.00000000e+00 8.53552097e+01
 5.50000000e+01 7.00000000e+00 8.52449217e+01
 5.60000000e+01 7.00000000e+00 8.51335314e+01
 5.70000000e+01 7.00000000e+00 8.50210564e+01
 5.80000000e+01 7.00000000e+00 8.49075145e+01
 5.90000000e+01 7.00000000e+00 8.47929235e+01
 6.00000000e+01 7.00000000e+00 8.46773010e+01
 6.10000000e+01 7.00000000e+00 8.45606650e+01
 6.20000000e+01 7.00000000e+00 8.44430329e+01
 6.30000000e+01 7.00000000e+00 8.43244227e+01
 6.40000000e+01 7.00000000e+00 8.42048521e+01
 6.50000000e+01 7.00000000e+00 8.40843387e+01
 6.60000000e+01 7.00000000e+00 8.39629004e+01
 6.70000000e+01 7.00000000e+00 8.38405548e+01
 6.80000000e+01 7.00000000e+00 8.37173198e+01
 6.90000000e+01 7.00000000e+00 8.35932130e+01
 7.00000000e+01 7.00000000e+00 8.34682522e+01
 7.10000000e+01 7.00000000e+00 8.33424551e+01
 7.20000000e+01 7.00000000e+00 8.32158395e+01
 7.30000000e+01 7.00000000e+00 8.30884232e+01
 7.40000000e+01 7.00000000e+00 8.29602237e+01
 7.50000000e+01 7.00000000e+00 8.28312590e+01
 7.60000000e+01 7.00000000e+00 8.27015467e+01
 7.70000000e+01 7.00000000e+00 8.25711046e+01
 7.80000000e+01 7.00000000e+00 8.24399504e+01
 7.90000000e+01 7.00000000e+00 8.23081019e+01
 8.00000000e+01 7.00000000e+00 8.21755767e+01
 8.10000000e+01 7.00000000e+00 8.20423927e+01
 8.20000000e+01 7.00000000e+00 8.19085676e+01
 8.30000000e+01 7.00000000e+00 8.17741191e+01
 8.40000000e+01 7.00000000e+00 8.16390649e+01
 8.50000000e+01 7.00000000e+00 8.15034229e+01
 8.60000000e+01 7.00000000e+00 8.13672106e+01
 8.70000000e+01 7.00000000e+00 8.12304460e+01
 8.80000000e+01 7.00000000e+00 8.10931467e+01
 8.90000000e+01 7.00000000e+00 8.09553304e+01
 9.00000000e+01 7.00000000e+00 8.08170149e+01
 9.10000000e+01 7.00000000e+00 8.06782180e+01
 9.20000000e+01 7.00000000e+00 8.05389573e+01
 9.30000000e+01 7.00000000e+00 8.03992507e+01
 9.40000000e+01 7.00000000e+00 8.02591158e+01
 9.50000000e+01 7.00000000e+00 8.01185704e+01
 9.60000000e+01 7.00000000e+00 7.99776322e+01
 9.70000000e+01 7.00000000e+00 7.98363191e+01
 9.80000000e+01 7.00000000e+00 7.96946486e+01
 9.90000000e+01 7.00000000e+00 7.94996253e+01
 1.00000000e+02 7.00000000e+00 7.93572910e+01
 1.01000000e+02 7.00000000e+00 7.92146487e+01
 1.02000000e+02 7.00000000e+00 7.90717140e+01
 1.03000000e+02 7.00000000e+00 7.89285024e+01
 1.04000000e+02 7.00000000e+00 7.87850296e+01
 1.05000000e+02 7.00000000e+00 7.86413111e+01
 1.06000000e+02 7.00000000e+00 7.84973624e+01
 1.07000000e+02 7.00000000e+00 7.83531991e+01
 1.08000000e+02 7.00000000e+00 7.82088367e+01
 1.09000000e+02 7.00000000e+00 7.80642909e+01
 1.10000000e+02 7.00000000e+00 7.79195771e+01
 1.11000000e+02 7.00000000e+00 7.77747110e+01
 1.12000000e+02 7.00000000e+00 7.76297081e+01
 1.13000000e+02 7.00000000e+00 7.74845839e+01
 1.14000000e+02 7.00000000e+00 7.73393540e+01
 1.15000000e+02 7.00000000e+00 7.71940340e+01
 1.16000000e+02 7.00000000e+00 7.70486394e+01
 1.17000000e+02 7.00000000e+00 7.69031858e+01
 1.18000000e+02 7.00000000e+00 7.67576887e+01
 1.19000000e+02 7.00000000e+00 7.66121637e+01
 1.20000000e+02 7.00000000e+00 7.64666264e+01
 1.21000000e+02 7.00000000e+00 7.63210923e+01
 1.22000000e+02 7.00000000e+00 7.61755770e+01
 1.23000000e+02 7.00000000e+00 7.60300960e+01
 1.24000000e+02 7.00000000e+00 7.58846649e+01
 1.25000000e+02 7.00000000e+00 7.57392993e+01
 1.26000000e+02 7.00000000e+00 7.55940146e+01
 1.27000000e+02 7.00000000e+00 7.54488266e+01
 1.28000000e+02 7.00000000e+00 7.53037506e+01
 1.29000000e+02 7.00000000e+00 7.51588024e+01
 1.30000000e+02 7.00000000e+00 7.50139974e+01
 1.31000000e+02 7.00000000e+00 7.48693512e+01
 1.32000000e+02 7.00000000e+00 7.47248793e+01
 1.33000000e+02 7.00000000e+00 7.45805974e+01
 1.34000000e+02 7.00000000e+00 7.44365210e+01
 1.35000000e+02 7.00000000e+00 7.42926656e+01
 1.36000000e+02 7.00000000e+00 7.41490468e+01
 1.37000000e+02 7.00000000e+00 7.40056802e+01
 1.38000000e+02 7.00000000e+00 7.38625812e+01
 1.39000000e+02 7.00000000e+00 7.37197656e+01
 1.40000000e+02 7.00000000e+00 7.35772487e+01
 1.41000000e+02 7.00000000e+00 7.34350463e+01
 1.42000000e+02 7.00000000e+00 7.32931738e+01
 1.43000000e+02 7.00000000e+00 7.31516469e+01
 1.44000000e+02 7.00000000e+00 7.30104809e+01
 1.45000000e+02 7.00000000e+00 7.28696917e+01
 1.46000000e+02 7.00000000e+00 7.27292946e+01
 1.47000000e+02 7.00000000e+00 7.25893052e+01
 1.48000000e+02 7.00000000e+00 7.24497392e+01
 1.49000000e+02 7.00000000e+00 7.23106120e+01
 1.50000000e+02 7.00000000e+00 7.13378153e+01
 1.51000000e+02 7.00000000e+00 7.11996657e+01
 1.52000000e+02 7.00000000e+00 7.10619487e+01
 1.53000000e+02 7.00000000e+00 7.09246462e+01
 1.54000000e+02 7.00000000e+00 7.07877402e+01
 1.55000000e+02 7.00000000e+00 7.06512126e+01
 1.56000000e+02 7.00000000e+00 7.05150453e+01
 1.57000000e+02 7.00000000e+00 7.03792202e+01
 1.58000000e+02 7.00000000e+00 7.02437191e+01
 1.59000000e+02 7.00000000e+00 7.01085240e+01
 1.60000000e+02 7.00000000e+00 6.99736169e+01
 1.61000000e+02 7.00000000e+00 6.98389795e+01
 1.62000000e+02 7.00000000e+00 6.97045939e+01
 1.63000000e+02 7.00000000e+00 6.95704418e+01
 1.64000000e+02 7.00000000e+00 6.94365053e+01
 1.65000000e+02 7.00000000e+00 6.93027662e+01
 1.66000000e+02 7.00000000e+00 6.91692065e+01
 1.67000000e+02 7.00000000e+00 6.90358079e+01
 1.68000000e+02 7.00000000e+00 6.89025526e+01
 1.69000000e+02 7.00000000e+00 6.87694222e+01
 1.70000000e+02 7.00000000e+00 6.86363988e+01
 1.71000000e+02 7.00000000e+00 6.85034643e+01
 1.72000000e+02 7.00000000e+00 6.83706005e+01
 1.73000000e+02 7.00000000e+00 6.82377894e+01
 1.74000000e+02 7.00000000e+00 6.81050129e+01
 1.75000000e+02 7.00000000e+00 6.79722528e+01
 1.76000000e+02 7.00000000e+00 6.78394912e+01
 1.77000000e+02 7.00000000e+00 6.77067098e+01
 1.78000000e+02 7.00000000e+00 6.75738906e+01
 1.79000000e+02 7.00000000e+00 6.74410155e+01
 1.80000000e+02 7.00000000e+00 6.73080664e+01
 1.81000000e+02 7.00000000e+00 6.71750252e+01
 1.82000000e+02 7.00000000e+00 6.70418738e+01
 1.83000000e+02 7.00000000e+00 6.69085942e+01
 1.84000000e+02 7.00000000e+00 6.67751682e+01
 1.85000000e+02 7.00000000e+00 6.66415777e+01
 1.86000000e+02 7.00000000e+00 6.65078046e+01
 1.87000000e+02 7.00000000e+00 6.63738309e+01
 1.88000000e+02 7.00000000e+00 6.62396384e+01
 1.89000000e+02 7.00000000e+00 6.61052090e+01
 1.90000000e+02 7.00000000e+00 6.59705248e+01
 1.91000000e+02 7.00000000e+00 6.58355674e+01
 1.92000000e+02 7.00000000e+00 6.57003190e+01
 1.93000000e+02 7.00000000e+00 6.55647613e+01
 1.94000000e+02 7.00000000e+00 6.54288763e+01
 1.95000000e+02 7.00000000e+00 6.52926459e+01
 1.96000000e+02 7.00000000e+00 6.51560519e+01
 1.97000000e+02 7.00000000e+00 6.50190764e+01
 1.98000000e+02 7.00000000e+00 6.48817011e+01
 1.99000000e+02 7.00000000e+00 6.47439080e+01
 2.00000000e+02 7.00000000e+00 6.46056791e+01
 2.01000000e+02 7.00000000e+00 6.44395735e+01
 2.02000000e+02 7.00000000e+00 6.43004191e+01
 2.03000000e+02 7.00000000e+00 6.41607515e+01
 2.04000000e+02 7.00000000e+00 6.40205357e+01
 2.05000000e+02 7.00000000e+00 6.38797367e+01
 2.06000000e+02 7.00000000e+00 6.37383194e+01
 2.07000000e+02 7.00000000e+00 6.35962489e+01
 2.08000000e+02 7.00000000e+00 6.34534900e+01
 2.09000000e+02 7.00000000e+00 6.33100079e+01
 2.10000000e+02 7.00000000e+00 6.31657673e+01
 2.11000000e+02 7.00000000e+00 6.30207334e+01
 2.12000000e+02 7.00000000e+00 6.28748711e+01
 2.13000000e+02 7.00000000e+00 6.27281453e+01
 2.14000000e+02 7.00000000e+00 6.25805210e+01
 2.15000000e+02 7.00000000e+00 6.24319633e+01
 2.16000000e+02 7.00000000e+00 6.22824370e+01
 2.17000000e+02 7.00000000e+00 6.21319071e+01
 2.18000000e+02 7.00000000e+00 6.19803387e+01
 2.19000000e+02 7.00000000e+00 6.18276967e+01
 2.20000000e+02 7.00000000e+00 6.16739459e+01
 2.21000000e+02 7.00000000e+00 6.15190516e+01
 2.22000000e+02 7.00000000e+00 6.13629785e+01
 2.23000000e+02 7.00000000e+00 6.12056917e+01
 2.24000000e+02 7.00000000e+00 6.10471561e+01
 2.25000000e+02 7.00000000e+00 6.08873367e+01
 2.26000000e+02 7.00000000e+00 6.07261986e+01
 2.27000000e+02 7.00000000e+00 6.05637065e+01
 2.28000000e+02 7.00000000e+00 6.03998256e+01
 2.29000000e+02 7.00000000e+00 6.02345208e+01
 2.30000000e+02 7.00000000e+00 6.00677571e+01
 2.31000000e+02 7.00000000e+00 5.98994994e+01
 2.32000000e+02 7.00000000e+00 5.97297127e+01
 2.33000000e+02 7.00000000e+00 5.95583620e+01
 2.34000000e+02 7.00000000e+00 5.93854122e+01
 2.35000000e+02 7.00000000e+00 5.92108284e+01
 2.36000000e+02 7.00000000e+00 5.90345754e+01
 2.37000000e+02 7.00000000e+00 5.88566184e+01
 2.38000000e+02 7.00000000e+00 5.86769221e+01
 2.39000000e+02 7.00000000e+00 5.84954517e+01
 2.40000000e+02 7.00000000e+00 5.83121721e+01
 2.41000000e+02 7.00000000e+00 5.81270482e+01
 2.42000000e+02 7.00000000e+00 5.79400450e+01
 2.43000000e+02 7.00000000e+00 5.77511276e+01
 2.44000000e+02 7.00000000e+00 5.75602608e+01
 2.45000000e+02 7.00000000e+00 5.73674096e+01
 2.46000000e+02 7.00000000e+00 5.71725391e+01
 2.47000000e+02 7.00000000e+00 5.69756141e+01
 2.48000000e+02 7.00000000e+00 5.67765997e+01
 2.49000000e+02 7.00000000e+00 5.65754608e+01
 2.50000000e+02 7.00000000e+00 5.63721624e+01
 2.51000000e+02 7.00000000e+00 5.61666694e+01
 2.52000000e+02 7.00000000e+00 5.59594913e+01
 2.53000000e+02 7.00000000e+00 5.57495225e+01
 2.54000000e+02 7.00000000e+00 5.55373386e+01
 2.55000000e+02 7.00000000e+00 5.53229785e+01
 2.56000000e+02 7.00000000e+00 5.51064810e+01
 2.57000000e+02 7.00000000e+00 5.48878850e+01
 2.58000000e+02 7.00000000e+00 5.46672295e+01
 2.59000000e+02 7.00000000e+00 5.44445533e+01
 2.60000000e+02 7.00000000e+00 5.42198953e+01
 2.61000000e+02 7.00000000e+00 5.39932944e+01
 2.62000000e+02 7.00000000e+00 5.37647895e+01
 2.63000000e+02 7.00000000e+00 5.35344195e+01
 2.64000000e+02 7.00000000e+00 5.33022232e+01
 2.65000000e+02 7.00000000e+00 5.30682396e+01
 2.66000000e+02 7.00000000e+00 5.28325076e+01
 2.67000000e+02 7.00000000e+00 5.25950660e+01
 2.68000000e+02 7.00000000e+00 5.23559538e+01
 2.69000000e+02 7.00000000e+00 5.21152098e+01
 2.70000000e+02 7.00000000e+00 5.18728729e+01
 2.71000000e+02 7.00000000e+00 5.16289820e+01
 2.72000000e+02 7.00000000e+00 5.13835761e+01
 2.73000000e+02 7.00000000e+00 5.11366939e+01
 2.74000000e+02 7.00000000e+00 5.08883745e+01
 2.75000000e+02 7.00000000e+00 5.06386566e+01
 2.76000000e+02 7.00000000e+00 5.03875792e+01
 2.77000000e+02 7.00000000e+00 5.01351811e+01
 2.78000000e+02 7.00000000e+00 4.98815013e+01
 2.79000000e+02 7.00000000e+00 4.96265787e+01
 2.80000000e+02 7.00000000e+00 4.93704521e+01
 2.81000000e+02 7.00000000e+00 4.91131604e+01
 2.82000000e+02 7.00000000e+00 4.88547425e+01
 2.83000000e+02 7.00000000e+00 4.85952374e+01
 2.84000000e+02 7.00000000e+00 4.83346839e+01
 2.85000000e+02 7.00000000e+00 4.80731208e+01
 2.86000000e+02 7.00000000e+00 4.78105872e+01
 2.87000000e+02 7.00000000e+00 4.75471218e+01
 2.88000000e+02 7.00000000e+00 4.72827636e+01
 2.89000000e+02 7.00000000e+00 4.70175514e+01
 2.90000000e+02 7.00000000e+00 4.67515243e+01
 2.91000000e+02 7.00000000e+00 4.64847209e+01
 2.92000000e+02 7.00000000e+00 4.62171803e+01
 2.93000000e+02 7.00000000e+00 4.59489413e+01
 2.94000000e+02 7.00000000e+00 4.56800429e+01
 2.95000000e+02 7.00000000e+00 4.54105238e+01
 2.96000000e+02 7.00000000e+00 4.51404231e+01
 2.97000000e+02 7.00000000e+00 4.48697795e+01
 2.98000000e+02 7.00000000e+00 4.45986321e+01
 2.99000000e+02 7.00000000e+00 4.43270196e+01
 3.00000000e+02 7.00000000e+00 4.40549810e+01
 3.01000000e+02 7.00000000e+00 4.37825551e+01
 3.02000000e+02 7.00000000e+00 4.35097809e+01
 3.03000000e+02 7.00000000e+00 4.32366972e+01
 3.04000000e+02 7.00000000e+00 4.29346809e+01
 3.05000000e+02 7.00000000e+00 4.26611450e+01
 3.06000000e+02 7.00000000e+00 4.23875060e+01
 3.07000000e+02 7.00000000e+00 4.21138495e+01
 3.08000000e+02 7.00000000e+00 4.18402608e+01
 3.09000000e+02 7.00000000e+00 4.15668254e+01
 3.10000000e+02 7.00000000e+00 4.12936287e+01
 3.11000000e+02 7.00000000e+00 4.10207562e+01
 3.12000000e+02 7.00000000e+00 4.07482933e+01
 3.13000000e+02 7.00000000e+00 4.04763255e+01
 3.14000000e+02 7.00000000e+00 4.02049381e+01
 3.15000000e+02 7.00000000e+00 3.99342166e+01
 3.16000000e+02 7.00000000e+00 3.96642465e+01
 3.17000000e+02 7.00000000e+00 3.93951131e+01
 3.18000000e+02 7.00000000e+00 3.91269020e+01
 3.19000000e+02 7.00000000e+00 3.88596986e+01
 3.20000000e+02 7.00000000e+00 3.85935882e+01
 3.21000000e+02 7.00000000e+00 3.83286564e+01
 3.22000000e+02 7.00000000e+00 3.80649885e+01
 3.23000000e+02 7.00000000e+00 3.78026701e+01
 3.24000000e+02 7.00000000e+00 3.75417864e+01
 3.25000000e+02 7.00000000e+00 3.72824231e+01
 3.26000000e+02 7.00000000e+00 3.70246655e+01
 3.27000000e+02 7.00000000e+00 3.67685990e+01
 3.28000000e+02 7.00000000e+00 3.65143091e+01
 3.29000000e+02 7.00000000e+00 3.62618813e+01
 3.30000000e+02 7.00000000e+00 3.60114009e+01
 3.31000000e+02 7.00000000e+00 3.57629534e+01
 3.32000000e+02 7.00000000e+00 3.55166242e+01
 3.33000000e+02 7.00000000e+00 3.52724988e+01
 3.34000000e+02 7.00000000e+00 3.50306627e+01
 3.35000000e+02 7.00000000e+00 3.47912011e+01
 3.36000000e+02 7.00000000e+00 3.45541997e+01
 3.37000000e+02 7.00000000e+00 3.43197437e+01
 3.38000000e+02 7.00000000e+00 3.40879188e+01
 3.39000000e+02 7.00000000e+00 3.38588102e+01
 3.40000000e+02 7.00000000e+00 3.36325034e+01
 3.41000000e+02 7.00000000e+00 3.34090839e+01
 3.42000000e+02 7.00000000e+00 3.31886371e+01
 3.43000000e+02 7.00000000e+00 3.29712485e+01
 3.44000000e+02 7.00000000e+00 3.27570034e+01
 3.45000000e+02 7.00000000e+00 3.25459873e+01
 3.46000000e+02 7.00000000e+00 3.23382857e+01
 3.47000000e+02 7.00000000e+00 3.21339839e+01
 3.48000000e+02 7.00000000e+00 3.19331675e+01
 3.49000000e+02 7.00000000e+00 3.17359218e+01
 3.50000000e+02 7.00000000e+00 3.15423324e+01
 3.51000000e+02 7.00000000e+00 3.13524845e+01
 3.52000000e+02 7.00000000e+00 3.11664638e+01
 3.53000000e+02 7.00000000e+00 3.09843555e+01
 3.54000000e+02 7.00000000e+00 3.08062452e+01
 3.55000000e+02 7.00000000e+00 3.06207907e+01
 3.56000000e+02 7.00000000e+00 3.04508072e+01
 3.57000000e+02 7.00000000e+00 3.02848031e+01
 3.58000000e+02 7.00000000e+00 3.01227035e+01
 3.59000000e+02 7.00000000e+00 2.99644334e+01
 3.60000000e+02 7.00000000e+00 2.98099178e+01
 3.61000000e+02 7.00000000e+00 2.96590820e+01
 3.62000000e+02 7.00000000e+00 2.95118509e+01
 3.63000000e+02 7.00000000e+00 2.93681497e+01
 3.64000000e+02 7.00000000e+00 2.92279035e+01
 3.65000000e+02 7.00000000e+00 2.90910372e+01
 3.66000000e+02 7.00000000e+00 2.89574761e+01
 3.67000000e+02 7.00000000e+00 2.88271451e+01
 3.68000000e+02 7.00000000e+00 2.86999694e+01
 3.69000000e+02 7.00000000e+00 2.85758741e+01
 3.70000000e+02 7.00000000e+00 2.84547841e+01
 3.71000000e+02 7.00000000e+00 2.83366248e+01
 3.72000000e+02 7.00000000e+00 2.82213210e+01
 3.73000000e+02 7.00000000e+00 2.81087978e+01
 3.74000000e+02 7.00000000e+00 2.79989805e+01
 3.75000000e+02 7.00000000e+00 2.78917940e+01
 3.76000000e+02 7.00000000e+00 2.77871634e+01
 3.77000000e+02 7.00000000e+00 2.76850139e+01
 3.78000000e+02 7.00000000e+00 2.75852704e+01
 3.79000000e+02 7.00000000e+00 2.74878581e+01
 3.80000000e+02 7.00000000e+00 2.73927021e+01
 3.81000000e+02 7.00000000e+00 2.72997274e+01
 3.82000000e+02 7.00000000e+00 2.72088591e+01
 3.83000000e+02 7.00000000e+00 2.71200224e+01
 3.84000000e+02 7.00000000e+00 2.70331422e+01
 3.85000000e+02 7.00000000e+00 2.69481437e+01
 3.86000000e+02 7.00000000e+00 2.68649520e+01
 3.87000000e+02 7.00000000e+00 2.67834921e+01
 3.88000000e+02 7.00000000e+00 2.67036891e+01
 3.89000000e+02 7.00000000e+00 2.66254682e+01
 3.90000000e+02 7.00000000e+00 2.65487543e+01
 3.91000000e+02 7.00000000e+00 2.64734726e+01
 3.92000000e+02 7.00000000e+00 2.63995481e+01
 3.93000000e+02 7.00000000e+00 2.63269060e+01
 3.94000000e+02 7.00000000e+00 2.62554713e+01
 3.95000000e+02 7.00000000e+00 2.61851691e+01
 3.96000000e+02 7.00000000e+00 2.61159245e+01
 3.97000000e+02 7.00000000e+00 2.60476626e+01
 3.98000000e+02 7.00000000e+00 2.59803084e+01
 3.99000000e+02 7.00000000e+00 2.59137870e+01
 4.00000000e+02 7.00000000e+00 2.58480236e+01
 4.01000000e+02 7.00000000e+00 2.57829431e+01
 4.02000000e+02 7.00000000e+00 2.57184707e+01
 4.03000000e+02 7.00000000e+00 2.56545315e+01
 4.04000000e+02 7.00000000e+00 2.55910506e+01
 4.05000000e+02 7.00000000e+00 2.55279529e+01
 4.06000000e+02 7.00000000e+00 2.55099247e+01
 4.07000000e+02 7.00000000e+00 2.54474333e+01
 4.08000000e+02 7.00000000e+00 2.53852770e+01
 4.09000000e+02 7.00000000e+00 2.53234983e+01
 4.10000000e+02 7.00000000e+00 2.52621402e+01
 4.11000000e+02 7.00000000e+00 2.52012453e+01
 4.12000000e+02 7.00000000e+00 2.51408563e+01
 4.13000000e+02 7.00000000e+00 2.50810159e+01
 4.14000000e+02 7.00000000e+00 2.50217669e+01
 4.15000000e+02 7.00000000e+00 2.49631520e+01
 4.16000000e+02 7.00000000e+00 2.49052139e+01
 4.17000000e+02 7.00000000e+00 2.48479953e+01
 4.18000000e+02 7.00000000e+00 2.47915389e+01
 4.19000000e+02 7.00000000e+00 2.47358876e+01
 4.20000000e+02 7.00000000e+00 2.46810839e+01
 4.21000000e+02 7.00000000e+00 2.46271706e+01
 4.22000000e+02 7.00000000e+00 2.45741905e+01
 4.23000000e+02 7.00000000e+00 2.45221862e+01
 4.24000000e+02 7.00000000e+00 2.44712005e+01
 4.25000000e+02 7.00000000e+00 2.44212761e+01
 4.26000000e+02 7.00000000e+00 2.43724557e+01
 4.27000000e+02 7.00000000e+00 2.43247821e+01
 4.28000000e+02 7.00000000e+00 2.42782979e+01
 4.29000000e+02 7.00000000e+00 2.42330459e+01
 4.30000000e+02 7.00000000e+00 2.41890688e+01
 4.31000000e+02 7.00000000e+00 2.41464093e+01
 4.32000000e+02 7.00000000e+00 2.41051102e+01
 4.33000000e+02 7.00000000e+00 2.40652141e+01
 4.34000000e+02 7.00000000e+00 2.40267639e+01
 4.35000000e+02 7.00000000e+00 2.39898021e+01
 4.36000000e+02 7.00000000e+00 2.39543716e+01
 4.37000000e+02 7.00000000e+00 2.39205150e+01
 4.38000000e+02 7.00000000e+00 2.38882751e+01
 4.39000000e+02 7.00000000e+00 2.38576946e+01
 4.40000000e+02 7.00000000e+00 2.38288163e+01
 4.41000000e+02 7.00000000e+00 2.38016827e+01
 4.42000000e+02 7.00000000e+00 2.37763368e+01
 4.43000000e+02 7.00000000e+00 2.37528211e+01
 4.44000000e+02 7.00000000e+00 2.37311784e+01
 4.45000000e+02 7.00000000e+00 2.37114514e+01
 4.46000000e+02 7.00000000e+00 2.36936829e+01
 4.47000000e+02 7.00000000e+00 2.36779156e+01
 4.48000000e+02 7.00000000e+00 2.36641921e+01
 4.49000000e+02 7.00000000e+00 2.36525553e+01
 4.50000000e+02 7.00000000e+00 2.36430478e+01
 4.51000000e+02 7.00000000e+00 2.36357123e+01
 4.52000000e+02 7.00000000e+00 2.36305916e+01
 4.53000000e+02 7.00000000e+00 2.36277285e+01
 4.54000000e+02 7.00000000e+00 2.36271655e+01
 4.55000000e+02 7.00000000e+00 2.36289455e+01
 4.56000000e+02 7.00000000e+00 2.36331111e+01
 4.57000000e+02 7.00000000e+00 2.35723118e+01
 4.58000000e+02 7.00000000e+00 2.35813575e+01
 4.59000000e+02 7.00000000e+00 2.35928476e+01
 4.60000000e+02 7.00000000e+00 2.36067707e+01
 4.61000000e+02 7.00000000e+00 2.36231155e+01
 4.62000000e+02 7.00000000e+00 2.36418708e+01
 4.63000000e+02 7.00000000e+00 2.36630252e+01
 4.64000000e+02 7.00000000e+00 2.36865674e+01
 4.65000000e+02 7.00000000e+00 2.37124860e+01
 4.66000000e+02 7.00000000e+00 2.37407699e+01
 4.67000000e+02 7.00000000e+00 2.37714076e+01
 4.68000000e+02 7.00000000e+00 2.38043879e+01
 4.69000000e+02 7.00000000e+00 2.38396995e+01
 4.70000000e+02 7.00000000e+00 2.38773309e+01
 4.71000000e+02 7.00000000e+00 2.39172711e+01
 4.72000000e+02 7.00000000e+00 2.39595085e+01
 4.73000000e+02 7.00000000e+00 2.40040319e+01
 4.74000000e+02 7.00000000e+00 2.40508301e+01
 4.75000000e+02 7.00000000e+00 2.40998916e+01
 4.76000000e+02 7.00000000e+00 2.41512052e+01
 4.77000000e+02 7.00000000e+00 2.42047596e+01
 4.78000000e+02 7.00000000e+00 2.42605434e+01
 4.79000000e+02 7.00000000e+00 2.43185454e+01
 4.80000000e+02 7.00000000e+00 2.43787542e+01
 4.81000000e+02 7.00000000e+00 2.44411585e+01
 4.82000000e+02 7.00000000e+00 2.45057471e+01
 4.83000000e+02 7.00000000e+00 2.45725085e+01
 4.84000000e+02 7.00000000e+00 2.46414316e+01
 4.85000000e+02 7.00000000e+00 2.47125049e+01
 4.86000000e+02 7.00000000e+00 2.47857172e+01
 4.87000000e+02 7.00000000e+00 2.48610572e+01
 4.88000000e+02 7.00000000e+00 2.49385135e+01
 4.89000000e+02 7.00000000e+00 2.50180748e+01
 4.90000000e+02 7.00000000e+00 2.50997299e+01
 4.91000000e+02 7.00000000e+00 2.51834674e+01
 4.92000000e+02 7.00000000e+00 2.52692761e+01
 4.93000000e+02 7.00000000e+00 2.53571445e+01
 4.94000000e+02 7.00000000e+00 2.54470614e+01
 4.95000000e+02 7.00000000e+00 2.55390155e+01
 4.96000000e+02 7.00000000e+00 2.56329954e+01
 4.97000000e+02 7.00000000e+00 2.57289899e+01
 4.98000000e+02 7.00000000e+00 2.58269877e+01
 4.99000000e+02 7.00000000e+00 2.59269774e+01
 5.00000000e+02 7.00000000e+00 2.60289477e+01
 5.01000000e+02 7.00000000e+00 2.61328873e+01
 5.02000000e+02 7.00000000e+00 2.62387850e+01
 5.03000000e+02 7.00000000e+00 2.63466293e+01
 5.04000000e+02 7.00000000e+00 2.64564090e+01
 5.05000000e+02 7.00000000e+00 2.65681128e+01
 5.06000000e+02 7.00000000e+00 2.66817294e+01
 5.07000000e+02 7.00000000e+00 2.67972474e+01
 5.08000000e+02 7.00000000e+00 2.70523308e+01
 5.09000000e+02 7.00000000e+00 2.71715983e+01
 5.10000000e+02 7.00000000e+00 2.72926284e+01
 5.11000000e+02 7.00000000e+00 2.74153120e+01
 5.12000000e+02 7.00000000e+00 2.75395400e+01
 5.13000000e+02 7.00000000e+00 2.76652032e+01
 5.14000000e+02 7.00000000e+00 2.77921924e+01
 5.15000000e+02 7.00000000e+00 2.79203985e+01
 5.16000000e+02 7.00000000e+00 2.80497123e+01
 5.17000000e+02 7.00000000e+00 2.81800246e+01
 5.18000000e+02 7.00000000e+00 2.83112263e+01
 5.19000000e+02 7.00000000e+00 2.84432083e+01
 5.20000000e+02 7.00000000e+00 2.85758613e+01
 5.21000000e+02 7.00000000e+00 2.87090762e+01
 5.22000000e+02 7.00000000e+00 2.88427439e+01
 5.23000000e+02 7.00000000e+00 2.89767551e+01
 5.24000000e+02 7.00000000e+00 2.91110008e+01
 5.25000000e+02 7.00000000e+00 2.92453717e+01
 5.26000000e+02 7.00000000e+00 2.93797587e+01
 5.27000000e+02 7.00000000e+00 2.95140526e+01
 5.28000000e+02 7.00000000e+00 2.96481443e+01
 5.29000000e+02 7.00000000e+00 2.97819246e+01
 5.30000000e+02 7.00000000e+00 2.99152844e+01
 5.31000000e+02 7.00000000e+00 3.00481144e+01
 5.32000000e+02 7.00000000e+00 3.01803056e+01
 5.33000000e+02 7.00000000e+00 3.03117487e+01
 5.34000000e+02 7.00000000e+00 3.04423347e+01
 5.35000000e+02 7.00000000e+00 3.05719542e+01
 5.36000000e+02 7.00000000e+00 3.07004983e+01
 5.37000000e+02 7.00000000e+00 3.08278576e+01
 5.38000000e+02 7.00000000e+00 3.09539231e+01
 5.39000000e+02 7.00000000e+00 3.10785856e+01
 5.40000000e+02 7.00000000e+00 3.12017360e+01
 5.41000000e+02 7.00000000e+00 3.13232650e+01
 5.42000000e+02 7.00000000e+00 3.14430635e+01
 5.43000000e+02 7.00000000e+00 3.15610223e+01
 5.44000000e+02 7.00000000e+00 3.16770324e+01
 5.45000000e+02 7.00000000e+00 3.17909844e+01
 5.46000000e+02 7.00000000e+00 3.19027693e+01
 5.47000000e+02 7.00000000e+00 3.20122779e+01
 5.48000000e+02 7.00000000e+00 3.21194011e+01
 5.49000000e+02 7.00000000e+00 3.22240296e+01
 5.50000000e+02 7.00000000e+00 3.23260543e+01
 5.51000000e+02 7.00000000e+00 3.24253661e+01
 5.52000000e+02 7.00000000e+00 3.25218558e+01
 5.53000000e+02 7.00000000e+00 3.26154141e+01
 5.54000000e+02 7.00000000e+00 3.27059321e+01
 5.55000000e+02 7.00000000e+00 3.27933005e+01
 5.56000000e+02 7.00000000e+00 3.28774101e+01
 5.57000000e+02 7.00000000e+00 3.29581518e+01
 5.58000000e+02 7.00000000e+00 3.30354164e+01
 5.59000000e+02 7.00000000e+00 3.31090947e+01
 5.60000000e+02 7.00000000e+00 3.30563992e+01
 5.61000000e+02 7.00000000e+00 3.31227711e+01
 5.62000000e+02 7.00000000e+00 3.31855989e+01
 5.63000000e+02 7.00000000e+00 3.32449727e+01
 5.64000000e+02 7.00000000e+00 3.33009822e+01
 5.65000000e+02 7.00000000e+00 3.33537173e+01
 5.66000000e+02 7.00000000e+00 3.34032680e+01
 5.67000000e+02 7.00000000e+00 3.34497242e+01
 5.68000000e+02 7.00000000e+00 3.34931757e+01
 5.69000000e+02 7.00000000e+00 3.35337125e+01
 5.70000000e+02 7.00000000e+00 3.35714245e+01
 5.71000000e+02 7.00000000e+00 3.36064015e+01
 5.72000000e+02 7.00000000e+00 3.36387335e+01
 5.73000000e+02 7.00000000e+00 3.36685104e+01
 5.74000000e+02 7.00000000e+00 3.36958220e+01
 5.75000000e+02 7.00000000e+00 3.37207583e+01
 5.76000000e+02 7.00000000e+00 3.37434092e+01
 5.77000000e+02 7.00000000e+00 3.37638645e+01
 5.78000000e+02 7.00000000e+00 3.37822142e+01
 5.79000000e+02 7.00000000e+00 3.37985482e+01
 5.80000000e+02 7.00000000e+00 3.38129564e+01
 5.81000000e+02 7.00000000e+00 3.38255286e+01
 5.82000000e+02 7.00000000e+00 3.38363548e+01
 5.83000000e+02 7.00000000e+00 3.38455249e+01
 5.84000000e+02 7.00000000e+00 3.38531287e+01
 5.85000000e+02 7.00000000e+00 3.38592562e+01
 5.86000000e+02 7.00000000e+00 3.38639973e+01
 5.87000000e+02 7.00000000e+00 3.38674419e+01
 5.88000000e+02 7.00000000e+00 3.38696799e+01
 5.89000000e+02 7.00000000e+00 3.38708011e+01
 5.90000000e+02 7.00000000e+00 3.38708955e+01
 5.91000000e+02 7.00000000e+00 3.38700530e+01
 5.92000000e+02 7.00000000e+00 3.38683635e+01
 5.93000000e+02 7.00000000e+00 3.38659169e+01
 5.94000000e+02 7.00000000e+00 3.38628030e+01
 5.95000000e+02 7.00000000e+00 3.38591118e+01
 5.96000000e+02 7.00000000e+00 3.38549333e+01
 5.97000000e+02 7.00000000e+00 3.38503572e+01
 5.98000000e+02 7.00000000e+00 3.38454734e+01
 5.99000000e+02 7.00000000e+00 3.38403720e+01
 6.00000000e+02 7.00000000e+00 3.38351428e+01
 6.01000000e+02 7.00000000e+00 3.38298756e+01
 6.02000000e+02 7.00000000e+00 3.38246604e+01
 6.03000000e+02 7.00000000e+00 3.38195872e+01
 6.04000000e+02 7.00000000e+00 3.38147457e+01
 6.05000000e+02 7.00000000e+00 3.38102259e+01
 6.06000000e+02 7.00000000e+00 3.38061177e+01
 6.07000000e+02 7.00000000e+00 3.38025109e+01
 6.08000000e+02 7.00000000e+00 3.37994956e+01
 6.09000000e+02 7.00000000e+00 3.37971616e+01
 6.10000000e+02 7.00000000e+00 3.37955988e+01
 6.11000000e+02 7.00000000e+00 3.37938992e+01
 6.12000000e+02 7.00000000e+00 3.37940379e+01
 6.13000000e+02 7.00000000e+00 3.37949575e+01
 6.14000000e+02 7.00000000e+00 3.37965899e+01
 6.15000000e+02 7.00000000e+00 3.37988667e+01
 6.16000000e+02 7.00000000e+00 3.38017196e+01
 6.17000000e+02 7.00000000e+00 3.38050804e+01
 6.18000000e+02 7.00000000e+00 3.38088807e+01
 6.19000000e+02 7.00000000e+00 3.38130523e+01
 6.20000000e+02 7.00000000e+00 3.38175269e+01
 6.21000000e+02 7.00000000e+00 3.38222362e+01
 6.22000000e+02 7.00000000e+00 3.38271119e+01
 6.23000000e+02 7.00000000e+00 3.38320856e+01
 6.24000000e+02 7.00000000e+00 3.38370892e+01
 6.25000000e+02 7.00000000e+00 3.38420544e+01
 6.26000000e+02 7.00000000e+00 3.38469127e+01
 6.27000000e+02 7.00000000e+00 3.38515960e+01
 6.28000000e+02 7.00000000e+00 3.38560359e+01
 6.29000000e+02 7.00000000e+00 3.38601642e+01
 6.30000000e+02 7.00000000e+00 3.38639126e+01
 6.31000000e+02 7.00000000e+00 3.38672128e+01
 6.32000000e+02 7.00000000e+00 3.38699964e+01
 6.33000000e+02 7.00000000e+00 3.38721953e+01
 6.34000000e+02 7.00000000e+00 3.38737410e+01
 6.35000000e+02 7.00000000e+00 3.38745654e+01
 6.36000000e+02 7.00000000e+00 3.38746001e+01
 6.37000000e+02 7.00000000e+00 3.38737768e+01
 6.38000000e+02 7.00000000e+00 3.38720273e+01
 6.39000000e+02 7.00000000e+00 3.38692832e+01
 6.40000000e+02 7.00000000e+00 3.38654764e+01
 6.41000000e+02 7.00000000e+00 3.38605383e+01
 6.42000000e+02 7.00000000e+00 3.38544009e+01
 6.43000000e+02 7.00000000e+00 3.38469958e+01
 6.44000000e+02 7.00000000e+00 3.38382546e+01
 6.45000000e+02 7.00000000e+00 3.38281092e+01
 6.46000000e+02 7.00000000e+00 3.38164912e+01
 6.47000000e+02 7.00000000e+00 3.38033323e+01
 6.48000000e+02 7.00000000e+00 3.37885643e+01
 6.49000000e+02 7.00000000e+00 3.37721188e+01
 6.50000000e+02 7.00000000e+00 3.37539276e+01
 6.51000000e+02 7.00000000e+00 3.37339224e+01
 6.52000000e+02 7.00000000e+00 3.37120348e+01
 6.53000000e+02 7.00000000e+00 3.36881966e+01
 6.54000000e+02 7.00000000e+00 3.36623395e+01
 6.55000000e+02 7.00000000e+00 3.36343953e+01
 6.56000000e+02 7.00000000e+00 3.36042955e+01
 6.57000000e+02 7.00000000e+00 3.35719720e+01
 6.58000000e+02 7.00000000e+00 3.35373564e+01
 6.59000000e+02 7.00000000e+00 3.35003804e+01
 6.60000000e+02 7.00000000e+00 3.34609758e+01
 6.61000000e+02 7.00000000e+00 3.34190743e+01
 6.62000000e+02 7.00000000e+00 3.33735530e+01
 6.63000000e+02 7.00000000e+00 3.33265302e+01
 6.64000000e+02 7.00000000e+00 3.32770386e+01
 6.65000000e+02 7.00000000e+00 3.32251729e+01
 6.66000000e+02 7.00000000e+00 3.31710278e+01
 6.67000000e+02 7.00000000e+00 3.31146982e+01
 6.68000000e+02 7.00000000e+00 3.30562788e+01
 6.69000000e+02 7.00000000e+00 3.29958644e+01
 6.70000000e+02 7.00000000e+00 3.29335497e+01
 6.71000000e+02 7.00000000e+00 3.28694295e+01
 6.72000000e+02 7.00000000e+00 3.28035986e+01
 6.73000000e+02 7.00000000e+00 3.27361517e+01
 6.74000000e+02 7.00000000e+00 3.26671836e+01
 6.75000000e+02 7.00000000e+00 3.25967892e+01
 6.76000000e+02 7.00000000e+00 3.25250630e+01
 6.77000000e+02 7.00000000e+00 3.24521000e+01
 6.78000000e+02 7.00000000e+00 3.23779949e+01
 6.79000000e+02 7.00000000e+00 3.23028424e+01
 6.80000000e+02 7.00000000e+00 3.22267373e+01
 6.81000000e+02 7.00000000e+00 3.21497745e+01
 6.82000000e+02 7.00000000e+00 3.20720485e+01
 6.83000000e+02 7.00000000e+00 3.19936543e+01
 6.84000000e+02 7.00000000e+00 3.19146866e+01
 6.85000000e+02 7.00000000e+00 3.18352402e+01
 6.86000000e+02 7.00000000e+00 3.17554097e+01
 6.87000000e+02 7.00000000e+00 3.16752901e+01
 6.88000000e+02 7.00000000e+00 3.15949760e+01
 6.89000000e+02 7.00000000e+00 3.15145623e+01
 6.90000000e+02 7.00000000e+00 3.14341436e+01
 6.91000000e+02 7.00000000e+00 3.13538149e+01
 6.92000000e+02 7.00000000e+00 3.12736707e+01
 6.93000000e+02 7.00000000e+00 3.11938060e+01
 6.94000000e+02 7.00000000e+00 3.11143154e+01
 6.95000000e+02 7.00000000e+00 3.10352937e+01
 6.96000000e+02 7.00000000e+00 3.09568358e+01
 6.97000000e+02 7.00000000e+00 3.08790363e+01
 6.98000000e+02 7.00000000e+00 3.08019901e+01
 6.99000000e+02 7.00000000e+00 3.07257919e+01
 7.00000000e+02 7.00000000e+00 3.06505364e+01
 7.01000000e+02 7.00000000e+00 3.05763185e+01
 7.02000000e+02 7.00000000e+00 3.05032329e+01
 7.03000000e+02 7.00000000e+00 3.04313744e+01
 7.04000000e+02 7.00000000e+00 3.03608378e+01
 7.05000000e+02 7.00000000e+00 3.02917177e+01
 7.06000000e+02 7.00000000e+00 3.02241091e+01
 7.07000000e+02 7.00000000e+00 3.01581065e+01
 7.08000000e+02 7.00000000e+00 3.00938049e+01
 7.09000000e+02 7.00000000e+00 3.00312990e+01
 7.10000000e+02 7.00000000e+00 2.99706836e+01
 7.11000000e+02 7.00000000e+00 2.99120533e+01
 7.12000000e+02 7.00000000e+00 2.98555031e+01
 7.13000000e+02 7.00000000e+00 2.98039303e+01
 7.14000000e+02 7.00000000e+00 2.97517211e+01
 7.15000000e+02 7.00000000e+00 2.97014527e+01
 7.16000000e+02 7.00000000e+00 2.96528708e+01
 7.17000000e+02 7.00000000e+00 2.96057213e+01
 7.18000000e+02 7.00000000e+00 2.95597503e+01
 7.19000000e+02 7.00000000e+00 2.95147035e+01
 7.20000000e+02 7.00000000e+00 2.94703269e+01
 7.21000000e+02 7.00000000e+00 2.94263663e+01
 7.22000000e+02 7.00000000e+00 2.93825677e+01
 7.23000000e+02 7.00000000e+00 2.93386770e+01
 7.24000000e+02 7.00000000e+00 2.92944400e+01
 7.25000000e+02 7.00000000e+00 2.92496027e+01
 7.26000000e+02 7.00000000e+00 2.92039110e+01
 7.27000000e+02 7.00000000e+00 2.91571108e+01
 7.28000000e+02 7.00000000e+00 2.91089479e+01
 7.29000000e+02 7.00000000e+00 2.90591683e+01
 7.30000000e+02 7.00000000e+00 2.90075178e+01
 7.31000000e+02 7.00000000e+00 2.89537425e+01
 7.32000000e+02 7.00000000e+00 2.88975880e+01
 7.33000000e+02 7.00000000e+00 2.88388005e+01
 7.34000000e+02 7.00000000e+00 2.87771257e+01
 7.35000000e+02 7.00000000e+00 2.87123096e+01
 7.36000000e+02 7.00000000e+00 2.86440981e+01
 7.37000000e+02 7.00000000e+00 2.85722370e+01
 7.38000000e+02 7.00000000e+00 2.84964723e+01
 7.39000000e+02 7.00000000e+00 2.84165499e+01
 7.40000000e+02 7.00000000e+00 2.83322156e+01
 7.41000000e+02 7.00000000e+00 2.82432154e+01
 7.42000000e+02 7.00000000e+00 2.81492952e+01
 7.43000000e+02 7.00000000e+00 2.80502008e+01
 7.44000000e+02 7.00000000e+00 2.79456782e+01
 7.45000000e+02 7.00000000e+00 2.78354733e+01
 7.46000000e+02 7.00000000e+00 2.77193319e+01
 7.47000000e+02 7.00000000e+00 2.75970001e+01
 7.48000000e+02 7.00000000e+00 2.74682235e+01
 7.49000000e+02 7.00000000e+00 2.73327483e+01
 7.50000000e+02 7.00000000e+00 2.71903202e+01
 7.51000000e+02 7.00000000e+00 2.70406852e+01
 7.52000000e+02 7.00000000e+00 2.68835891e+01
 7.53000000e+02 7.00000000e+00 2.67187779e+01
 7.54000000e+02 7.00000000e+00 2.65459975e+01
 7.55000000e+02 7.00000000e+00 2.63649938e+01
 7.56000000e+02 7.00000000e+00 2.61755126e+01
 7.57000000e+02 7.00000000e+00 2.59772999e+01
 7.58000000e+02 7.00000000e+00 2.57701015e+01
 7.59000000e+02 7.00000000e+00 2.55536635e+01
 7.60000000e+02 7.00000000e+00 2.53277315e+01
 7.61000000e+02 7.00000000e+00 2.50920517e+01
 7.62000000e+02 7.00000000e+00 2.48463698e+01
 7.63000000e+02 7.00000000e+00 2.45904318e+01
 7.64000000e+02 7.00000000e+00 2.43239836e+01
