 1.00000000e+00 1.60000000e+01 2.29018112e+00
 2.00000000e+00 1.60000000e+01 2.29384183e+00
 3.00000000e+00 1.60000000e+01 2.29739162e+00
 4.00000000e+00 1.60000000e+01 2.30083060e+00
 5.00000000e+00 1.60000000e+01 2.30415885e+00
 6.00000000e+00 1.60000000e+01 2.30737646e+00
 7.00000000e+00 1.60000000e+01 2.31048353e+00
 8.00000000e+00 1.60000000e+01 2.31348013e+00
 9.00000000e+00 1.60000000e+01 2.31636637e+00
 1.00000000e+01 1.60000000e+01 2.31914233e+00
 1.10000000e+01 1.60000000e+01 2.32180810e+00
 1.20000000e+01 1.60000000e+01 2.32436377e+00
 1.30000000e+01 1.60000000e+01 2.32680943e+00
 1.40000000e+01 1.60000000e+01 2.32914517e+00
 1.50000000e+01 1.60000000e+01 2.33137109e+00
 1.60000000e+01 1.60000000e+01 2.33348727e+00
 1.70000000e+01 1.60000000e+01 2.33549380e+00
 1.80000000e+01 1.60000000e+01 2.33739077e+00
 1.90000000e+01 1.60000000e+01 2.33917827e+00
 2.00000000e+01 1.60000000e+01 2.34085639e+00
 2.10000000e+01 1.60000000e+01 2.34242522e+00
 2.20000000e+01 1.60000000e+01 2.34388486e+00
 2.30000000e+01 1.60000000e+01 2.34523539e+00
 2.40000000e+01 1.60000000e+01 2.34647689e+00
 2.50000000e+01 1.60000000e+01 2.34760947e+00
 2.60000000e+01 1.60000000e+01 2.34863321e+00
 2.70000000e+01 1.60000000e+01 2.34954820e+00
 2.80000000e+01 1.60000000e+01 2.35035453e+00
 2.90000000e+01 1.60000000e+01 2.35105229e+00
 3.00000000e+01 1.60000000e+01 2.35164158e+00
 3.10000000e+01 1.60000000e+01 2.35212247e+00
 3.20000000e+01 1.60000000e+01 2.35249507e+00
 3.30000000e+01 1.60000000e+01 2.35275945e+00
 3.40000000e+01 1.60000000e+01 2.35291572e+00
 3.50000000e+01 1.60000000e+01 2.35296396e+00
 3.60000000e+01 1.60000000e+01 2.35290425e+00
 3.70000000e+01 1.60000000e+01 2.35273670e+00
 3.80000000e+01 1.60000000e+01 2.35246139e+00
 3.90000000e+01 1.60000000e+01 2.35207841e+00
 4.00000000e+01 1.60000000e+01 2.35158785e+00
 4.10000000e+01 1.60000000e+01 2.35098980e+00
 4.20000000e+01 1.60000000e+01 2.35028435e+00
 4.30000000e+01 1.60000000e+01 2.34947160e+00
 4.40000000e+01 1.60000000e+01 2.34855162e+00
 4.50000000e+01 1.60000000e+01 2.34752451e+00
 4.60000000e+01 1.60000000e+01 2.34639036e+00
 4.70000000e+01 1.60000000e+01 2.34514927e+00
 4.80000000e+01 1.60000000e+01 2.34380131e+00
 4.90000000e+01 1.60000000e+01 2.34234658e+00
 5.00000000e+01 1.60000000e+01 2.34078518e+00
 5.10000000e+01 1.60000000e+01 2.36895606e+00
 5.20000000e+01 1.60000000e+01 2.36718163e+00
 5.30000000e+01 1.60000000e+01 2.36530173e+00
 5.40000000e+01 1.60000000e+01 2.36331726e+00
 5.50000000e+01 1.60000000e+01 2.36122915e+00
 5.60000000e+01 1.60000000e+01 2.35903828e+00
 5.70000000e+01 1.60000000e+01 2.35674559e+00
 5.80000000e+01 1.60000000e+01 2.35435196e+00
 5.90000000e+01 1.60000000e+01 2.35185833e+00
 6.00000000e+01 1.60000000e+01 2.34926558e+00
 6.10000000e+01 1.60000000e+01 2.34657464e+00
 6.20000000e+01 1.60000000e+01 2.34378642e+00
 6.30000000e+01 1.60000000e+01 2.34090182e+00
 6.40000000e+01 1.60000000e+01 2.33792175e+00
 6.50000000e+01 1.60000000e+01 2.33484713e+00
 6.60000000e+01 1.60000000e+01 2.33167885e+00
 6.70000000e+01 1.60000000e+01 2.32841784e+00
 6.80000000e+01 1.60000000e+01 2.32506500e+00
 6.90000000e+01 1.60000000e+01 2.32162125e+00
 7.00000000e+01 1.60000000e+01 2.31808748e+00
 7.10000000e+01 1.60000000e+01 2.31446462e+00
 7.20000000e+01 1.60000000e+01 2.31075356e+00
 7.30000000e+01 1.60000000e+01 2.30695523e+00
 7.40000000e+01 1.60000000e+01 2.30307052e+00
 7.50000000e+01 1.60000000e+01 2.29910036e+00
 7.60000000e+01 1.60000000e+01 2.29504564e+00
 7.70000000e+01 1.60000000e+01 2.29090728e+00
 7.80000000e+01 1.60000000e+01 2.28668619e+00
 7.90000000e+01 1.60000000e+01 2.28238328e+00
 8.00000000e+01 1.60000000e+01 2.27799946e+00
 8.10000000e+01 1.60000000e+01 2.27353564e+00
 8.20000000e+01 1.60000000e+01 2.26899272e+00
 8.30000000e+01 1.60000000e+01 2.26437162e+00
 8.40000000e+01 1.60000000e+01 2.25967324e+00
 8.50000000e+01 1.60000000e+01 2.25489850e+00
 8.60000000e+01 1.60000000e+01 2.25004831e+00
 8.70000000e+01 1.60000000e+01 2.24512357e+00
 8.80000000e+01 1.60000000e+01 2.24012520e+00
 8.90000000e+01 1.60000000e+01 2.23505410e+00
 9.00000000e+01 1.60000000e+01 2.22991119e+00
 9.10000000e+01 1.60000000e+01 2.22469737e+00
 9.20000000e+01 1.60000000e+01 2.21941356e+00
 9.30000000e+01 1.60000000e+01 2.21406065e+00
 9.40000000e+01 1.60000000e+01 2.20863958e+00
 9.50000000e+01 1.60000000e+01 2.20315123e+00
 9.60000000e+01 1.60000000e+01 2.19759653e+00
 9.70000000e+01 1.60000000e+01 2.19197638e+00
 9.80000000e+01 1.60000000e+01 2.18629169e+00
 9.90000000e+01 1.60000000e+01 2.18054337e+00
 1.00000000e+02 1.60000000e+01 2.17473233e+00
 1.01000000e+02 1.60000000e+01 2.14103714e+00
 1.02000000e+02 1.60000000e+01 2.13510330e+00
 1.03000000e+02 1.60000000e+01 2.12911159e+00
 1.04000000e+02 1.60000000e+01 2.12306458e+00
 1.05000000e+02 1.60000000e+01 2.11696481e+00
 1.06000000e+02 1.60000000e+01 2.11081486e+00
 1.07000000e+02 1.60000000e+01 2.10461729e+00
 1.08000000e+02 1.60000000e+01 2.09837465e+00
 1.09000000e+02 1.60000000e+01 2.09208950e+00
 1.10000000e+02 1.60000000e+01 2.08576441e+00
 1.11000000e+02 1.60000000e+01 2.07940194e+00
 1.12000000e+02 1.60000000e+01 2.07300464e+00
 1.13000000e+02 1.60000000e+01 2.06657508e+00
 1.14000000e+02 1.60000000e+01 2.06011582e+00
 1.15000000e+02 1.60000000e+01 2.05362941e+00
 1.16000000e+02 1.60000000e+01 2.04711843e+00
 1.17000000e+02 1.60000000e+01 2.04058542e+00
 1.18000000e+02 1.60000000e+01 2.03403295e+00
 1.19000000e+02 1.60000000e+01 2.02746357e+00
 1.20000000e+02 1.60000000e+01 2.02087986e+00
 1.21000000e+02 1.60000000e+01 2.01428437e+00
 1.22000000e+02 1.60000000e+01 2.00767966e+00
 1.23000000e+02 1.60000000e+01 2.00106829e+00
 1.24000000e+02 1.60000000e+01 1.99445282e+00
 1.25000000e+02 1.60000000e+01 1.98783581e+00
 1.26000000e+02 1.60000000e+01 1.98121982e+00
 1.27000000e+02 1.60000000e+01 1.97460742e+00
 1.28000000e+02 1.60000000e+01 1.96800116e+00
 1.29000000e+02 1.60000000e+01 1.96140360e+00
 1.30000000e+02 1.60000000e+01 1.95481731e+00
 1.31000000e+02 1.60000000e+01 1.94824484e+00
 1.32000000e+02 1.60000000e+01 1.94168876e+00
 1.33000000e+02 1.60000000e+01 1.93515162e+00
 1.34000000e+02 1.60000000e+01 1.92863598e+00
 1.35000000e+02 1.60000000e+01 1.92214442e+00
 1.36000000e+02 1.60000000e+01 1.91567947e+00
 1.37000000e+02 1.60000000e+01 1.90924372e+00
 1.38000000e+02 1.60000000e+01 1.90283971e+00
 1.39000000e+02 1.60000000e+01 1.89647001e+00
 1.40000000e+02 1.60000000e+01 1.89013718e+00
 1.41000000e+02 1.60000000e+01 1.88384377e+00
 1.42000000e+02 1.60000000e+01 1.87759236e+00
 1.43000000e+02 1.60000000e+01 1.87138549e+00
 1.44000000e+02 1.60000000e+01 1.86522573e+00
 1.45000000e+02 1.60000000e+01 1.85911565e+00
 1.46000000e+02 1.60000000e+01 1.85305779e+00
 1.47000000e+02 1.60000000e+01 1.84705473e+00
 1.48000000e+02 1.60000000e+01 1.84110901e+00
 1.49000000e+02 1.60000000e+01 1.83522321e+00
 1.50000000e+02 1.60000000e+01 1.82939988e+00
 1.51000000e+02 1.60000000e+01 1.80628212e+00
 1.52000000e+02 1.60000000e+01 1.80059146e+00
 1.53000000e+02 1.60000000e+01 1.79496837e+00
 1.54000000e+02 1.60000000e+01 1.78941360e+00
 1.55000000e+02 1.60000000e+01 1.78392790e+00
 1.56000000e+02 1.60000000e+01 1.77851203e+00
 1.57000000e+02 1.60000000e+01 1.77316673e+00
 1.58000000e+02 1.60000000e+01 1.76789275e+00
 1.59000000e+02 1.60000000e+01 1.76269084e+00
 1.60000000e+02 1.60000000e+01 1.75756177e+00
 1.61000000e+02 1.60000000e+01 1.75250627e+00
 1.62000000e+02 1.60000000e+01 1.74752510e+00
 1.63000000e+02 1.60000000e+01 1.74261900e+00
 1.64000000e+02 1.60000000e+01 1.73778874e+00
 1.65000000e+02 1.60000000e+01 1.73303506e+00
 1.66000000e+02 1.60000000e+01 1.72835872e+00
 1.67000000e+02 1.60000000e+01 1.72376046e+00
 1.68000000e+02 1.60000000e+01 1.71924103e+00
 1.69000000e+02 1.60000000e+01 1.71480119e+00
 1.70000000e+02 1.60000000e+01 1.71044168e+00
 1.71000000e+02 1.60000000e+01 1.70616327e+00
 1.72000000e+02 1.60000000e+01 1.70196669e+00
 1.73000000e+02 1.60000000e+01 1.69785271e+00
 1.74000000e+02 1.60000000e+01 1.69382207e+00
 1.75000000e+02 1.60000000e+01 1.68987552e+00
 1.76000000e+02 1.60000000e+01 1.68601381e+00
 1.77000000e+02 1.60000000e+01 1.68223770e+00
 1.78000000e+02 1.60000000e+01 1.67854793e+00
 1.79000000e+02 1.60000000e+01 1.67494526e+00
 1.80000000e+02 1.60000000e+01 1.67143044e+00
 1.81000000e+02 1.60000000e+01 1.66800422e+00
 1.82000000e+02 1.60000000e+01 1.66466735e+00
 1.83000000e+02 1.60000000e+01 1.66142059e+00
 1.84000000e+02 1.60000000e+01 1.65826467e+00
 1.85000000e+02 1.60000000e+01 1.65520036e+00
 1.86000000e+02 1.60000000e+01 1.65222840e+00
 1.87000000e+02 1.60000000e+01 1.64934955e+00
 1.88000000e+02 1.60000000e+01 1.64656456e+00
 1.89000000e+02 1.60000000e+01 1.64387417e+00
 1.90000000e+02 1.60000000e+01 1.64127915e+00
 1.91000000e+02 1.60000000e+01 1.63878023e+00
 1.92000000e+02 1.60000000e+01 1.63637818e+00
 1.93000000e+02 1.60000000e+01 1.63407374e+00
 1.94000000e+02 1.60000000e+01 1.63186766e+00
 1.95000000e+02 1.60000000e+01 1.62976070e+00
 1.96000000e+02 1.60000000e+01 1.62775360e+00
 1.97000000e+02 1.60000000e+01 1.62584712e+00
 1.98000000e+02 1.60000000e+01 1.62404201e+00
 1.99000000e+02 1.60000000e+01 1.62233902e+00
 2.00000000e+02 1.60000000e+01 1.62073889e+00
 2.01000000e+02 1.60000000e+01 1.60501589e+00
 2.02000000e+02 1.60000000e+01 1.60362361e+00
 2.03000000e+02 1.60000000e+01 1.60233567e+00
 2.04000000e+02 1.60000000e+01 1.60115232e+00
 2.05000000e+02 1.60000000e+01 1.60007382e+00
 2.06000000e+02 1.60000000e+01 1.59910041e+00
 2.07000000e+02 1.60000000e+01 1.59823235e+00
 2.08000000e+02 1.60000000e+01 1.59746989e+00
 2.09000000e+02 1.60000000e+01 1.59681328e+00
 2.10000000e+02 1.60000000e+01 1.59626277e+00
 2.11000000e+02 1.60000000e+01 1.59581862e+00
 2.12000000e+02 1.60000000e+01 1.59548108e+00
 2.13000000e+02 1.60000000e+01 1.59525040e+00
 2.14000000e+02 1.60000000e+01 1.59512683e+00
 2.15000000e+02 1.60000000e+01 1.59511063e+00
 2.16000000e+02 1.60000000e+01 1.59520204e+00
 2.17000000e+02 1.60000000e+01 1.59540133e+00
 2.18000000e+02 1.60000000e+01 1.59570873e+00
 2.19000000e+02 1.60000000e+01 1.59612451e+00
 2.20000000e+02 1.60000000e+01 1.59664891e+00
 2.21000000e+02 1.60000000e+01 1.59728219e+00
 2.22000000e+02 1.60000000e+01 1.59802460e+00
 2.23000000e+02 1.60000000e+01 1.59887639e+00
 2.24000000e+02 1.60000000e+01 1.59983781e+00
 2.25000000e+02 1.60000000e+01 1.60090912e+00
 2.26000000e+02 1.60000000e+01 1.60209057e+00
 2.27000000e+02 1.60000000e+01 1.60338240e+00
 2.28000000e+02 1.60000000e+01 1.60478488e+00
 2.29000000e+02 1.60000000e+01 1.60629825e+00
 2.30000000e+02 1.60000000e+01 1.60792277e+00
 2.31000000e+02 1.60000000e+01 1.60965869e+00
 2.32000000e+02 1.60000000e+01 1.61150626e+00
 2.33000000e+02 1.60000000e+01 1.61346573e+00
 2.34000000e+02 1.60000000e+01 1.61553735e+00
 2.35000000e+02 1.60000000e+01 1.61772138e+00
 2.36000000e+02 1.60000000e+01 1.62001807e+00
 2.37000000e+02 1.60000000e+01 1.62242767e+00
 2.38000000e+02 1.60000000e+01 1.62495044e+00
 2.39000000e+02 1.60000000e+01 1.62758662e+00
 2.40000000e+02 1.60000000e+01 1.63033646e+00
 2.41000000e+02 1.60000000e+01 1.63320023e+00
 2.42000000e+02 1.60000000e+01 1.63617816e+00
 2.43000000e+02 1.60000000e+01 1.63927052e+00
 2.44000000e+02 1.60000000e+01 1.64247756e+00
 2.45000000e+02 1.60000000e+01 1.64579952e+00
 2.46000000e+02 1.60000000e+01 1.64923667e+00
 2.47000000e+02 1.60000000e+01 1.65278924e+00
 2.48000000e+02 1.60000000e+01 1.65645750e+00
 2.49000000e+02 1.60000000e+01 1.66024169e+00
 2.50000000e+02 1.60000000e+01 1.66414208e+00
 2.51000000e+02 1.60000000e+01 1.66809773e+00
 2.52000000e+02 1.60000000e+01 1.67223141e+00
 2.53000000e+02 1.60000000e+01 1.67648228e+00
 2.54000000e+02 1.60000000e+01 1.68085073e+00
 2.55000000e+02 1.60000000e+01 1.68533716e+00
 2.56000000e+02 1.60000000e+01 1.68994196e+00
 2.57000000e+02 1.60000000e+01 1.69466553e+00
 2.58000000e+02 1.60000000e+01 1.69950826e+00
 2.59000000e+02 1.60000000e+01 1.70447055e+00
 2.60000000e+02 1.60000000e+01 1.70955279e+00
 2.61000000e+02 1.60000000e+01 1.71475538e+00
 2.62000000e+02 1.60000000e+01 1.72007870e+00
 2.63000000e+02 1.60000000e+01 1.72552316e+00
 2.64000000e+02 1.60000000e+01 1.73108916e+00
 2.65000000e+02 1.60000000e+01 1.73677707e+00
 2.66000000e+02 1.60000000e+01 1.74258731e+00
 2.67000000e+02 1.60000000e+01 1.74852025e+00
 2.68000000e+02 1.60000000e+01 1.75457631e+00
 2.69000000e+02 1.60000000e+01 1.76075587e+00
 2.70000000e+02 1.60000000e+01 1.76705933e+00
 2.71000000e+02 1.60000000e+01 1.77348708e+00
 2.72000000e+02 1.60000000e+01 1.78003952e+00
 2.73000000e+02 1.60000000e+01 1.78671704e+00
 2.74000000e+02 1.60000000e+01 1.79352003e+00
 2.75000000e+02 1.60000000e+01 1.80044890e+00
 2.76000000e+02 1.60000000e+01 1.80750403e+00
 2.77000000e+02 1.60000000e+01 1.81468582e+00
 2.78000000e+02 1.60000000e+01 1.82199467e+00
 2.79000000e+02 1.60000000e+01 1.82943097e+00
 2.80000000e+02 1.60000000e+01 1.83699511e+00
 2.81000000e+02 1.60000000e+01 1.84468749e+00
 2.82000000e+02 1.60000000e+01 1.85250850e+00
 2.83000000e+02 1.60000000e+01 1.86045854e+00
 2.84000000e+02 1.60000000e+01 1.86853801e+00
 2.85000000e+02 1.60000000e+01 1.87674729e+00
 2.86000000e+02 1.60000000e+01 1.88508678e+00
 2.87000000e+02 1.60000000e+01 1.89355689e+00
 2.88000000e+02 1.60000000e+01 1.90215799e+00
 2.89000000e+02 1.60000000e+01 1.91089048e+00
 2.90000000e+02 1.60000000e+01 1.91975477e+00
 2.91000000e+02 1.60000000e+01 1.92875125e+00
 2.92000000e+02 1.60000000e+01 1.93788030e+00
 2.93000000e+02 1.60000000e+01 1.94714233e+00
 2.94000000e+02 1.60000000e+01 1.95653773e+00
 2.95000000e+02 1.60000000e+01 1.96606689e+00
 2.96000000e+02 1.60000000e+01 1.97573021e+00
 2.97000000e+02 1.60000000e+01 1.98552808e+00
 2.98000000e+02 1.60000000e+01 1.99546090e+00
 2.99000000e+02 1.60000000e+01 2.00552907e+00
 3.00000000e+02 1.60000000e+01 2.01573297e+00
 3.01000000e+02 1.60000000e+01 2.82677001e+00
 3.02000000e+02 1.60000000e+01 2.82354917e+00
 3.03000000e+02 1.60000000e+01 2.82033390e+00
 3.04000000e+02 1.60000000e+01 2.81712440e+00
 3.05000000e+02 1.60000000e+01 2.81392085e+00
 3.06000000e+02 1.60000000e+01 2.81072345e+00
 3.07000000e+02 1.60000000e+01 2.80753240e+00
 3.08000000e+02 1.60000000e+01 2.80434789e+00
 3.09000000e+02 1.60000000e+01 2.80117011e+00
 3.10000000e+02 1.60000000e+01 2.79799927e+00
 3.11000000e+02 1.60000000e+01 2.79483555e+00
 3.12000000e+02 1.60000000e+01 2.79167915e+00
 3.13000000e+02 1.60000000e+01 2.78853026e+00
 3.14000000e+02 1.60000000e+01 2.78538909e+00
 3.15000000e+02 1.60000000e+01 2.78225581e+00
 3.16000000e+02 1.60000000e+01 2.77913064e+00
 3.17000000e+02 1.60000000e+01 2.77601375e+00
 3.18000000e+02 1.60000000e+01 2.77290536e+00
 3.19000000e+02 1.60000000e+01 2.76980564e+00
 3.20000000e+02 1.60000000e+01 2.76671480e+00
 3.21000000e+02 1.60000000e+01 2.76363304e+00
 3.22000000e+02 1.60000000e+01 2.76056053e+00
 3.23000000e+02 1.60000000e+01 2.75749749e+00
 3.24000000e+02 1.60000000e+01 2.75444411e+00
 3.25000000e+02 1.60000000e+01 2.75140057e+00
 3.26000000e+02 1.60000000e+01 2.74836707e+00
 3.27000000e+02 1.60000000e+01 2.74534382e+00
 3.28000000e+02 1.60000000e+01 2.74233099e+00
 3.29000000e+02 1.60000000e+01 2.73932880e+00
 3.30000000e+02 1.60000000e+01 2.73633742e+00
 3.31000000e+02 1.60000000e+01 2.73335707e+00
 3.32000000e+02 1.60000000e+01 2.73038792e+00
 3.33000000e+02 1.60000000e+01 2.72743018e+00
 3.34000000e+02 1.60000000e+01 2.72448404e+00
 3.35000000e+02 1.60000000e+01 2.72154970e+00
 3.36000000e+02 1.60000000e+01 2.71862735e+00
 3.37000000e+02 1.60000000e+01 2.71571718e+00
 3.38000000e+02 1.60000000e+01 2.71281938e+00
 3.39000000e+02 1.60000000e+01 2.70993417e+00
 3.40000000e+02 1.60000000e+01 2.70706172e+00
 3.41000000e+02 1.60000000e+01 2.70420223e+00
 3.42000000e+02 1.60000000e+01 2.70135590e+00
 3.43000000e+02 1.60000000e+01 2.69852292e+00
 3.44000000e+02 1.60000000e+01 2.69570349e+00
 3.45000000e+02 1.60000000e+01 2.69289780e+00
 3.46000000e+02 1.60000000e+01 2.69010604e+00
 3.47000000e+02 1.60000000e+01 2.68732842e+00
 3.48000000e+02 1.60000000e+01 2.68456512e+00
 3.49000000e+02 1.60000000e+01 2.68181633e+00
 3.50000000e+02 1.60000000e+01 2.72565121e+00
 3.51000000e+02 1.60000000e+01 2.72014080e+00
 3.52000000e+02 1.60000000e+01 2.71475908e+00
 3.53000000e+02 1.60000000e+01 2.70950502e+00
 3.54000000e+02 1.60000000e+01 2.70437762e+00
 3.55000000e+02 1.60000000e+01 2.69937585e+00
 3.56000000e+02 1.60000000e+01 2.69449869e+00
 3.57000000e+02 1.60000000e+01 2.68974514e+00
 3.58000000e+02 1.60000000e+01 2.68511418e+00
 3.59000000e+02 1.60000000e+01 2.68060478e+00
 3.60000000e+02 1.60000000e+01 2.67621593e+00
 3.61000000e+02 1.60000000e+01 2.67194662e+00
 3.62000000e+02 1.60000000e+01 2.66779583e+00
 3.63000000e+02 1.60000000e+01 2.66376254e+00
 3.64000000e+02 1.60000000e+01 2.65984573e+00
 3.65000000e+02 1.60000000e+01 2.65604440e+00
 3.66000000e+02 1.60000000e+01 2.65235751e+00
 3.67000000e+02 1.60000000e+01 2.64878407e+00
 3.68000000e+02 1.60000000e+01 2.64532304e+00
 3.69000000e+02 1.60000000e+01 2.64197341e+00
 3.70000000e+02 1.60000000e+01 2.63873417e+00
 3.71000000e+02 1.60000000e+01 2.63560430e+00
 3.72000000e+02 1.60000000e+01 2.63258279e+00
 3.73000000e+02 1.60000000e+01 2.62966861e+00
 3.74000000e+02 1.60000000e+01 2.62686075e+00
 3.75000000e+02 1.60000000e+01 2.62415819e+00
 3.76000000e+02 1.60000000e+01 2.62155992e+00
 3.77000000e+02 1.60000000e+01 2.61906492e+00
 3.78000000e+02 1.60000000e+01 2.61667218e+00
 3.79000000e+02 1.60000000e+01 2.61438067e+00
 3.80000000e+02 1.60000000e+01 2.61218938e+00
 3.81000000e+02 1.60000000e+01 2.61009730e+00
 3.82000000e+02 1.60000000e+01 2.60810341e+00
 3.83000000e+02 1.60000000e+01 2.60620668e+00
 3.84000000e+02 1.60000000e+01 2.60440612e+00
 3.85000000e+02 1.60000000e+01 2.60270069e+00
 3.86000000e+02 1.60000000e+01 2.60108938e+00
 3.87000000e+02 1.60000000e+01 2.59957117e+00
 3.88000000e+02 1.60000000e+01 2.59814506e+00
 3.89000000e+02 1.60000000e+01 2.59681001e+00
 3.90000000e+02 1.60000000e+01 2.59556503e+00
 3.91000000e+02 1.60000000e+01 2.59440908e+00
 3.92000000e+02 1.60000000e+01 2.59334115e+00
 3.93000000e+02 1.60000000e+01 2.59236023e+00
 3.94000000e+02 1.60000000e+01 2.59146530e+00
 3.95000000e+02 1.60000000e+01 2.59065534e+00
 3.96000000e+02 1.60000000e+01 2.58992933e+00
 3.97000000e+02 1.60000000e+01 2.58928627e+00
 3.98000000e+02 1.60000000e+01 2.58872513e+00
 3.99000000e+02 1.60000000e+01 2.58824490e+00
 4.00000000e+02 1.60000000e+01 2.51505435e+00
 4.01000000e+02 1.60000000e+01 2.51472974e+00
 4.02000000e+02 1.60000000e+01 2.51449044e+00
 4.03000000e+02 1.60000000e+01 2.51434197e+00
 4.04000000e+02 1.60000000e+01 2.51428982e+00
 4.05000000e+02 1.60000000e+01 2.51433950e+00
 4.06000000e+02 1.60000000e+01 2.51449653e+00
 4.07000000e+02 1.60000000e+01 2.51476640e+00
 4.08000000e+02 1.60000000e+01 2.51515463e+00
 4.09000000e+02 1.60000000e+01 2.51566671e+00
 4.10000000e+02 1.60000000e+01 2.51630817e+00
 4.11000000e+02 1.60000000e+01 2.51708450e+00
 4.12000000e+02 1.60000000e+01 2.51800121e+00
 4.13000000e+02 1.60000000e+01 2.51906382e+00
 4.14000000e+02 1.60000000e+01 2.52027782e+00
 4.15000000e+02 1.60000000e+01 2.52164872e+00
 4.16000000e+02 1.60000000e+01 2.52318203e+00
 4.17000000e+02 1.60000000e+01 2.52488326e+00
 4.18000000e+02 1.60000000e+01 2.52675791e+00
 4.19000000e+02 1.60000000e+01 2.52881150e+00
 4.20000000e+02 1.60000000e+01 2.53104952e+00
 4.21000000e+02 1.60000000e+01 2.53347749e+00
 4.22000000e+02 1.60000000e+01 2.53610091e+00
 4.23000000e+02 1.60000000e+01 2.53892528e+00
 4.24000000e+02 1.60000000e+01 2.54195613e+00
 4.25000000e+02 1.60000000e+01 2.54519894e+00
 4.26000000e+02 1.60000000e+01 2.54865924e+00
 4.27000000e+02 1.60000000e+01 2.55234252e+00
 4.28000000e+02 1.60000000e+01 2.55625430e+00
 4.29000000e+02 1.60000000e+01 2.56040007e+00
 4.30000000e+02 1.60000000e+01 2.56478536e+00
 4.31000000e+02 1.60000000e+01 2.56941566e+00
 4.32000000e+02 1.60000000e+01 2.57429648e+00
 4.33000000e+02 1.60000000e+01 2.57943333e+00
 4.34000000e+02 1.60000000e+01 2.58483171e+00
 4.35000000e+02 1.60000000e+01 2.59049714e+00
 4.36000000e+02 1.60000000e+01 2.59643511e+00
 4.37000000e+02 1.60000000e+01 2.60265115e+00
 4.38000000e+02 1.60000000e+01 2.60915074e+00
 4.39000000e+02 1.60000000e+01 2.61593941e+00
 4.40000000e+02 1.60000000e+01 2.62302265e+00
 4.41000000e+02 1.60000000e+01 2.63040598e+00
 4.42000000e+02 1.60000000e+01 2.63809490e+00
 4.43000000e+02 1.60000000e+01 2.64609491e+00
 4.44000000e+02 1.60000000e+01 2.65441153e+00
 4.45000000e+02 1.60000000e+01 2.66305027e+00
 4.46000000e+02 1.60000000e+01 2.67201662e+00
 4.47000000e+02 1.60000000e+01 2.68131610e+00
 4.48000000e+02 1.60000000e+01 2.69095421e+00
 4.49000000e+02 1.60000000e+01 2.70093646e+00
 4.50000000e+02 1.60000000e+01 2.66983302e+00
 4.51000000e+02 1.60000000e+01 2.68052178e+00
 4.52000000e+02 1.60000000e+01 2.69155136e+00
 4.53000000e+02 1.60000000e+01 2.70291185e+00
 4.54000000e+02 1.60000000e+01 2.71459333e+00
 4.55000000e+02 1.60000000e+01 2.72658588e+00
 4.56000000e+02 1.60000000e+01 2.73887959e+00
 4.57000000e+02 1.60000000e+01 2.75146454e+00
 4.58000000e+02 1.60000000e+01 2.76433081e+00
 4.59000000e+02 1.60000000e+01 2.77746848e+00
 4.60000000e+02 1.60000000e+01 2.79086763e+00
 4.61000000e+02 1.60000000e+01 2.80451834e+00
 4.62000000e+02 1.60000000e+01 2.81841070e+00
 4.63000000e+02 1.60000000e+01 2.83253479e+00
 4.64000000e+02 1.60000000e+01 2.84688069e+00
 4.65000000e+02 1.60000000e+01 2.86143847e+00
 4.66000000e+02 1.60000000e+01 2.87619824e+00
 4.67000000e+02 1.60000000e+01 2.89115005e+00
 4.68000000e+02 1.60000000e+01 2.90628401e+00
 4.69000000e+02 1.60000000e+01 2.92159018e+00
 4.70000000e+02 1.60000000e+01 2.93705865e+00
 4.71000000e+02 1.60000000e+01 2.95267950e+00
 4.72000000e+02 1.60000000e+01 2.96844282e+00
 4.73000000e+02 1.60000000e+01 2.98433868e+00
 4.74000000e+02 1.60000000e+01 3.00035717e+00
 4.75000000e+02 1.60000000e+01 3.01648837e+00
 4.76000000e+02 1.60000000e+01 3.03272235e+00
 4.77000000e+02 1.60000000e+01 3.04904922e+00
 4.78000000e+02 1.60000000e+01 3.06545903e+00
 4.79000000e+02 1.60000000e+01 3.08194188e+00
 4.80000000e+02 1.60000000e+01 3.09848785e+00
 4.81000000e+02 1.60000000e+01 3.11508702e+00
 4.82000000e+02 1.60000000e+01 3.13172947e+00
 4.83000000e+02 1.60000000e+01 3.14840528e+00
 4.84000000e+02 1.60000000e+01 3.16510454e+00
 4.85000000e+02 1.60000000e+01 3.18181732e+00
 4.86000000e+02 1.60000000e+01 3.19853372e+00
 4.87000000e+02 1.60000000e+01 3.21524380e+00
 4.88000000e+02 1.60000000e+01 3.23193765e+00
 4.89000000e+02 1.60000000e+01 3.24860536e+00
 4.90000000e+02 1.60000000e+01 3.26523700e+00
 4.91000000e+02 1.60000000e+01 3.28182267e+00
 4.92000000e+02 1.60000000e+01 3.29835242e+00
 4.93000000e+02 1.60000000e+01 3.31481636e+00
 4.94000000e+02 1.60000000e+01 3.33120457e+00
 4.95000000e+02 1.60000000e+01 3.34750711e+00
 4.96000000e+02 1.60000000e+01 3.36371409e+00
 4.97000000e+02 1.60000000e+01 3.37981557e+00
 4.98000000e+02 1.60000000e+01 3.39580164e+00
 4.99000000e+02 1.60000000e+01 3.41166238e+00
 5.00000000e+02 1.60000000e+01 3.62643589e+00
 5.01000000e+02 1.60000000e+01 3.64202851e+00
 5.02000000e+02 1.60000000e+01 3.65747571e+00
 5.03000000e+02 1.60000000e+01 3.67277436e+00
 5.04000000e+02 1.60000000e+01 3.68792129e+00
 5.05000000e+02 1.60000000e+01 3.70291335e+00
 5.06000000e+02 1.60000000e+01 3.71774740e+00
 5.07000000e+02 1.60000000e+01 3.73242030e+00
 5.08000000e+02 1.60000000e+01 3.74692887e+00
 5.09000000e+02 1.60000000e+01 3.76126999e+00
 5.10000000e+02 1.60000000e+01 3.77544050e+00
 5.11000000e+02 1.60000000e+01 3.78943724e+00
 5.12000000e+02 1.60000000e+01 3.80325708e+00
 5.13000000e+02 1.60000000e+01 3.81689685e+00
 5.14000000e+02 1.60000000e+01 3.83035342e+00
 5.15000000e+02 1.60000000e+01 3.84362362e+00
 5.16000000e+02 1.60000000e+01 3.85670432e+00
 5.17000000e+02 1.60000000e+01 3.86959236e+00
 5.18000000e+02 1.60000000e+01 3.88228459e+00
 5.19000000e+02 1.60000000e+01 3.89477787e+00
 5.20000000e+02 1.60000000e+01 3.90706903e+00
 5.21000000e+02 1.60000000e+01 3.91915494e+00
 5.22000000e+02 1.60000000e+01 3.93103245e+00
 5.23000000e+02 1.60000000e+01 3.94269839e+00
 5.24000000e+02 1.60000000e+01 3.95414964e+00
 5.25000000e+02 1.60000000e+01 3.96538302e+00
 5.26000000e+02 1.60000000e+01 3.97639541e+00
 5.27000000e+02 1.60000000e+01 3.98718363e+00
 5.28000000e+02 1.60000000e+01 3.99774456e+00
 5.29000000e+02 1.60000000e+01 4.00807503e+00
 5.30000000e+02 1.60000000e+01 4.01817190e+00
 5.31000000e+02 1.60000000e+01 4.02803201e+00
 5.32000000e+02 1.60000000e+01 4.03765223e+00
 5.33000000e+02 1.60000000e+01 4.04702939e+00
 5.34000000e+02 1.60000000e+01 4.05616035e+00
 5.35000000e+02 1.60000000e+01 4.06504196e+00
 5.36000000e+02 1.60000000e+01 4.07367106e+00
 5.37000000e+02 1.60000000e+01 4.08204452e+00
 5.38000000e+02 1.60000000e+01 4.09015918e+00
 5.39000000e+02 1.60000000e+01 4.09801189e+00
 5.40000000e+02 1.60000000e+01 4.10559950e+00
 5.41000000e+02 1.60000000e+01 4.11291886e+00
 5.42000000e+02 1.60000000e+01 4.11996682e+00
 5.43000000e+02 1.60000000e+01 4.12674024e+00
 5.44000000e+02 1.60000000e+01 4.13323595e+00
 5.45000000e+02 1.60000000e+01 4.13945083e+00
 5.46000000e+02 1.60000000e+01 4.14538170e+00
 5.47000000e+02 1.60000000e+01 4.15102543e+00
 5.48000000e+02 1.60000000e+01 4.15637886e+00
 5.49000000e+02 1.60000000e+01 4.16143885e+00
 5.50000000e+02 1.60000000e+01 4.08725894e+00
 5.51000000e+02 1.60000000e+01 4.09171166e+00
 5.52000000e+02 1.60000000e+01 4.09588154e+00
 5.53000000e+02 1.60000000e+01 4.09977820e+00
 5.54000000e+02 1.60000000e+01 4.10341124e+00
 5.55000000e+02 1.60000000e+01 4.10679029e+00
 5.56000000e+02 1.60000000e+01 4.10992496e+00
 5.57000000e+02 1.60000000e+01 4.11282486e+00
 5.58000000e+02 1.60000000e+01 4.11549959e+00
 5.59000000e+02 1.60000000e+01 4.11795879e+00
 5.60000000e+02 1.60000000e+01 4.12021205e+00
 5.61000000e+02 1.60000000e+01 4.12226900e+00
 5.62000000e+02 1.60000000e+01 4.12413924e+00
 5.63000000e+02 1.60000000e+01 4.12583239e+00
 5.64000000e+02 1.60000000e+01 4.12735807e+00
 5.65000000e+02 1.60000000e+01 4.12872588e+00
 5.66000000e+02 1.60000000e+01 4.12994545e+00
 5.67000000e+02 1.60000000e+01 4.13102637e+00
 5.68000000e+02 1.60000000e+01 4.13197827e+00
 5.69000000e+02 1.60000000e+01 4.13281077e+00
 5.70000000e+02 1.60000000e+01 4.13353346e+00
 5.71000000e+02 1.60000000e+01 4.13415597e+00
 5.72000000e+02 1.60000000e+01 4.13468792e+00
 5.73000000e+02 1.60000000e+01 4.13513890e+00
 5.74000000e+02 1.60000000e+01 4.13551855e+00
 5.75000000e+02 1.60000000e+01 4.13583646e+00
 5.76000000e+02 1.60000000e+01 4.13610226e+00
 5.77000000e+02 1.60000000e+01 4.13632556e+00
 5.78000000e+02 1.60000000e+01 4.13651596e+00
 5.79000000e+02 1.60000000e+01 4.13668309e+00
 5.80000000e+02 1.60000000e+01 4.13683656e+00
 5.81000000e+02 1.60000000e+01 4.13698598e+00
 5.82000000e+02 1.60000000e+01 4.13714096e+00
 5.83000000e+02 1.60000000e+01 4.13731112e+00
 5.84000000e+02 1.60000000e+01 4.13750607e+00
 5.85000000e+02 1.60000000e+01 4.13773543e+00
 5.86000000e+02 1.60000000e+01 4.13800880e+00
 5.87000000e+02 1.60000000e+01 4.13833580e+00
 5.88000000e+02 1.60000000e+01 4.13872605e+00
 5.89000000e+02 1.60000000e+01 4.13918916e+00
 5.90000000e+02 1.60000000e+01 4.13973474e+00
 5.91000000e+02 1.60000000e+01 4.14037240e+00
 5.92000000e+02 1.60000000e+01 4.14111176e+00
 5.93000000e+02 1.60000000e+01 4.14196243e+00
 5.94000000e+02 1.60000000e+01 4.14293403e+00
 5.95000000e+02 1.60000000e+01 4.14403617e+00
 5.96000000e+02 1.60000000e+01 4.14527845e+00
 5.97000000e+02 1.60000000e+01 4.14667051e+00
 5.98000000e+02 1.60000000e+01 4.14822194e+00
 5.99000000e+02 1.60000000e+01 4.14994236e+00
 6.00000000e+02 1.60000000e+01 4.13243651e+00
 6.01000000e+02 1.60000000e+01 4.13452429e+00
 6.02000000e+02 1.60000000e+01 4.13679195e+00
 6.03000000e+02 1.60000000e+01 4.13923862e+00
 6.04000000e+02 1.60000000e+01 4.14186343e+00
 6.05000000e+02 1.60000000e+01 4.14466554e+00
 6.06000000e+02 1.60000000e+01 4.14764407e+00
 6.07000000e+02 1.60000000e+01 4.15079815e+00
 6.08000000e+02 1.60000000e+01 4.15412694e+00
 6.09000000e+02 1.60000000e+01 4.15762956e+00
 6.10000000e+02 1.60000000e+01 4.16130516e+00
 6.11000000e+02 1.60000000e+01 4.16515287e+00
 6.12000000e+02 1.60000000e+01 4.16917183e+00
 6.13000000e+02 1.60000000e+01 4.17336118e+00
 6.14000000e+02 1.60000000e+01 4.17772005e+00
 6.15000000e+02 1.60000000e+01 4.18224758e+00
 6.16000000e+02 1.60000000e+01 4.18694291e+00
 6.17000000e+02 1.60000000e+01 4.19180517e+00
 6.18000000e+02 1.60000000e+01 4.19683351e+00
 6.19000000e+02 1.60000000e+01 4.20202707e+00
 6.20000000e+02 1.60000000e+01 4.20738497e+00
 6.21000000e+02 1.60000000e+01 4.21290636e+00
 6.22000000e+02 1.60000000e+01 4.21859038e+00
 6.23000000e+02 1.60000000e+01 4.22443615e+00
 6.24000000e+02 1.60000000e+01 4.23044283e+00
 6.25000000e+02 1.60000000e+01 4.23660954e+00
 6.26000000e+02 1.60000000e+01 4.24293543e+00
 6.27000000e+02 1.60000000e+01 4.24941963e+00
 6.28000000e+02 1.60000000e+01 4.25606128e+00
 6.29000000e+02 1.60000000e+01 4.26285951e+00
 6.30000000e+02 1.60000000e+01 4.26981348e+00
 6.31000000e+02 1.60000000e+01 4.27692230e+00
 6.32000000e+02 1.60000000e+01 4.28418513e+00
 6.33000000e+02 1.60000000e+01 4.29160109e+00
 6.34000000e+02 1.60000000e+01 4.29916932e+00
 6.35000000e+02 1.60000000e+01 4.30688897e+00
 6.36000000e+02 1.60000000e+01 4.31475917e+00
 6.37000000e+02 1.60000000e+01 4.32277906e+00
 6.38000000e+02 1.60000000e+01 4.33094777e+00
 6.39000000e+02 1.60000000e+01 4.33926445e+00
 6.40000000e+02 1.60000000e+01 4.34772822e+00
 6.41000000e+02 1.60000000e+01 4.35633824e+00
 6.42000000e+02 1.60000000e+01 4.36509362e+00
 6.43000000e+02 1.60000000e+01 4.37399353e+00
 6.44000000e+02 1.60000000e+01 4.38303708e+00
 6.45000000e+02 1.60000000e+01 4.39222342e+00
 6.46000000e+02 1.60000000e+01 4.40155168e+00
 6.47000000e+02 1.60000000e+01 4.41102101e+00
 6.48000000e+02 1.60000000e+01 4.42063054e+00
 6.49000000e+02 1.60000000e+01 4.43037941e+00
 6.50000000e+02 1.60000000e+01 4.52560586e+00
 6.51000000e+02 1.60000000e+01 4.53563112e+00
 6.52000000e+02 1.60000000e+01 4.54579235e+00
 6.53000000e+02 1.60000000e+01 4.55608826e+00
 6.54000000e+02 1.60000000e+01 4.56651756e+00
 6.55000000e+02 1.60000000e+01 4.57707897e+00
 6.56000000e+02 1.60000000e+01 4.58777120e+00
 6.57000000e+02 1.60000000e+01 4.59859297e+00
 6.58000000e+02 1.60000000e+01 4.60954298e+00
 6.59000000e+02 1.60000000e+01 4.62061996e+00
 6.60000000e+02 1.60000000e+01 4.63182262e+00
 6.61000000e+02 1.60000000e+01 4.64314967e+00
 6.62000000e+02 1.60000000e+01 4.65459982e+00
 6.63000000e+02 1.60000000e+01 4.66617180e+00
 6.64000000e+02 1.60000000e+01 4.67786431e+00
 6.65000000e+02 1.60000000e+01 4.68967608e+00
 6.66000000e+02 1.60000000e+01 4.70160580e+00
 6.67000000e+02 1.60000000e+01 4.71365221e+00
 6.68000000e+02 1.60000000e+01 4.72581400e+00
 6.69000000e+02 1.60000000e+01 4.73808991e+00
 6.70000000e+02 1.60000000e+01 4.75047863e+00
 6.71000000e+02 1.60000000e+01 4.76297889e+00
 6.72000000e+02 1.60000000e+01 4.77558940e+00
 6.73000000e+02 1.60000000e+01 4.78830887e+00
 6.74000000e+02 1.60000000e+01 4.80113602e+00
 6.75000000e+02 1.60000000e+01 4.81406956e+00
 6.76000000e+02 1.60000000e+01 4.82710820e+00
 6.77000000e+02 1.60000000e+01 4.84025067e+00
 6.78000000e+02 1.60000000e+01 4.85349567e+00
 6.79000000e+02 1.60000000e+01 4.86684192e+00
 6.80000000e+02 1.60000000e+01 4.88028814e+00
 6.81000000e+02 1.60000000e+01 4.89383303e+00
 6.82000000e+02 1.60000000e+01 4.90747531e+00
 6.83000000e+02 1.60000000e+01 4.92121370e+00
 6.84000000e+02 1.60000000e+01 4.93504691e+00
 6.85000000e+02 1.60000000e+01 4.94897365e+00
 6.86000000e+02 1.60000000e+01 4.96299264e+00
 6.87000000e+02 1.60000000e+01 4.97710260e+00
 6.88000000e+02 1.60000000e+01 4.99130223e+00
 6.89000000e+02 1.60000000e+01 5.00559025e+00
 6.90000000e+02 1.60000000e+01 5.01996538e+00
 6.91000000e+02 1.60000000e+01 5.03442632e+00
 6.92000000e+02 1.60000000e+01 5.04897181e+00
 6.93000000e+02 1.60000000e+01 5.06360054e+00
 6.94000000e+02 1.60000000e+01 5.07831123e+00
 6.95000000e+02 1.60000000e+01 5.09310260e+00
 6.96000000e+02 1.60000000e+01 5.10797336e+00
 6.97000000e+02 1.60000000e+01 5.12292222e+00
 6.98000000e+02 1.60000000e+01 5.13794791e+00
 6.99000000e+02 1.60000000e+01 5.15304912e+00
