 1.00000000e+00 1.50000000e+01 1.58405347e+02
 2.00000000e+00 1.50000000e+01 1.57430487e+02
 3.00000000e+00 1.50000000e+01 1.56462068e+02
 4.00000000e+00 1.50000000e+01 1.55500065e+02
 5.00000000e+00 1.50000000e+01 1.54544458e+02
 6.00000000e+00 1.50000000e+01 1.53595223e+02
 7.00000000e+00 1.50000000e+01 1.52652337e+02
 8.00000000e+00 1.50000000e+01 1.51715780e+02
 9.00000000e+00 1.50000000e+01 1.50785527e+02
 1.00000000e+01 1.50000000e+01 1.49861556e+02
 1.10000000e+01 1.50000000e+01 1.48943846e+02
 1.20000000e+01 1.50000000e+01 1.48032372e+02
 1.30000000e+01 1.50000000e+01 1.47127114e+02
 1.40000000e+01 1.50000000e+01 1.46228048e+02
 1.50000000e+01 1.50000000e+01 1.45335152e+02
 1.60000000e+01 1.50000000e+01 1.44448404e+02
 1.70000000e+01 1.50000000e+01 1.43567781e+02
 1.80000000e+01 1.50000000e+01 1.42693259e+02
 1.90000000e+01 1.50000000e+01 1.41824818e+02
 2.00000000e+01 1.50000000e+01 1.40962435e+02
 2.10000000e+01 1.50000000e+01 1.40106086e+02
 2.20000000e+01 1.50000000e+01 1.39255750e+02
 2.30000000e+01 1.50000000e+01 1.38411404e+02
 2.40000000e+01 1.50000000e+01 1.37573025e+02
 2.50000000e+01 1.50000000e+01 1.36740592e+02
 2.60000000e+01 1.50000000e+01 1.35914080e+02
 2.70000000e+01 1.50000000e+01 1.35093469e+02
 2.80000000e+01 1.50000000e+01 1.34278736e+02
 2.90000000e+01 1.50000000e+01 1.33469857e+02
 3.00000000e+01 1.50000000e+01 1.32666811e+02
 3.10000000e+01 1.50000000e+01 1.31869575e+02
 3.20000000e+01 1.50000000e+01 1.31078126e+02
 3.30000000e+01 1.50000000e+01 1.30292443e+02
 3.40000000e+01 1.50000000e+01 1.29512502e+02
 3.50000000e+01 1.50000000e+01 1.28738281e+02
 3.60000000e+01 1.50000000e+01 1.27969758e+02
 3.70000000e+01 1.50000000e+01 1.27206910e+02
 3.80000000e+01 1.50000000e+01 1.26449715e+02
 3.90000000e+01 1.50000000e+01 1.25698149e+02
 4.00000000e+01 1.50000000e+01 1.24952191e+02
 4.10000000e+01 1.50000000e+01 1.24211818e+02
 4.20000000e+01 1.50000000e+01 1.23477008e+02
 4.30000000e+01 1.50000000e+01 1.22747738e+02
 4.40000000e+01 1.50000000e+01 1.22023986e+02
 4.50000000e+01 1.50000000e+01 1.21305729e+02
 4.60000000e+01 1.50000000e+01 1.20592944e+02
 4.70000000e+01 1.50000000e+01 1.19885610e+02
 4.80000000e+01 1.50000000e+01 1.19183703e+02
 4.90000000e+01 1.50000000e+01 1.18487201e+02
 5.00000000e+01 1.50000000e+01 1.17796082e+02
 5.10000000e+01 1.50000000e+01 1.17110323e+02
 5.20000000e+01 1.50000000e+01 1.16429902e+02
 5.30000000e+01 1.50000000e+01 1.15754796e+02
 5.40000000e+01 1.50000000e+01 1.15084983e+02
 5.50000000e+01 1.50000000e+01 1.14420440e+02
 5.60000000e+01 1.50000000e+01 1.13761144e+02
 5.70000000e+01 1.50000000e+01 1.13107074e+02
 5.80000000e+01 1.50000000e+01 1.12458207e+02
 5.90000000e+01 1.50000000e+01 1.11814519e+02
 6.00000000e+01 1.50000000e+01 1.11175990e+02
 6.10000000e+01 1.50000000e+01 1.10542596e+02
 6.20000000e+01 1.50000000e+01 1.09914314e+02
 6.30000000e+01 1.50000000e+01 1.09291123e+02
 6.40000000e+01 1.50000000e+01 1.08672999e+02
 6.50000000e+01 1.50000000e+01 1.08059921e+02
 6.60000000e+01 1.50000000e+01 1.07451866e+02
 6.70000000e+01 1.50000000e+01 1.06848810e+02
 6.80000000e+01 1.50000000e+01 1.06250733e+02
 6.90000000e+01 1.50000000e+01 1.05657611e+02
 7.00000000e+01 1.50000000e+01 1.05069421e+02
 7.10000000e+01 1.50000000e+01 1.04486142e+02
 7.20000000e+01 1.50000000e+01 1.03907751e+02
 7.30000000e+01 1.50000000e+01 1.03334225e+02
 7.40000000e+01 1.50000000e+01 1.02765542e+02
 7.50000000e+01 1.50000000e+01 1.02201679e+02
 7.60000000e+01 1.50000000e+01 1.01642614e+02
 7.70000000e+01 1.50000000e+01 1.01088325e+02
 7.80000000e+01 1.50000000e+01 1.00538788e+02
 7.90000000e+01 1.50000000e+01 9.99939815e+01
 8.00000000e+01 1.50000000e+01 9.94538829e+01
 8.10000000e+01 1.50000000e+01 9.89184697e+01
 8.20000000e+01 1.50000000e+01 9.83877194e+01
 8.30000000e+01 1.50000000e+01 9.78616094e+01
 8.40000000e+01 1.50000000e+01 9.73401174e+01
 8.50000000e+01 1.50000000e+01 9.68232207e+01
 8.60000000e+01 1.50000000e+01 9.63108969e+01
 8.70000000e+01 1.50000000e+01 9.58031236e+01
 8.80000000e+01 1.50000000e+01 9.52998781e+01
 8.90000000e+01 1.50000000e+01 9.48011381e+01
 9.00000000e+01 1.50000000e+01 9.43068810e+01
 9.10000000e+01 1.50000000e+01 9.38170843e+01
 9.20000000e+01 1.50000000e+01 9.33317255e+01
 9.30000000e+01 1.50000000e+01 9.28507822e+01
 9.40000000e+01 1.50000000e+01 9.23742319e+01
 9.50000000e+01 1.50000000e+01 9.19020520e+01
 9.60000000e+01 1.50000000e+01 9.14342200e+01
 9.70000000e+01 1.50000000e+01 9.09707136e+01
 9.80000000e+01 1.50000000e+01 9.05115101e+01
 9.90000000e+01 1.50000000e+01 9.00565871e+01
 1.00000000e+02 1.50000000e+01 8.96059221e+01
 1.01000000e+02 1.50000000e+01 8.91594925e+01
 1.02000000e+02 1.50000000e+01 8.87172760e+01
 1.03000000e+02 1.50000000e+01 8.82792500e+01
 1.04000000e+02 1.50000000e+01 8.78453920e+01
 1.05000000e+02 1.50000000e+01 8.74156795e+01
 1.06000000e+02 1.50000000e+01 8.69900901e+01
 1.07000000e+02 1.50000000e+01 8.65686012e+01
 1.08000000e+02 1.50000000e+01 8.61511903e+01
 1.09000000e+02 1.50000000e+01 8.57378350e+01
 1.10000000e+02 1.50000000e+01 8.53285127e+01
 1.11000000e+02 1.50000000e+01 8.49232010e+01
 1.12000000e+02 1.50000000e+01 8.45218773e+01
 1.13000000e+02 1.50000000e+01 8.41245193e+01
 1.14000000e+02 1.50000000e+01 8.37311043e+01
 1.15000000e+02 1.50000000e+01 8.33416099e+01
 1.16000000e+02 1.50000000e+01 8.29560136e+01
 1.17000000e+02 1.50000000e+01 8.25742929e+01
 1.18000000e+02 1.50000000e+01 8.21964253e+01
 1.19000000e+02 1.50000000e+01 8.18223883e+01
 1.20000000e+02 1.50000000e+01 8.14521594e+01
 1.21000000e+02 1.50000000e+01 8.10857161e+01
 1.22000000e+02 1.50000000e+01 8.07230360e+01
 1.23000000e+02 1.50000000e+01 8.03640965e+01
 1.24000000e+02 1.50000000e+01 8.00088752e+01
 1.25000000e+02 1.50000000e+01 7.96573495e+01
 1.26000000e+02 1.50000000e+01 7.93094970e+01
 1.27000000e+02 1.50000000e+01 7.89652951e+01
 1.28000000e+02 1.50000000e+01 7.86247214e+01
 1.29000000e+02 1.50000000e+01 7.82877534e+01
 1.30000000e+02 1.50000000e+01 7.79543686e+01
 1.31000000e+02 1.50000000e+01 7.76245445e+01
 1.32000000e+02 1.50000000e+01 7.72982585e+01
 1.33000000e+02 1.50000000e+01 7.69754883e+01
 1.34000000e+02 1.50000000e+01 7.66562112e+01
 1.35000000e+02 1.50000000e+01 7.63404049e+01
 1.36000000e+02 1.50000000e+01 7.60280468e+01
 1.37000000e+02 1.50000000e+01 7.57191145e+01
 1.38000000e+02 1.50000000e+01 7.54135854e+01
 1.39000000e+02 1.50000000e+01 7.51114370e+01
 1.40000000e+02 1.50000000e+01 7.48126468e+01
 1.41000000e+02 1.50000000e+01 7.45171925e+01
 1.42000000e+02 1.50000000e+01 7.42250513e+01
 1.43000000e+02 1.50000000e+01 7.39362010e+01
 1.44000000e+02 1.50000000e+01 7.36506189e+01
 1.45000000e+02 1.50000000e+01 7.33682826e+01
 1.46000000e+02 1.50000000e+01 7.30891696e+01
 1.47000000e+02 1.50000000e+01 7.28132574e+01
 1.48000000e+02 1.50000000e+01 7.25405235e+01
 1.49000000e+02 1.50000000e+01 7.22709454e+01
 1.50000000e+02 1.50000000e+01 7.20045006e+01
 1.51000000e+02 1.50000000e+01 7.17411666e+01
 1.52000000e+02 1.50000000e+01 7.14809210e+01
 1.53000000e+02 1.50000000e+01 7.12237412e+01
 1.54000000e+02 1.50000000e+01 7.09696047e+01
 1.55000000e+02 1.50000000e+01 7.07184891e+01
 1.56000000e+02 1.50000000e+01 7.04703718e+01
 1.57000000e+02 1.50000000e+01 7.02252304e+01
 1.58000000e+02 1.50000000e+01 6.99830423e+01
 1.59000000e+02 1.50000000e+01 6.97437852e+01
 1.60000000e+02 1.50000000e+01 6.95074364e+01
 1.61000000e+02 1.50000000e+01 6.92739735e+01
 1.62000000e+02 1.50000000e+01 6.90433739e+01
 1.63000000e+02 1.50000000e+01 6.88156153e+01
 1.64000000e+02 1.50000000e+01 6.85906751e+01
 1.65000000e+02 1.50000000e+01 6.83685308e+01
 1.66000000e+02 1.50000000e+01 6.81491599e+01
 1.67000000e+02 1.50000000e+01 6.79325399e+01
 1.68000000e+02 1.50000000e+01 6.77186484e+01
 1.69000000e+02 1.50000000e+01 6.75074628e+01
 1.70000000e+02 1.50000000e+01 6.72989607e+01
 1.71000000e+02 1.50000000e+01 6.70931195e+01
 1.72000000e+02 1.50000000e+01 6.68899167e+01
 1.73000000e+02 1.50000000e+01 6.66893299e+01
 1.74000000e+02 1.50000000e+01 6.64913366e+01
 1.75000000e+02 1.50000000e+01 6.62959143e+01
 1.76000000e+02 1.50000000e+01 6.61030404e+01
 1.77000000e+02 1.50000000e+01 6.59126926e+01
 1.78000000e+02 1.50000000e+01 6.57248482e+01
 1.79000000e+02 1.50000000e+01 6.55394848e+01
 1.80000000e+02 1.50000000e+01 6.53565799e+01
 1.81000000e+02 1.50000000e+01 6.51761111e+01
 1.82000000e+02 1.50000000e+01 6.49980558e+01
 1.83000000e+02 1.50000000e+01 6.48223915e+01
 1.84000000e+02 1.50000000e+01 6.46490957e+01
 1.85000000e+02 1.50000000e+01 6.44781460e+01
 1.86000000e+02 1.50000000e+01 6.43095198e+01
 1.87000000e+02 1.50000000e+01 6.41431947e+01
 1.88000000e+02 1.50000000e+01 6.39791482e+01
 1.89000000e+02 1.50000000e+01 6.38173577e+01
 1.90000000e+02 1.50000000e+01 6.36578007e+01
 1.91000000e+02 1.50000000e+01 6.35004549e+01
 1.92000000e+02 1.50000000e+01 6.33452977e+01
 1.93000000e+02 1.50000000e+01 6.31923065e+01
 1.94000000e+02 1.50000000e+01 6.30414589e+01
 1.95000000e+02 1.50000000e+01 6.28927325e+01
 1.96000000e+02 1.50000000e+01 6.27461046e+01
 1.97000000e+02 1.50000000e+01 6.26015529e+01
 1.98000000e+02 1.50000000e+01 6.24590548e+01
 1.99000000e+02 1.50000000e+01 6.23185879e+01
 2.00000000e+02 1.50000000e+01 6.21801295e+01
 2.01000000e+02 1.50000000e+01 6.20436574e+01
 2.02000000e+02 1.50000000e+01 6.19091488e+01
 2.03000000e+02 1.50000000e+01 6.17765814e+01
 2.04000000e+02 1.50000000e+01 6.16459327e+01
 2.05000000e+02 1.50000000e+01 6.15171802e+01
 2.06000000e+02 1.50000000e+01 6.13903013e+01
 2.07000000e+02 1.50000000e+01 6.12652737e+01
 2.08000000e+02 1.50000000e+01 6.11420747e+01
 2.09000000e+02 1.50000000e+01 6.10206819e+01
 2.10000000e+02 1.50000000e+01 6.09010728e+01
 2.11000000e+02 1.50000000e+01 6.07832249e+01
 2.12000000e+02 1.50000000e+01 6.06671158e+01
 2.13000000e+02 1.50000000e+01 6.05527228e+01
 2.14000000e+02 1.50000000e+01 6.04400236e+01
 2.15000000e+02 1.50000000e+01 6.03289957e+01
 2.16000000e+02 1.50000000e+01 6.02196164e+01
 2.17000000e+02 1.50000000e+01 6.01118635e+01
 2.18000000e+02 1.50000000e+01 6.00057142e+01
 2.19000000e+02 1.50000000e+01 5.99011463e+01
 2.20000000e+02 1.50000000e+01 5.97981371e+01
 2.21000000e+02 1.50000000e+01 5.96966642e+01
 2.22000000e+02 1.50000000e+01 5.95967050e+01
 2.23000000e+02 1.50000000e+01 5.94982372e+01
 2.24000000e+02 1.50000000e+01 5.94012381e+01
 2.25000000e+02 1.50000000e+01 5.93056854e+01
 2.26000000e+02 1.50000000e+01 5.92115564e+01
 2.27000000e+02 1.50000000e+01 5.91188288e+01
 2.28000000e+02 1.50000000e+01 5.90274800e+01
 2.29000000e+02 1.50000000e+01 5.89374875e+01
 2.30000000e+02 1.50000000e+01 5.88488288e+01
 2.31000000e+02 1.50000000e+01 5.87614815e+01
 2.32000000e+02 1.50000000e+01 5.86754230e+01
 2.33000000e+02 1.50000000e+01 5.85906309e+01
 2.34000000e+02 1.50000000e+01 5.85070827e+01
 2.35000000e+02 1.50000000e+01 5.84247558e+01
 2.36000000e+02 1.50000000e+01 5.83436278e+01
 2.37000000e+02 1.50000000e+01 5.82636761e+01
 2.38000000e+02 1.50000000e+01 5.81848784e+01
 2.39000000e+02 1.50000000e+01 5.81072120e+01
 2.40000000e+02 1.50000000e+01 5.80306545e+01
 2.41000000e+02 1.50000000e+01 5.79551835e+01
 2.42000000e+02 1.50000000e+01 5.78807763e+01
 2.43000000e+02 1.50000000e+01 5.78074106e+01
 2.44000000e+02 1.50000000e+01 5.77350638e+01
 2.45000000e+02 1.50000000e+01 5.76637134e+01
 2.46000000e+02 1.50000000e+01 5.75933370e+01
 2.47000000e+02 1.50000000e+01 5.75239120e+01
 2.48000000e+02 1.50000000e+01 5.74554159e+01
 2.49000000e+02 1.50000000e+01 5.73878264e+01
 2.50000000e+02 1.50000000e+01 5.73211207e+01
 2.51000000e+02 1.50000000e+01 5.72552766e+01
 2.52000000e+02 1.50000000e+01 5.71902714e+01
 2.53000000e+02 1.50000000e+01 5.71260827e+01
 2.54000000e+02 1.50000000e+01 5.70626880e+01
 2.55000000e+02 1.50000000e+01 5.70000648e+01
 2.56000000e+02 1.50000000e+01 5.69381906e+01
 2.57000000e+02 1.50000000e+01 5.68770429e+01
 2.58000000e+02 1.50000000e+01 5.68165992e+01
 2.59000000e+02 1.50000000e+01 5.67568370e+01
 2.60000000e+02 1.50000000e+01 5.66977339e+01
 2.61000000e+02 1.50000000e+01 5.66392673e+01
 2.62000000e+02 1.50000000e+01 5.65814147e+01
 2.63000000e+02 1.50000000e+01 5.65241537e+01
 2.64000000e+02 1.50000000e+01 5.64674618e+01
 2.65000000e+02 1.50000000e+01 5.64113164e+01
 2.66000000e+02 1.50000000e+01 5.63556950e+01
 2.67000000e+02 1.50000000e+01 5.63005753e+01
 2.68000000e+02 1.50000000e+01 5.62459346e+01
 2.69000000e+02 1.50000000e+01 5.61917505e+01
 2.70000000e+02 1.50000000e+01 5.61380005e+01
 2.71000000e+02 1.50000000e+01 5.60846621e+01
 2.72000000e+02 1.50000000e+01 5.60317128e+01
 2.73000000e+02 1.50000000e+01 5.59791301e+01
 2.74000000e+02 1.50000000e+01 5.59268916e+01
 2.75000000e+02 1.50000000e+01 5.58749746e+01
 2.76000000e+02 1.50000000e+01 5.58233568e+01
 2.77000000e+02 1.50000000e+01 5.57720157e+01
 2.78000000e+02 1.50000000e+01 5.57209287e+01
 2.79000000e+02 1.50000000e+01 5.56700733e+01
 2.80000000e+02 1.50000000e+01 5.56194271e+01
 2.81000000e+02 1.50000000e+01 5.55689675e+01
 2.82000000e+02 1.50000000e+01 5.55186722e+01
 2.83000000e+02 1.50000000e+01 5.54700810e+01
 2.84000000e+02 1.50000000e+01 5.54200439e+01
 2.85000000e+02 1.50000000e+01 5.53700852e+01
 2.86000000e+02 1.50000000e+01 5.53201639e+01
 2.87000000e+02 1.50000000e+01 5.52702393e+01
 2.88000000e+02 1.50000000e+01 5.52202705e+01
 2.89000000e+02 1.50000000e+01 5.51702167e+01
 2.90000000e+02 1.50000000e+01 5.51200370e+01
 2.91000000e+02 1.50000000e+01 5.50696906e+01
 2.92000000e+02 1.50000000e+01 5.50191367e+01
 2.93000000e+02 1.50000000e+01 5.49683343e+01
 2.94000000e+02 1.50000000e+01 5.49172427e+01
 2.95000000e+02 1.50000000e+01 5.48658210e+01
 2.96000000e+02 1.50000000e+01 5.48140284e+01
 2.97000000e+02 1.50000000e+01 5.47618240e+01
 2.98000000e+02 1.50000000e+01 5.47091670e+01
 2.99000000e+02 1.50000000e+01 5.46560166e+01
 3.00000000e+02 1.50000000e+01 5.46023319e+01
 3.01000000e+02 1.50000000e+01 5.45480720e+01
 3.02000000e+02 1.50000000e+01 5.44931961e+01
 3.03000000e+02 1.50000000e+01 5.44376634e+01
 3.04000000e+02 1.50000000e+01 5.43814330e+01
 3.05000000e+02 1.50000000e+01 5.43244642e+01
 3.06000000e+02 1.50000000e+01 5.42667159e+01
 3.07000000e+02 1.50000000e+01 5.42081475e+01
 3.08000000e+02 1.50000000e+01 5.41487181e+01
 3.09000000e+02 1.50000000e+01 5.40883867e+01
 3.10000000e+02 1.50000000e+01 5.40271127e+01
 3.11000000e+02 1.50000000e+01 5.39648550e+01
 3.12000000e+02 1.50000000e+01 5.39015730e+01
 3.13000000e+02 1.50000000e+01 5.38372257e+01
 3.14000000e+02 1.50000000e+01 5.37717723e+01
 3.15000000e+02 1.50000000e+01 5.37051720e+01
 3.16000000e+02 1.50000000e+01 5.36373839e+01
 3.17000000e+02 1.50000000e+01 5.35683672e+01
 3.18000000e+02 1.50000000e+01 5.34980810e+01
 3.19000000e+02 1.50000000e+01 5.34264845e+01
 3.20000000e+02 1.50000000e+01 5.33370406e+01
 3.21000000e+02 1.50000000e+01 5.32627241e+01
 3.22000000e+02 1.50000000e+01 5.31871161e+01
 3.23000000e+02 1.50000000e+01 5.31103171e+01
 3.24000000e+02 1.50000000e+01 5.30324274e+01
 3.25000000e+02 1.50000000e+01 5.29535476e+01
 3.26000000e+02 1.50000000e+01 5.28737781e+01
 3.27000000e+02 1.50000000e+01 5.27932194e+01
 3.28000000e+02 1.50000000e+01 5.27119719e+01
 3.29000000e+02 1.50000000e+01 5.26301362e+01
 3.30000000e+02 1.50000000e+01 5.25478126e+01
 3.31000000e+02 1.50000000e+01 5.24651016e+01
 3.32000000e+02 1.50000000e+01 5.23821037e+01
 3.33000000e+02 1.50000000e+01 5.22989194e+01
 3.34000000e+02 1.50000000e+01 5.22156491e+01
 3.35000000e+02 1.50000000e+01 5.21323933e+01
 3.36000000e+02 1.50000000e+01 5.20492524e+01
 3.37000000e+02 1.50000000e+01 5.19663269e+01
 3.38000000e+02 1.50000000e+01 5.18837172e+01
 3.39000000e+02 1.50000000e+01 5.18015239e+01
 3.40000000e+02 1.50000000e+01 5.17198474e+01
 3.41000000e+02 1.50000000e+01 5.16387881e+01
 3.42000000e+02 1.50000000e+01 5.15584465e+01
 3.43000000e+02 1.50000000e+01 5.14789231e+01
 3.44000000e+02 1.50000000e+01 5.14003183e+01
 3.45000000e+02 1.50000000e+01 5.13227326e+01
 3.46000000e+02 1.50000000e+01 5.12462665e+01
 3.47000000e+02 1.50000000e+01 5.11710204e+01
 3.48000000e+02 1.50000000e+01 5.10970948e+01
 3.49000000e+02 1.50000000e+01 5.10245901e+01
 3.50000000e+02 1.50000000e+01 5.09536068e+01
 3.51000000e+02 1.50000000e+01 5.08842454e+01
 3.52000000e+02 1.50000000e+01 5.08166064e+01
 3.53000000e+02 1.50000000e+01 5.07507901e+01
 3.54000000e+02 1.50000000e+01 5.06868970e+01
 3.55000000e+02 1.50000000e+01 5.06250277e+01
 3.56000000e+02 1.50000000e+01 5.05652826e+01
 3.57000000e+02 1.50000000e+01 5.04975500e+01
 3.58000000e+02 1.50000000e+01 5.04423147e+01
 3.59000000e+02 1.50000000e+01 5.03892683e+01
 3.60000000e+02 1.50000000e+01 5.03382749e+01
 3.61000000e+02 1.50000000e+01 5.02891981e+01
 3.62000000e+02 1.50000000e+01 5.02419020e+01
 3.63000000e+02 1.50000000e+01 5.01962504e+01
 3.64000000e+02 1.50000000e+01 5.01521072e+01
 3.65000000e+02 1.50000000e+01 5.01093362e+01
 3.66000000e+02 1.50000000e+01 5.00678014e+01
 3.67000000e+02 1.50000000e+01 5.00273666e+01
 3.68000000e+02 1.50000000e+01 4.99878957e+01
 3.69000000e+02 1.50000000e+01 4.99492526e+01
 3.70000000e+02 1.50000000e+01 4.99113011e+01
 3.71000000e+02 1.50000000e+01 4.98739052e+01
 3.72000000e+02 1.50000000e+01 4.98369286e+01
 3.73000000e+02 1.50000000e+01 4.98002354e+01
 3.74000000e+02 1.50000000e+01 4.97636894e+01
 3.75000000e+02 1.50000000e+01 4.97271544e+01
 3.76000000e+02 1.50000000e+01 4.96904943e+01
 3.77000000e+02 1.50000000e+01 4.96535731e+01
 3.78000000e+02 1.50000000e+01 4.96162546e+01
 3.79000000e+02 1.50000000e+01 4.95784026e+01
 3.80000000e+02 1.50000000e+01 4.95398811e+01
 3.81000000e+02 1.50000000e+01 4.95005539e+01
 3.82000000e+02 1.50000000e+01 4.94602850e+01
 3.83000000e+02 1.50000000e+01 4.94189381e+01
 3.84000000e+02 1.50000000e+01 4.93763773e+01
 3.85000000e+02 1.50000000e+01 4.93324662e+01
 3.86000000e+02 1.50000000e+01 4.92870689e+01
 3.87000000e+02 1.50000000e+01 4.92400493e+01
 3.88000000e+02 1.50000000e+01 4.91912711e+01
 3.89000000e+02 1.50000000e+01 4.91405983e+01
 3.90000000e+02 1.50000000e+01 4.90878947e+01
 3.91000000e+02 1.50000000e+01 4.90330243e+01
 3.92000000e+02 1.50000000e+01 4.89758509e+01
 3.93000000e+02 1.50000000e+01 4.89162384e+01
 3.94000000e+02 1.50000000e+01 4.88806298e+01
 3.95000000e+02 1.50000000e+01 4.88157824e+01
 3.96000000e+02 1.50000000e+01 4.87483942e+01
 3.97000000e+02 1.50000000e+01 4.86786355e+01
 3.98000000e+02 1.50000000e+01 4.86066770e+01
 3.99000000e+02 1.50000000e+01 4.85326890e+01
 4.00000000e+02 1.50000000e+01 4.84568420e+01
 4.01000000e+02 1.50000000e+01 4.83793066e+01
 4.02000000e+02 1.50000000e+01 4.83002531e+01
 4.03000000e+02 1.50000000e+01 4.82198521e+01
 4.04000000e+02 1.50000000e+01 4.81382740e+01
 4.05000000e+02 1.50000000e+01 4.80556894e+01
 4.06000000e+02 1.50000000e+01 4.79722686e+01
 4.07000000e+02 1.50000000e+01 4.78881822e+01
 4.08000000e+02 1.50000000e+01 4.78036007e+01
 4.09000000e+02 1.50000000e+01 4.77186944e+01
 4.10000000e+02 1.50000000e+01 4.76336340e+01
 4.11000000e+02 1.50000000e+01 4.75485898e+01
 4.12000000e+02 1.50000000e+01 4.74637324e+01
 4.13000000e+02 1.50000000e+01 4.73792322e+01
 4.14000000e+02 1.50000000e+01 4.72952597e+01
 4.15000000e+02 1.50000000e+01 4.72119853e+01
 4.16000000e+02 1.50000000e+01 4.71295796e+01
 4.17000000e+02 1.50000000e+01 4.70482131e+01
 4.18000000e+02 1.50000000e+01 4.69680561e+01
 4.19000000e+02 1.50000000e+01 4.68892792e+01
 4.20000000e+02 1.50000000e+01 4.68120529e+01
 4.21000000e+02 1.50000000e+01 4.67365476e+01
 4.22000000e+02 1.50000000e+01 4.66629338e+01
 4.23000000e+02 1.50000000e+01 4.65913820e+01
 4.24000000e+02 1.50000000e+01 4.65220626e+01
 4.25000000e+02 1.50000000e+01 4.64551462e+01
 4.26000000e+02 1.50000000e+01 4.63908032e+01
 4.27000000e+02 1.50000000e+01 4.63292041e+01
 4.28000000e+02 1.50000000e+01 4.62705193e+01
 4.29000000e+02 1.50000000e+01 4.62149194e+01
 4.30000000e+02 1.50000000e+01 4.61625747e+01
 4.31000000e+02 1.50000000e+01 4.59970247e+01
 4.32000000e+02 1.50000000e+01 4.59515826e+01
 4.33000000e+02 1.50000000e+01 4.59091973e+01
 4.34000000e+02 1.50000000e+01 4.58693293e+01
 4.35000000e+02 1.50000000e+01 4.58314392e+01
 4.36000000e+02 1.50000000e+01 4.57949873e+01
 4.37000000e+02 1.50000000e+01 4.57594344e+01
 4.38000000e+02 1.50000000e+01 4.57242408e+01
 4.39000000e+02 1.50000000e+01 4.56888672e+01
 4.40000000e+02 1.50000000e+01 4.56527740e+01
 4.41000000e+02 1.50000000e+01 4.56154218e+01
 4.42000000e+02 1.50000000e+01 4.55762710e+01
 4.43000000e+02 1.50000000e+01 4.55347822e+01
 4.44000000e+02 1.50000000e+01 4.54904160e+01
 4.45000000e+02 1.50000000e+01 4.54426328e+01
 4.46000000e+02 1.50000000e+01 4.53908931e+01
 4.47000000e+02 1.50000000e+01 4.53346576e+01
 4.48000000e+02 1.50000000e+01 4.52733866e+01
 4.49000000e+02 1.50000000e+01 4.52065408e+01
 4.50000000e+02 1.50000000e+01 4.51335806e+01
 4.51000000e+02 1.50000000e+01 4.50539666e+01
 4.52000000e+02 1.50000000e+01 4.49671593e+01
 4.53000000e+02 1.50000000e+01 4.48726192e+01
 4.54000000e+02 1.50000000e+01 4.47698069e+01
 4.55000000e+02 1.50000000e+01 4.46581828e+01
 4.56000000e+02 1.50000000e+01 4.45372074e+01
 4.57000000e+02 1.50000000e+01 4.44063414e+01
 4.58000000e+02 1.50000000e+01 4.42650452e+01
 4.59000000e+02 1.50000000e+01 4.41127793e+01
 4.60000000e+02 1.50000000e+01 4.39490043e+01
 4.61000000e+02 1.50000000e+01 4.37731807e+01
 4.62000000e+02 1.50000000e+01 4.35847690e+01
 4.63000000e+02 1.50000000e+01 4.33832297e+01
 4.64000000e+02 1.50000000e+01 4.31680233e+01
 4.65000000e+02 1.50000000e+01 4.29386105e+01
 4.66000000e+02 1.50000000e+01 4.26944516e+01
 4.67000000e+02 1.50000000e+01 4.24350072e+01
 4.68000000e+02 1.50000000e+01 4.23641170e+01
 4.69000000e+02 1.50000000e+01 4.20727027e+01
 4.70000000e+02 1.50000000e+01 4.17656982e+01
 4.71000000e+02 1.50000000e+01 4.14438778e+01
 4.72000000e+02 1.50000000e+01 4.11080156e+01
 4.73000000e+02 1.50000000e+01 4.07588859e+01
 4.74000000e+02 1.50000000e+01 4.03972630e+01
 4.75000000e+02 1.50000000e+01 4.00239210e+01
 4.76000000e+02 1.50000000e+01 3.96396342e+01
 4.77000000e+02 1.50000000e+01 3.92451769e+01
 4.78000000e+02 1.50000000e+01 3.88413233e+01
 4.79000000e+02 1.50000000e+01 3.84288475e+01
 4.80000000e+02 1.50000000e+01 3.80085240e+01
 4.81000000e+02 1.50000000e+01 3.75811268e+01
 4.82000000e+02 1.50000000e+01 3.71474302e+01
 4.83000000e+02 1.50000000e+01 3.67082085e+01
 4.84000000e+02 1.50000000e+01 3.62642360e+01
 4.85000000e+02 1.50000000e+01 3.58162867e+01
 4.86000000e+02 1.50000000e+01 3.53651350e+01
 4.87000000e+02 1.50000000e+01 3.49115551e+01
 4.88000000e+02 1.50000000e+01 3.44563213e+01
 4.89000000e+02 1.50000000e+01 3.40002078e+01
 4.90000000e+02 1.50000000e+01 3.35439887e+01
 4.91000000e+02 1.50000000e+01 3.30884385e+01
 4.92000000e+02 1.50000000e+01 3.26343312e+01
 4.93000000e+02 1.50000000e+01 3.21824411e+01
 4.94000000e+02 1.50000000e+01 3.17335425e+01
 4.95000000e+02 1.50000000e+01 3.12884096e+01
 4.96000000e+02 1.50000000e+01 3.08478167e+01
 4.97000000e+02 1.50000000e+01 3.04125379e+01
 4.98000000e+02 1.50000000e+01 2.99833475e+01
 4.99000000e+02 1.50000000e+01 2.95610198e+01
 5.00000000e+02 1.50000000e+01 2.91463289e+01
 5.01000000e+02 1.50000000e+01 2.87400492e+01
 5.02000000e+02 1.50000000e+01 2.83429548e+01
 5.03000000e+02 1.50000000e+01 2.79558200e+01
 5.04000000e+02 1.50000000e+01 2.75794191e+01
 5.05000000e+02 1.50000000e+01 2.71507111e+01
 5.06000000e+02 1.50000000e+01 2.67979107e+01
 5.07000000e+02 1.50000000e+01 2.64570222e+01
 5.08000000e+02 1.50000000e+01 2.61276751e+01
 5.09000000e+02 1.50000000e+01 2.58094988e+01
 5.10000000e+02 1.50000000e+01 2.55021229e+01
 5.11000000e+02 1.50000000e+01 2.52051769e+01
 5.12000000e+02 1.50000000e+01 2.49182903e+01
 5.13000000e+02 1.50000000e+01 2.46410927e+01
 5.14000000e+02 1.50000000e+01 2.43732136e+01
 5.15000000e+02 1.50000000e+01 2.41142824e+01
 5.16000000e+02 1.50000000e+01 2.38639288e+01
 5.17000000e+02 1.50000000e+01 2.36217823e+01
 5.18000000e+02 1.50000000e+01 2.33874723e+01
 5.19000000e+02 1.50000000e+01 2.31606284e+01
 5.20000000e+02 1.50000000e+01 2.29408801e+01
 5.21000000e+02 1.50000000e+01 2.27278569e+01
 5.22000000e+02 1.50000000e+01 2.25211884e+01
 5.23000000e+02 1.50000000e+01 2.23205040e+01
 5.24000000e+02 1.50000000e+01 2.21254334e+01
 5.25000000e+02 1.50000000e+01 2.19356060e+01
 5.26000000e+02 1.50000000e+01 2.17506513e+01
 5.27000000e+02 1.50000000e+01 2.15701989e+01
 5.28000000e+02 1.50000000e+01 2.13938783e+01
 5.29000000e+02 1.50000000e+01 2.12213190e+01
 5.30000000e+02 1.50000000e+01 2.10521505e+01
 5.31000000e+02 1.50000000e+01 2.08860024e+01
 5.32000000e+02 1.50000000e+01 2.07225042e+01
 5.33000000e+02 1.50000000e+01 2.05612853e+01
 5.34000000e+02 1.50000000e+01 2.04019754e+01
 5.35000000e+02 1.50000000e+01 2.02442039e+01
 5.36000000e+02 1.50000000e+01 2.00876004e+01
 5.37000000e+02 1.50000000e+01 1.99317944e+01
 5.38000000e+02 1.50000000e+01 1.97764153e+01
 5.39000000e+02 1.50000000e+01 1.96210929e+01
 5.40000000e+02 1.50000000e+01 1.94654564e+01
 5.41000000e+02 1.50000000e+01 1.93091356e+01
 5.42000000e+02 1.50000000e+01 1.91521249e+01
 5.43000000e+02 1.50000000e+01 1.89934002e+01
 5.44000000e+02 1.50000000e+01 1.88333415e+01
 5.45000000e+02 1.50000000e+01 1.86720400e+01
 5.46000000e+02 1.50000000e+01 1.85095873e+01
 5.47000000e+02 1.50000000e+01 1.83460746e+01
 5.48000000e+02 1.50000000e+01 1.81815933e+01
 5.49000000e+02 1.50000000e+01 1.80162348e+01
 5.50000000e+02 1.50000000e+01 1.78500904e+01
 5.51000000e+02 1.50000000e+01 1.76832514e+01
 5.52000000e+02 1.50000000e+01 1.75158093e+01
 5.53000000e+02 1.50000000e+01 1.73478553e+01
 5.54000000e+02 1.50000000e+01 1.71794809e+01
 5.55000000e+02 1.50000000e+01 1.70107773e+01
 5.56000000e+02 1.50000000e+01 1.68418360e+01
 5.57000000e+02 1.50000000e+01 1.66727483e+01
 5.58000000e+02 1.50000000e+01 1.65036056e+01
 5.59000000e+02 1.50000000e+01 1.63344991e+01
 5.60000000e+02 1.50000000e+01 1.61655204e+01
 5.61000000e+02 1.50000000e+01 1.59967606e+01
 5.62000000e+02 1.50000000e+01 1.58283113e+01
 5.63000000e+02 1.50000000e+01 1.56602636e+01
 5.64000000e+02 1.50000000e+01 1.54927091e+01
 5.65000000e+02 1.50000000e+01 1.53257390e+01
 5.66000000e+02 1.50000000e+01 1.51594447e+01
 5.67000000e+02 1.50000000e+01 1.49939175e+01
 5.68000000e+02 1.50000000e+01 1.48292489e+01
 5.69000000e+02 1.50000000e+01 1.46655301e+01
 5.70000000e+02 1.50000000e+01 1.45028525e+01
 5.71000000e+02 1.50000000e+01 1.43413076e+01
 5.72000000e+02 1.50000000e+01 1.41809865e+01
 5.73000000e+02 1.50000000e+01 1.40219808e+01
 5.74000000e+02 1.50000000e+01 1.38643817e+01
 5.75000000e+02 1.50000000e+01 1.37082806e+01
 5.76000000e+02 1.50000000e+01 1.35537688e+01
 5.77000000e+02 1.50000000e+01 1.34009378e+01
 5.78000000e+02 1.50000000e+01 1.32498788e+01
 5.79000000e+02 1.50000000e+01 1.30952929e+01
 5.80000000e+02 1.50000000e+01 1.29480302e+01
 5.81000000e+02 1.50000000e+01 1.28026815e+01
 5.82000000e+02 1.50000000e+01 1.26592062e+01
 5.83000000e+02 1.50000000e+01 1.25175636e+01
 5.84000000e+02 1.50000000e+01 1.23777131e+01
 5.85000000e+02 1.50000000e+01 1.22396139e+01
 5.86000000e+02 1.50000000e+01 1.21032254e+01
 5.87000000e+02 1.50000000e+01 1.19685069e+01
 5.88000000e+02 1.50000000e+01 1.18354177e+01
 5.89000000e+02 1.50000000e+01 1.17039171e+01
 5.90000000e+02 1.50000000e+01 1.15739645e+01
 5.91000000e+02 1.50000000e+01 1.14455191e+01
 5.92000000e+02 1.50000000e+01 1.13185402e+01
 5.93000000e+02 1.50000000e+01 1.11929873e+01
 5.94000000e+02 1.50000000e+01 1.10688195e+01
 5.95000000e+02 1.50000000e+01 1.09459963e+01
 5.96000000e+02 1.50000000e+01 1.08244769e+01
 5.97000000e+02 1.50000000e+01 1.07042206e+01
 5.98000000e+02 1.50000000e+01 1.05851868e+01
 5.99000000e+02 1.50000000e+01 1.04673347e+01
 6.00000000e+02 1.50000000e+01 1.03506238e+01
 6.01000000e+02 1.50000000e+01 1.02350133e+01
 6.02000000e+02 1.50000000e+01 1.01204624e+01
 6.03000000e+02 1.50000000e+01 1.00069306e+01
 6.04000000e+02 1.50000000e+01 9.89437722e+00
 6.05000000e+02 1.50000000e+01 9.78276146e+00
 6.06000000e+02 1.50000000e+01 9.67204269e+00
 6.07000000e+02 1.50000000e+01 9.56218021e+00
 6.08000000e+02 1.50000000e+01 9.45313336e+00
 6.09000000e+02 1.50000000e+01 9.34486143e+00
 6.10000000e+02 1.50000000e+01 9.23732375e+00
 6.11000000e+02 1.50000000e+01 9.13047964e+00
 6.12000000e+02 1.50000000e+01 9.02428840e+00
 6.13000000e+02 1.50000000e+01 8.91870936e+00
 6.14000000e+02 1.50000000e+01 8.81370183e+00
 6.15000000e+02 1.50000000e+01 8.70922512e+00
 6.16000000e+02 1.50000000e+01 8.60523855e+00
 6.17000000e+02 1.50000000e+01 8.53278274e+00
 6.18000000e+02 1.50000000e+01 8.42973725e+00
 6.19000000e+02 1.50000000e+01 8.32720244e+00
 6.20000000e+02 1.50000000e+01 8.22520893e+00
 6.21000000e+02 1.50000000e+01 8.12378735e+00
 6.22000000e+02 1.50000000e+01 8.02296829e+00
 6.23000000e+02 1.50000000e+01 7.92278238e+00
 6.24000000e+02 1.50000000e+01 7.82326023e+00
 6.25000000e+02 1.50000000e+01 7.72443246e+00
 6.26000000e+02 1.50000000e+01 7.62632968e+00
 6.27000000e+02 1.50000000e+01 7.52898251e+00
 6.28000000e+02 1.50000000e+01 7.43242156e+00
 6.29000000e+02 1.50000000e+01 7.33667744e+00
 6.30000000e+02 1.50000000e+01 7.24178078e+00
 6.31000000e+02 1.50000000e+01 7.14776218e+00
 6.32000000e+02 1.50000000e+01 7.05465227e+00
 6.33000000e+02 1.50000000e+01 6.96248165e+00
 6.34000000e+02 1.50000000e+01 6.87128094e+00
 6.35000000e+02 1.50000000e+01 6.78108076e+00
 6.36000000e+02 1.50000000e+01 6.69191172e+00
 6.37000000e+02 1.50000000e+01 6.60380444e+00
 6.38000000e+02 1.50000000e+01 6.51678953e+00
 6.39000000e+02 1.50000000e+01 6.43089760e+00
 6.40000000e+02 1.50000000e+01 6.34615928e+00
 6.41000000e+02 1.50000000e+01 6.26260517e+00
 6.42000000e+02 1.50000000e+01 6.18026589e+00
 6.43000000e+02 1.50000000e+01 6.09917206e+00
 6.44000000e+02 1.50000000e+01 6.01935429e+00
 6.45000000e+02 1.50000000e+01 5.94084320e+00
 6.46000000e+02 1.50000000e+01 5.86366939e+00
 6.47000000e+02 1.50000000e+01 5.78786350e+00
 6.48000000e+02 1.50000000e+01 5.71345612e+00
 6.49000000e+02 1.50000000e+01 5.64047788e+00
 6.50000000e+02 1.50000000e+01 5.56895939e+00
 6.51000000e+02 1.50000000e+01 5.49893127e+00
 6.52000000e+02 1.50000000e+01 5.43042413e+00
 6.53000000e+02 1.50000000e+01 5.36346858e+00
 6.54000000e+02 1.50000000e+01 5.35971696e+00
 6.55000000e+02 1.50000000e+01 5.29604210e+00
 6.56000000e+02 1.50000000e+01 5.23415693e+00
 6.57000000e+02 1.50000000e+01 5.17416519e+00
 6.58000000e+02 1.50000000e+01 5.11617062e+00
 6.59000000e+02 1.50000000e+01 5.06027696e+00
 6.60000000e+02 1.50000000e+01 5.00658795e+00
 6.61000000e+02 1.50000000e+01 4.95520734e+00
 6.62000000e+02 1.50000000e+01 4.90623886e+00
 6.63000000e+02 1.50000000e+01 4.85978625e+00
 6.64000000e+02 1.50000000e+01 4.81595325e+00
 6.65000000e+02 1.50000000e+01 4.77484360e+00
 6.66000000e+02 1.50000000e+01 4.73656105e+00
 6.67000000e+02 1.50000000e+01 4.70120933e+00
 6.68000000e+02 1.50000000e+01 4.66889218e+00
 6.69000000e+02 1.50000000e+01 4.63971335e+00
 6.70000000e+02 1.50000000e+01 4.61377657e+00
 6.71000000e+02 1.50000000e+01 4.59118558e+00
 6.72000000e+02 1.50000000e+01 4.57204412e+00
 6.73000000e+02 1.50000000e+01 4.55645594e+00
 6.74000000e+02 1.50000000e+01 4.54452478e+00
 6.75000000e+02 1.50000000e+01 4.53635436e+00
 6.76000000e+02 1.50000000e+01 4.53204844e+00
 6.77000000e+02 1.50000000e+01 4.53171076e+00
 6.78000000e+02 1.50000000e+01 4.53544505e+00
 6.79000000e+02 1.50000000e+01 4.54335505e+00
 6.80000000e+02 1.50000000e+01 4.55554451e+00
 6.81000000e+02 1.50000000e+01 4.57211716e+00
 6.82000000e+02 1.50000000e+01 4.59317675e+00
 6.83000000e+02 1.50000000e+01 4.61882701e+00
 6.84000000e+02 1.50000000e+01 4.64917169e+00
 6.85000000e+02 1.50000000e+01 4.68431453e+00
 6.86000000e+02 1.50000000e+01 4.72435926e+00
 6.87000000e+02 1.50000000e+01 4.76940962e+00
 6.88000000e+02 1.50000000e+01 4.81956936e+00
 6.89000000e+02 1.50000000e+01 4.87494222e+00
 6.90000000e+02 1.50000000e+01 4.94969282e+00
 6.91000000e+02 1.50000000e+01 5.01576383e+00
 6.92000000e+02 1.50000000e+01 5.08712017e+00
 6.93000000e+02 1.50000000e+01 5.16362657e+00
 6.94000000e+02 1.50000000e+01 5.24514775e+00
 6.95000000e+02 1.50000000e+01 5.33154844e+00
 6.96000000e+02 1.50000000e+01 5.42269338e+00
 6.97000000e+02 1.50000000e+01 5.51844729e+00
 6.98000000e+02 1.50000000e+01 5.61867490e+00
 6.99000000e+02 1.50000000e+01 5.72324095e+00
 7.00000000e+02 1.50000000e+01 5.83201015e+00
 7.01000000e+02 1.50000000e+01 5.94484725e+00
 7.02000000e+02 1.50000000e+01 6.06161697e+00
 7.03000000e+02 1.50000000e+01 6.18218403e+00
 7.04000000e+02 1.50000000e+01 6.30641318e+00
 7.05000000e+02 1.50000000e+01 6.43416914e+00
 7.06000000e+02 1.50000000e+01 6.56531663e+00
 7.07000000e+02 1.50000000e+01 6.69972039e+00
 7.08000000e+02 1.50000000e+01 6.83724515e+00
 7.09000000e+02 1.50000000e+01 6.97775564e+00
 7.10000000e+02 1.50000000e+01 7.12111658e+00
 7.11000000e+02 1.50000000e+01 7.26719271e+00
 7.12000000e+02 1.50000000e+01 7.41584875e+00
 7.13000000e+02 1.50000000e+01 7.56694944e+00
 7.14000000e+02 1.50000000e+01 7.72035950e+00
 7.15000000e+02 1.50000000e+01 7.87594366e+00
 7.16000000e+02 1.50000000e+01 8.03356666e+00
 7.17000000e+02 1.50000000e+01 8.19309322e+00
 7.18000000e+02 1.50000000e+01 8.35438807e+00
 7.19000000e+02 1.50000000e+01 8.51731595e+00
 7.20000000e+02 1.50000000e+01 8.68174157e+00
 7.21000000e+02 1.50000000e+01 8.84752967e+00
 7.22000000e+02 1.50000000e+01 9.01454499e+00
 7.23000000e+02 1.50000000e+01 9.18265224e+00
 7.24000000e+02 1.50000000e+01 9.35171616e+00
 7.25000000e+02 1.50000000e+01 9.52160148e+00
 7.26000000e+02 1.50000000e+01 9.69217293e+00
 7.27000000e+02 1.50000000e+01 9.88292169e+00
 7.28000000e+02 1.50000000e+01 1.00545086e+01
 7.29000000e+02 1.50000000e+01 1.02266713e+01
 7.30000000e+02 1.50000000e+01 1.03995703e+01
 7.31000000e+02 1.50000000e+01 1.05733658e+01
 7.32000000e+02 1.50000000e+01 1.07482182e+01
 7.33000000e+02 1.50000000e+01 1.09242877e+01
 7.34000000e+02 1.50000000e+01 1.11017346e+01
 7.35000000e+02 1.50000000e+01 1.12807194e+01
 7.36000000e+02 1.50000000e+01 1.14614022e+01
 7.37000000e+02 1.50000000e+01 1.16439435e+01
 7.38000000e+02 1.50000000e+01 1.18285034e+01
 7.39000000e+02 1.50000000e+01 1.20152424e+01
 7.40000000e+02 1.50000000e+01 1.22043207e+01
 7.41000000e+02 1.50000000e+01 1.23958987e+01
 7.42000000e+02 1.50000000e+01 1.25901367e+01
 7.43000000e+02 1.50000000e+01 1.27871950e+01
 7.44000000e+02 1.50000000e+01 1.29872338e+01
 7.45000000e+02 1.50000000e+01 1.31904136e+01
 7.46000000e+02 1.50000000e+01 1.33968946e+01
 7.47000000e+02 1.50000000e+01 1.36068371e+01
 7.48000000e+02 1.50000000e+01 1.38204015e+01
 7.49000000e+02 1.50000000e+01 1.40377480e+01
 7.50000000e+02 1.50000000e+01 1.42590370e+01
 7.51000000e+02 1.50000000e+01 1.44844288e+01
 7.52000000e+02 1.50000000e+01 1.47140838e+01
 7.53000000e+02 1.50000000e+01 1.49481621e+01
 7.54000000e+02 1.50000000e+01 1.51868241e+01
 7.55000000e+02 1.50000000e+01 1.54302302e+01
 7.56000000e+02 1.50000000e+01 1.56785407e+01
 7.57000000e+02 1.50000000e+01 1.59319158e+01
 7.58000000e+02 1.50000000e+01 1.61905160e+01
 7.59000000e+02 1.50000000e+01 1.64545014e+01
 7.60000000e+02 1.50000000e+01 1.67240324e+01
 7.61000000e+02 1.50000000e+01 1.69992693e+01
 7.62000000e+02 1.50000000e+01 1.72803725e+01
 7.63000000e+02 1.50000000e+01 1.75675022e+01
 7.64000000e+02 1.50000000e+01 1.78608188e+01
