 1.00000000e+00 2.00000000e+00 4.49749789e+01
 2.00000000e+00 2.00000000e+00 4.54308992e+01
 3.00000000e+00 2.00000000e+00 4.58582847e+01
 4.00000000e+00 2.00000000e+00 4.62579238e+01
 5.00000000e+00 2.00000000e+00 4.66306052e+01
 6.00000000e+00 2.00000000e+00 4.69771177e+01
 7.00000000e+00 2.00000000e+00 4.72982498e+01
 8.00000000e+00 2.00000000e+00 4.75947902e+01
 9.00000000e+00 2.00000000e+00 4.78675275e+01
 1.00000000e+01 2.00000000e+00 4.81172505e+01
 1.10000000e+01 2.00000000e+00 4.83447477e+01
 1.20000000e+01 2.00000000e+00 4.85508079e+01
 1.30000000e+01 2.00000000e+00 4.87362196e+01
 1.40000000e+01 2.00000000e+00 4.89017716e+01
 1.50000000e+01 2.00000000e+00 4.90482524e+01
 1.60000000e+01 2.00000000e+00 4.91764508e+01
 1.70000000e+01 2.00000000e+00 4.92871553e+01
 1.80000000e+01 2.00000000e+00 4.93811547e+01
 1.90000000e+01 2.00000000e+00 4.94592376e+01
 2.00000000e+01 2.00000000e+00 4.95221926e+01
 2.10000000e+01 2.00000000e+00 4.95708084e+01
 2.20000000e+01 2.00000000e+00 4.96058737e+01
 2.30000000e+01 2.00000000e+00 4.96281771e+01
 2.40000000e+01 2.00000000e+00 4.96385072e+01
 2.50000000e+01 2.00000000e+00 4.96376528e+01
 2.60000000e+01 2.00000000e+00 4.96264024e+01
 2.70000000e+01 2.00000000e+00 4.96055448e+01
 2.80000000e+01 2.00000000e+00 4.95758685e+01
 2.90000000e+01 2.00000000e+00 4.95381622e+01
 3.00000000e+01 2.00000000e+00 4.94932147e+01
 3.10000000e+01 2.00000000e+00 4.94418144e+01
 3.20000000e+01 2.00000000e+00 4.93847502e+01
 3.30000000e+01 2.00000000e+00 4.93228106e+01
 3.40000000e+01 2.00000000e+00 4.92567843e+01
 3.50000000e+01 2.00000000e+00 4.91874599e+01
 3.60000000e+01 2.00000000e+00 4.91156262e+01
 3.70000000e+01 2.00000000e+00 4.90420717e+01
 3.80000000e+01 2.00000000e+00 4.89675851e+01
 3.90000000e+01 2.00000000e+00 4.88929551e+01
 4.00000000e+01 2.00000000e+00 4.88189702e+01
 4.10000000e+01 2.00000000e+00 4.87464193e+01
 4.20000000e+01 2.00000000e+00 4.86760909e+01
 4.30000000e+01 2.00000000e+00 4.86087737e+01
 4.40000000e+01 2.00000000e+00 4.85452563e+01
 4.50000000e+01 2.00000000e+00 4.84863273e+01
 4.60000000e+01 2.00000000e+00 4.84327756e+01
 4.70000000e+01 2.00000000e+00 4.83853896e+01
 4.80000000e+01 2.00000000e+00 4.83449580e+01
 4.90000000e+01 2.00000000e+00 4.83122696e+01
 5.00000000e+01 2.00000000e+00 4.82881129e+01
 5.10000000e+01 2.00000000e+00 4.85095811e+01
 5.20000000e+01 2.00000000e+00 4.85040563e+01
 5.30000000e+01 2.00000000e+00 4.85075745e+01
 5.40000000e+01 2.00000000e+00 4.85197956e+01
 5.50000000e+01 2.00000000e+00 4.85403794e+01
 5.60000000e+01 2.00000000e+00 4.85689855e+01
 5.70000000e+01 2.00000000e+00 4.86052738e+01
 5.80000000e+01 2.00000000e+00 4.86489040e+01
 5.90000000e+01 2.00000000e+00 4.86995359e+01
 6.00000000e+01 2.00000000e+00 4.87568293e+01
 6.10000000e+01 2.00000000e+00 4.88204438e+01
 6.20000000e+01 2.00000000e+00 4.88900394e+01
 6.30000000e+01 2.00000000e+00 4.89652756e+01
 6.40000000e+01 2.00000000e+00 4.90458124e+01
 6.50000000e+01 2.00000000e+00 4.91313094e+01
 6.60000000e+01 2.00000000e+00 4.92214265e+01
 6.70000000e+01 2.00000000e+00 4.93158234e+01
 6.80000000e+01 2.00000000e+00 4.94141598e+01
 6.90000000e+01 2.00000000e+00 4.95160955e+01
 7.00000000e+01 2.00000000e+00 4.96212903e+01
 7.10000000e+01 2.00000000e+00 4.97294040e+01
 7.20000000e+01 2.00000000e+00 4.98400962e+01
 7.30000000e+01 2.00000000e+00 4.99530268e+01
 7.40000000e+01 2.00000000e+00 5.00678556e+01
 7.50000000e+01 2.00000000e+00 5.01842422e+01
 7.60000000e+01 2.00000000e+00 5.03018466e+01
 7.70000000e+01 2.00000000e+00 5.04203283e+01
 7.80000000e+01 2.00000000e+00 5.05393472e+01
 7.90000000e+01 2.00000000e+00 5.06585630e+01
 8.00000000e+01 2.00000000e+00 5.07776356e+01
 8.10000000e+01 2.00000000e+00 5.08962247e+01
 8.20000000e+01 2.00000000e+00 5.10139899e+01
 8.30000000e+01 2.00000000e+00 5.11305912e+01
 8.40000000e+01 2.00000000e+00 5.12456882e+01
 8.50000000e+01 2.00000000e+00 5.13589408e+01
 8.60000000e+01 2.00000000e+00 5.14700087e+01
 8.70000000e+01 2.00000000e+00 5.15785516e+01
 8.80000000e+01 2.00000000e+00 5.16842293e+01
 8.90000000e+01 2.00000000e+00 5.17867016e+01
 9.00000000e+01 2.00000000e+00 5.18856282e+01
 9.10000000e+01 2.00000000e+00 5.19806689e+01
 9.20000000e+01 2.00000000e+00 5.20714835e+01
 9.30000000e+01 2.00000000e+00 5.21577318e+01
 9.40000000e+01 2.00000000e+00 5.22390734e+01
 9.50000000e+01 2.00000000e+00 5.23151682e+01
 9.60000000e+01 2.00000000e+00 5.23856759e+01
 9.70000000e+01 2.00000000e+00 5.24502562e+01
 9.80000000e+01 2.00000000e+00 5.25085691e+01
 9.90000000e+01 2.00000000e+00 5.25602741e+01
 1.00000000e+02 2.00000000e+00 5.26528591e+01
 1.01000000e+02 2.00000000e+00 5.26905572e+01
 1.02000000e+02 2.00000000e+00 5.27214478e+01
 1.03000000e+02 2.00000000e+00 5.27458294e+01
 1.04000000e+02 2.00000000e+00 5.27640002e+01
 1.05000000e+02 2.00000000e+00 5.27762588e+01
 1.06000000e+02 2.00000000e+00 5.27829033e+01
 1.07000000e+02 2.00000000e+00 5.27842323e+01
 1.08000000e+02 2.00000000e+00 5.27805440e+01
 1.09000000e+02 2.00000000e+00 5.27721369e+01
 1.10000000e+02 2.00000000e+00 5.27593093e+01
 1.11000000e+02 2.00000000e+00 5.27423595e+01
 1.12000000e+02 2.00000000e+00 5.27215860e+01
 1.13000000e+02 2.00000000e+00 5.26972871e+01
 1.14000000e+02 2.00000000e+00 5.26697611e+01
 1.15000000e+02 2.00000000e+00 5.26393065e+01
 1.16000000e+02 2.00000000e+00 5.26062216e+01
 1.17000000e+02 2.00000000e+00 5.25708048e+01
 1.18000000e+02 2.00000000e+00 5.25333545e+01
 1.19000000e+02 2.00000000e+00 5.24941689e+01
 1.20000000e+02 2.00000000e+00 5.24535465e+01
 1.21000000e+02 2.00000000e+00 5.24117857e+01
 1.22000000e+02 2.00000000e+00 5.23691848e+01
 1.23000000e+02 2.00000000e+00 5.23260422e+01
 1.24000000e+02 2.00000000e+00 5.22826563e+01
 1.25000000e+02 2.00000000e+00 5.22393253e+01
 1.26000000e+02 2.00000000e+00 5.21963478e+01
 1.27000000e+02 2.00000000e+00 5.21540220e+01
 1.28000000e+02 2.00000000e+00 5.21126463e+01
 1.29000000e+02 2.00000000e+00 5.20725192e+01
 1.30000000e+02 2.00000000e+00 5.20339388e+01
 1.31000000e+02 2.00000000e+00 5.19972038e+01
 1.32000000e+02 2.00000000e+00 5.19626123e+01
 1.33000000e+02 2.00000000e+00 5.19304628e+01
 1.34000000e+02 2.00000000e+00 5.19010536e+01
 1.35000000e+02 2.00000000e+00 5.18746831e+01
 1.36000000e+02 2.00000000e+00 5.18516497e+01
 1.37000000e+02 2.00000000e+00 5.18322517e+01
 1.38000000e+02 2.00000000e+00 5.18167875e+01
 1.39000000e+02 2.00000000e+00 5.18055555e+01
 1.40000000e+02 2.00000000e+00 5.17988541e+01
 1.41000000e+02 2.00000000e+00 5.17969815e+01
 1.42000000e+02 2.00000000e+00 5.18002362e+01
 1.43000000e+02 2.00000000e+00 5.18089166e+01
 1.44000000e+02 2.00000000e+00 5.18233210e+01
 1.45000000e+02 2.00000000e+00 5.18437477e+01
 1.46000000e+02 2.00000000e+00 5.18704952e+01
 1.47000000e+02 2.00000000e+00 5.19038618e+01
 1.48000000e+02 2.00000000e+00 5.19441460e+01
 1.49000000e+02 2.00000000e+00 5.19916459e+01
 1.50000000e+02 2.00000000e+00 5.20682356e+01
 1.51000000e+02 2.00000000e+00 5.21303824e+01
 1.52000000e+02 2.00000000e+00 5.21993992e+01
 1.53000000e+02 2.00000000e+00 5.22749410e+01
 1.54000000e+02 2.00000000e+00 5.23566628e+01
 1.55000000e+02 2.00000000e+00 5.24442195e+01
 1.56000000e+02 2.00000000e+00 5.25372660e+01
 1.57000000e+02 2.00000000e+00 5.26354574e+01
 1.58000000e+02 2.00000000e+00 5.27384485e+01
 1.59000000e+02 2.00000000e+00 5.28458943e+01
 1.60000000e+02 2.00000000e+00 5.29574498e+01
 1.61000000e+02 2.00000000e+00 5.30727698e+01
 1.62000000e+02 2.00000000e+00 5.31915094e+01
 1.63000000e+02 2.00000000e+00 5.33133235e+01
 1.64000000e+02 2.00000000e+00 5.34378670e+01
 1.65000000e+02 2.00000000e+00 5.35647948e+01
 1.66000000e+02 2.00000000e+00 5.36937621e+01
 1.67000000e+02 2.00000000e+00 5.38244235e+01
 1.68000000e+02 2.00000000e+00 5.39564342e+01
 1.69000000e+02 2.00000000e+00 5.40894491e+01
 1.70000000e+02 2.00000000e+00 5.42231231e+01
 1.71000000e+02 2.00000000e+00 5.43571111e+01
 1.72000000e+02 2.00000000e+00 5.44910682e+01
 1.73000000e+02 2.00000000e+00 5.46246492e+01
 1.74000000e+02 2.00000000e+00 5.47575091e+01
 1.75000000e+02 2.00000000e+00 5.48893028e+01
 1.76000000e+02 2.00000000e+00 5.50196854e+01
 1.77000000e+02 2.00000000e+00 5.51483117e+01
 1.78000000e+02 2.00000000e+00 5.52748367e+01
 1.79000000e+02 2.00000000e+00 5.53989153e+01
 1.80000000e+02 2.00000000e+00 5.55202025e+01
 1.81000000e+02 2.00000000e+00 5.56383532e+01
 1.82000000e+02 2.00000000e+00 5.57530224e+01
 1.83000000e+02 2.00000000e+00 5.58638650e+01
 1.84000000e+02 2.00000000e+00 5.59705360e+01
 1.85000000e+02 2.00000000e+00 5.60726903e+01
 1.86000000e+02 2.00000000e+00 5.61699828e+01
 1.87000000e+02 2.00000000e+00 5.62620686e+01
 1.88000000e+02 2.00000000e+00 5.63486025e+01
 1.89000000e+02 2.00000000e+00 5.64292395e+01
 1.90000000e+02 2.00000000e+00 5.65036346e+01
 1.91000000e+02 2.00000000e+00 5.65714427e+01
 1.92000000e+02 2.00000000e+00 5.66323187e+01
 1.93000000e+02 2.00000000e+00 5.66859176e+01
 1.94000000e+02 2.00000000e+00 5.67318943e+01
 1.95000000e+02 2.00000000e+00 5.67699038e+01
 1.96000000e+02 2.00000000e+00 5.67996011e+01
 1.97000000e+02 2.00000000e+00 5.68206410e+01
 1.98000000e+02 2.00000000e+00 5.68326785e+01
 1.99000000e+02 2.00000000e+00 5.69557156e+01
 2.00000000e+02 2.00000000e+00 5.69491500e+01
 2.01000000e+02 2.00000000e+00 5.69336731e+01
 2.02000000e+02 2.00000000e+00 5.69096568e+01
 2.03000000e+02 2.00000000e+00 5.68774727e+01
 2.04000000e+02 2.00000000e+00 5.68374924e+01
 2.05000000e+02 2.00000000e+00 5.67900877e+01
 2.06000000e+02 2.00000000e+00 5.67356303e+01
 2.07000000e+02 2.00000000e+00 5.66744919e+01
 2.08000000e+02 2.00000000e+00 5.66070442e+01
 2.09000000e+02 2.00000000e+00 5.65336588e+01
 2.10000000e+02 2.00000000e+00 5.64547075e+01
 2.11000000e+02 2.00000000e+00 5.63705620e+01
 2.12000000e+02 2.00000000e+00 5.62815940e+01
 2.13000000e+02 2.00000000e+00 5.61881751e+01
 2.14000000e+02 2.00000000e+00 5.60906771e+01
 2.15000000e+02 2.00000000e+00 5.59894717e+01
 2.16000000e+02 2.00000000e+00 5.58849305e+01
 2.17000000e+02 2.00000000e+00 5.57774253e+01
 2.18000000e+02 2.00000000e+00 5.56673278e+01
 2.19000000e+02 2.00000000e+00 5.55550096e+01
 2.20000000e+02 2.00000000e+00 5.54408425e+01
 2.21000000e+02 2.00000000e+00 5.53251982e+01
 2.22000000e+02 2.00000000e+00 5.52084483e+01
 2.23000000e+02 2.00000000e+00 5.50909646e+01
 2.24000000e+02 2.00000000e+00 5.49731187e+01
 2.25000000e+02 2.00000000e+00 5.48552824e+01
 2.26000000e+02 2.00000000e+00 5.47378274e+01
 2.27000000e+02 2.00000000e+00 5.46211253e+01
 2.28000000e+02 2.00000000e+00 5.45055479e+01
 2.29000000e+02 2.00000000e+00 5.43914668e+01
 2.30000000e+02 2.00000000e+00 5.42792537e+01
 2.31000000e+02 2.00000000e+00 5.41692804e+01
 2.32000000e+02 2.00000000e+00 5.40619186e+01
 2.33000000e+02 2.00000000e+00 5.39575399e+01
 2.34000000e+02 2.00000000e+00 5.38565160e+01
 2.35000000e+02 2.00000000e+00 5.37592187e+01
 2.36000000e+02 2.00000000e+00 5.36660196e+01
 2.37000000e+02 2.00000000e+00 5.35772905e+01
 2.38000000e+02 2.00000000e+00 5.34934030e+01
 2.39000000e+02 2.00000000e+00 5.34147288e+01
 2.40000000e+02 2.00000000e+00 5.33416397e+01
 2.41000000e+02 2.00000000e+00 5.32745073e+01
 2.42000000e+02 2.00000000e+00 5.32137034e+01
 2.43000000e+02 2.00000000e+00 5.31595996e+01
 2.44000000e+02 2.00000000e+00 5.31125676e+01
 2.45000000e+02 2.00000000e+00 5.30729791e+01
 2.46000000e+02 2.00000000e+00 5.30412059e+01
 2.47000000e+02 2.00000000e+00 5.30176196e+01
 2.48000000e+02 2.00000000e+00 5.31669182e+01
 2.49000000e+02 2.00000000e+00 5.31606179e+01
 2.50000000e+02 2.00000000e+00 5.31628058e+01
 2.51000000e+02 2.00000000e+00 5.31731836e+01
 2.52000000e+02 2.00000000e+00 5.31914528e+01
 2.53000000e+02 2.00000000e+00 5.32173149e+01
 2.54000000e+02 2.00000000e+00 5.32504715e+01
 2.55000000e+02 2.00000000e+00 5.32906242e+01
 2.56000000e+02 2.00000000e+00 5.33374745e+01
 2.57000000e+02 2.00000000e+00 5.33907241e+01
 2.58000000e+02 2.00000000e+00 5.34500743e+01
 2.59000000e+02 2.00000000e+00 5.35152269e+01
 2.60000000e+02 2.00000000e+00 5.35858833e+01
 2.61000000e+02 2.00000000e+00 5.36617451e+01
 2.62000000e+02 2.00000000e+00 5.37425139e+01
 2.63000000e+02 2.00000000e+00 5.38278912e+01
 2.64000000e+02 2.00000000e+00 5.39175786e+01
 2.65000000e+02 2.00000000e+00 5.40112776e+01
 2.66000000e+02 2.00000000e+00 5.41086899e+01
 2.67000000e+02 2.00000000e+00 5.42095169e+01
 2.68000000e+02 2.00000000e+00 5.43134602e+01
 2.69000000e+02 2.00000000e+00 5.44202214e+01
 2.70000000e+02 2.00000000e+00 5.45295020e+01
 2.71000000e+02 2.00000000e+00 5.46410036e+01
 2.72000000e+02 2.00000000e+00 5.47544277e+01
 2.73000000e+02 2.00000000e+00 5.48694760e+01
 2.74000000e+02 2.00000000e+00 5.49858499e+01
 2.75000000e+02 2.00000000e+00 5.51032510e+01
 2.76000000e+02 2.00000000e+00 5.52213809e+01
 2.77000000e+02 2.00000000e+00 5.53399412e+01
 2.78000000e+02 2.00000000e+00 5.54586333e+01
 2.79000000e+02 2.00000000e+00 5.55771589e+01
 2.80000000e+02 2.00000000e+00 5.56952195e+01
 2.81000000e+02 2.00000000e+00 5.58125166e+01
 2.82000000e+02 2.00000000e+00 5.59287519e+01
 2.83000000e+02 2.00000000e+00 5.60436268e+01
 2.84000000e+02 2.00000000e+00 5.61568430e+01
 2.85000000e+02 2.00000000e+00 5.62681019e+01
 2.86000000e+02 2.00000000e+00 5.63771053e+01
 2.87000000e+02 2.00000000e+00 5.64835545e+01
 2.88000000e+02 2.00000000e+00 5.65871512e+01
 2.89000000e+02 2.00000000e+00 5.66875969e+01
 2.90000000e+02 2.00000000e+00 5.67845932e+01
 2.91000000e+02 2.00000000e+00 5.68778416e+01
 2.92000000e+02 2.00000000e+00 5.69670437e+01
 2.93000000e+02 2.00000000e+00 5.70519011e+01
 2.94000000e+02 2.00000000e+00 5.71321153e+01
 2.95000000e+02 2.00000000e+00 5.72073878e+01
 2.96000000e+02 2.00000000e+00 5.72774203e+01
 2.97000000e+02 2.00000000e+00 5.73419143e+01
 2.98000000e+02 2.00000000e+00 5.71409549e+01
 2.99000000e+02 2.00000000e+00 5.71939861e+01
 3.00000000e+02 2.00000000e+00 5.72415712e+01
 3.01000000e+02 2.00000000e+00 5.72839437e+01
 3.02000000e+02 2.00000000e+00 5.73213370e+01
 3.03000000e+02 2.00000000e+00 5.73539845e+01
 3.04000000e+02 2.00000000e+00 5.73821197e+01
 3.05000000e+02 2.00000000e+00 5.74059760e+01
 3.06000000e+02 2.00000000e+00 5.74257869e+01
 3.07000000e+02 2.00000000e+00 5.74417858e+01
 3.08000000e+02 2.00000000e+00 5.74542061e+01
 3.09000000e+02 2.00000000e+00 5.74632813e+01
 3.10000000e+02 2.00000000e+00 5.74692448e+01
 3.11000000e+02 2.00000000e+00 5.74723301e+01
 3.12000000e+02 2.00000000e+00 5.74727705e+01
 3.13000000e+02 2.00000000e+00 5.74707996e+01
 3.14000000e+02 2.00000000e+00 5.74666507e+01
 3.15000000e+02 2.00000000e+00 5.74605573e+01
 3.16000000e+02 2.00000000e+00 5.74527528e+01
 3.17000000e+02 2.00000000e+00 5.74434707e+01
 3.18000000e+02 2.00000000e+00 5.74329445e+01
 3.19000000e+02 2.00000000e+00 5.74214074e+01
 3.20000000e+02 2.00000000e+00 5.74090931e+01
 3.21000000e+02 2.00000000e+00 5.73962349e+01
 3.22000000e+02 2.00000000e+00 5.73830662e+01
 3.23000000e+02 2.00000000e+00 5.73698205e+01
 3.24000000e+02 2.00000000e+00 5.73567313e+01
 3.25000000e+02 2.00000000e+00 5.73440320e+01
 3.26000000e+02 2.00000000e+00 5.73319559e+01
 3.27000000e+02 2.00000000e+00 5.73207366e+01
 3.28000000e+02 2.00000000e+00 5.73106075e+01
 3.29000000e+02 2.00000000e+00 5.73018020e+01
 3.30000000e+02 2.00000000e+00 5.72945536e+01
 3.31000000e+02 2.00000000e+00 5.72890957e+01
 3.32000000e+02 2.00000000e+00 5.72856617e+01
 3.33000000e+02 2.00000000e+00 5.72844851e+01
 3.34000000e+02 2.00000000e+00 5.72857993e+01
 3.35000000e+02 2.00000000e+00 5.72898377e+01
 3.36000000e+02 2.00000000e+00 5.72968338e+01
 3.37000000e+02 2.00000000e+00 5.73070211e+01
 3.38000000e+02 2.00000000e+00 5.73206329e+01
 3.39000000e+02 2.00000000e+00 5.73379027e+01
 3.40000000e+02 2.00000000e+00 5.73590640e+01
 3.41000000e+02 2.00000000e+00 5.73843501e+01
 3.42000000e+02 2.00000000e+00 5.74139946e+01
 3.43000000e+02 2.00000000e+00 5.74482308e+01
 3.44000000e+02 2.00000000e+00 5.74872922e+01
 3.45000000e+02 2.00000000e+00 5.75314122e+01
 3.46000000e+02 2.00000000e+00 5.75808243e+01
 3.47000000e+02 2.00000000e+00 5.81051257e+01
 3.48000000e+02 2.00000000e+00 5.81656422e+01
 3.49000000e+02 2.00000000e+00 5.82316418e+01
 3.50000000e+02 2.00000000e+00 5.83030183e+01
 3.51000000e+02 2.00000000e+00 5.83796657e+01
 3.52000000e+02 2.00000000e+00 5.84614778e+01
 3.53000000e+02 2.00000000e+00 5.85483486e+01
 3.54000000e+02 2.00000000e+00 5.86401718e+01
 3.55000000e+02 2.00000000e+00 5.87368415e+01
 3.56000000e+02 2.00000000e+00 5.88382515e+01
 3.57000000e+02 2.00000000e+00 5.89442957e+01
 3.58000000e+02 2.00000000e+00 5.90548680e+01
 3.59000000e+02 2.00000000e+00 5.91698623e+01
 3.60000000e+02 2.00000000e+00 5.92891724e+01
 3.61000000e+02 2.00000000e+00 5.94126924e+01
 3.62000000e+02 2.00000000e+00 5.95403160e+01
 3.63000000e+02 2.00000000e+00 5.96719371e+01
 3.64000000e+02 2.00000000e+00 5.98074497e+01
 3.65000000e+02 2.00000000e+00 5.99467477e+01
 3.66000000e+02 2.00000000e+00 6.00897249e+01
 3.67000000e+02 2.00000000e+00 6.02362752e+01
 3.68000000e+02 2.00000000e+00 6.03862926e+01
 3.69000000e+02 2.00000000e+00 6.05396708e+01
 3.70000000e+02 2.00000000e+00 6.06963039e+01
 3.71000000e+02 2.00000000e+00 6.08560857e+01
 3.72000000e+02 2.00000000e+00 6.10189101e+01
 3.73000000e+02 2.00000000e+00 6.11846710e+01
 3.74000000e+02 2.00000000e+00 6.13532623e+01
 3.75000000e+02 2.00000000e+00 6.15245778e+01
 3.76000000e+02 2.00000000e+00 6.16985116e+01
 3.77000000e+02 2.00000000e+00 6.18749573e+01
 3.78000000e+02 2.00000000e+00 6.20538091e+01
 3.79000000e+02 2.00000000e+00 6.22349607e+01
 3.80000000e+02 2.00000000e+00 6.24183060e+01
 3.81000000e+02 2.00000000e+00 6.26037390e+01
 3.82000000e+02 2.00000000e+00 6.27911535e+01
 3.83000000e+02 2.00000000e+00 6.29804434e+01
 3.84000000e+02 2.00000000e+00 6.31715026e+01
 3.85000000e+02 2.00000000e+00 6.33642251e+01
 3.86000000e+02 2.00000000e+00 6.35585046e+01
 3.87000000e+02 2.00000000e+00 6.37542352e+01
 3.88000000e+02 2.00000000e+00 6.39513106e+01
 3.89000000e+02 2.00000000e+00 6.41496248e+01
 3.90000000e+02 2.00000000e+00 6.43490717e+01
 3.91000000e+02 2.00000000e+00 6.45495452e+01
 3.92000000e+02 2.00000000e+00 6.47509391e+01
 3.93000000e+02 2.00000000e+00 6.49531474e+01
 3.94000000e+02 2.00000000e+00 6.51560639e+01
 3.95000000e+02 2.00000000e+00 6.53595826e+01
 3.96000000e+02 2.00000000e+00 6.49491827e+01
 3.97000000e+02 2.00000000e+00 6.51536066e+01
 3.98000000e+02 2.00000000e+00 6.53583680e+01
 3.99000000e+02 2.00000000e+00 6.55634076e+01
 4.00000000e+02 2.00000000e+00 6.57686661e+01
 4.01000000e+02 2.00000000e+00 6.59740844e+01
 4.02000000e+02 2.00000000e+00 6.61796032e+01
 4.03000000e+02 2.00000000e+00 6.63851633e+01
 4.04000000e+02 2.00000000e+00 6.65907055e+01
 4.05000000e+02 2.00000000e+00 6.67961706e+01
 4.06000000e+02 2.00000000e+00 6.70014993e+01
 4.07000000e+02 2.00000000e+00 6.72066325e+01
 4.08000000e+02 2.00000000e+00 6.74115109e+01
 4.09000000e+02 2.00000000e+00 6.76160753e+01
 4.10000000e+02 2.00000000e+00 6.78202664e+01
 4.11000000e+02 2.00000000e+00 6.80240251e+01
 4.12000000e+02 2.00000000e+00 6.82272921e+01
 4.13000000e+02 2.00000000e+00 6.84300083e+01
 4.14000000e+02 2.00000000e+00 6.86321143e+01
 4.15000000e+02 2.00000000e+00 6.88335511e+01
 4.16000000e+02 2.00000000e+00 6.90342593e+01
 4.17000000e+02 2.00000000e+00 6.92341797e+01
 4.18000000e+02 2.00000000e+00 6.94332531e+01
 4.19000000e+02 2.00000000e+00 6.96314204e+01
 4.20000000e+02 2.00000000e+00 6.98286222e+01
 4.21000000e+02 2.00000000e+00 7.00247994e+01
 4.22000000e+02 2.00000000e+00 7.02198927e+01
 4.23000000e+02 2.00000000e+00 7.04138430e+01
 4.24000000e+02 2.00000000e+00 7.06065909e+01
 4.25000000e+02 2.00000000e+00 7.07980774e+01
 4.26000000e+02 2.00000000e+00 7.09882431e+01
 4.27000000e+02 2.00000000e+00 7.11770288e+01
 4.28000000e+02 2.00000000e+00 7.13643754e+01
 4.29000000e+02 2.00000000e+00 7.15502236e+01
 4.30000000e+02 2.00000000e+00 7.17345142e+01
 4.31000000e+02 2.00000000e+00 7.19171879e+01
 4.32000000e+02 2.00000000e+00 7.20981856e+01
 4.33000000e+02 2.00000000e+00 7.22774480e+01
 4.34000000e+02 2.00000000e+00 7.24549160e+01
 4.35000000e+02 2.00000000e+00 7.26305302e+01
 4.36000000e+02 2.00000000e+00 7.28042315e+01
 4.37000000e+02 2.00000000e+00 7.29759607e+01
 4.38000000e+02 2.00000000e+00 7.31456585e+01
 4.39000000e+02 2.00000000e+00 7.33132657e+01
 4.40000000e+02 2.00000000e+00 7.34787231e+01
 4.41000000e+02 2.00000000e+00 7.36419714e+01
 4.42000000e+02 2.00000000e+00 7.38029516e+01
 4.43000000e+02 2.00000000e+00 7.39616042e+01
 4.44000000e+02 2.00000000e+00 7.41178702e+01
 4.45000000e+02 2.00000000e+00 7.42716903e+01
 4.46000000e+02 2.00000000e+00 7.43235875e+01
 4.47000000e+02 2.00000000e+00 7.44724578e+01
 4.48000000e+02 2.00000000e+00 7.46189638e+01
 4.49000000e+02 2.00000000e+00 7.47631913e+01
 4.50000000e+02 2.00000000e+00 7.49052261e+01
 4.51000000e+02 2.00000000e+00 7.50451543e+01
 4.52000000e+02 2.00000000e+00 7.51830617e+01
 4.53000000e+02 2.00000000e+00 7.53190343e+01
 4.54000000e+02 2.00000000e+00 7.54531579e+01
 4.55000000e+02 2.00000000e+00 7.55855184e+01
 4.56000000e+02 2.00000000e+00 7.57162018e+01
 4.57000000e+02 2.00000000e+00 7.58452939e+01
 4.58000000e+02 2.00000000e+00 7.59728807e+01
 4.59000000e+02 2.00000000e+00 7.60990481e+01
 4.60000000e+02 2.00000000e+00 7.62238819e+01
 4.61000000e+02 2.00000000e+00 7.63474682e+01
 4.62000000e+02 2.00000000e+00 7.64698927e+01
 4.63000000e+02 2.00000000e+00 7.65912415e+01
 4.64000000e+02 2.00000000e+00 7.67116003e+01
 4.65000000e+02 2.00000000e+00 7.68310552e+01
 4.66000000e+02 2.00000000e+00 7.69496920e+01
 4.67000000e+02 2.00000000e+00 7.70675966e+01
 4.68000000e+02 2.00000000e+00 7.71848549e+01
 4.69000000e+02 2.00000000e+00 7.73015529e+01
 4.70000000e+02 2.00000000e+00 7.74177765e+01
 4.71000000e+02 2.00000000e+00 7.75336115e+01
 4.72000000e+02 2.00000000e+00 7.76491439e+01
 4.73000000e+02 2.00000000e+00 7.77644595e+01
 4.74000000e+02 2.00000000e+00 7.78796444e+01
 4.75000000e+02 2.00000000e+00 7.79947843e+01
 4.76000000e+02 2.00000000e+00 7.81099652e+01
 4.77000000e+02 2.00000000e+00 7.82252730e+01
 4.78000000e+02 2.00000000e+00 7.83407936e+01
 4.79000000e+02 2.00000000e+00 7.84566130e+01
 4.80000000e+02 2.00000000e+00 7.85728169e+01
 4.81000000e+02 2.00000000e+00 7.86894914e+01
 4.82000000e+02 2.00000000e+00 7.88067223e+01
 4.83000000e+02 2.00000000e+00 7.89245956e+01
 4.84000000e+02 2.00000000e+00 7.90431971e+01
 4.85000000e+02 2.00000000e+00 7.91626128e+01
 4.86000000e+02 2.00000000e+00 7.92829286e+01
 4.87000000e+02 2.00000000e+00 7.94042303e+01
 4.88000000e+02 2.00000000e+00 7.95266039e+01
 4.89000000e+02 2.00000000e+00 7.96501353e+01
 4.90000000e+02 2.00000000e+00 7.97749103e+01
 4.91000000e+02 2.00000000e+00 7.99010150e+01
 4.92000000e+02 2.00000000e+00 8.00285352e+01
 4.93000000e+02 2.00000000e+00 8.01575568e+01
 4.94000000e+02 2.00000000e+00 8.02881657e+01
 4.95000000e+02 2.00000000e+00 8.09845004e+01
 4.96000000e+02 2.00000000e+00 8.11184794e+01
 4.97000000e+02 2.00000000e+00 8.12541229e+01
 4.98000000e+02 2.00000000e+00 8.13913906e+01
 4.99000000e+02 2.00000000e+00 8.15302420e+01
 5.00000000e+02 2.00000000e+00 8.16706367e+01
 5.01000000e+02 2.00000000e+00 8.18125341e+01
 5.02000000e+02 2.00000000e+00 8.19558940e+01
 5.03000000e+02 2.00000000e+00 8.21006758e+01
 5.04000000e+02 2.00000000e+00 8.22468392e+01
 5.05000000e+02 2.00000000e+00 8.23943436e+01
 5.06000000e+02 2.00000000e+00 8.25431487e+01
 5.07000000e+02 2.00000000e+00 8.26932140e+01
 5.08000000e+02 2.00000000e+00 8.28444991e+01
 5.09000000e+02 2.00000000e+00 8.29969636e+01
 5.10000000e+02 2.00000000e+00 8.31505670e+01
 5.11000000e+02 2.00000000e+00 8.33052689e+01
 5.12000000e+02 2.00000000e+00 8.34610289e+01
 5.13000000e+02 2.00000000e+00 8.36178065e+01
 5.14000000e+02 2.00000000e+00 8.37755613e+01
 5.15000000e+02 2.00000000e+00 8.39342529e+01
 5.16000000e+02 2.00000000e+00 8.40938408e+01
 5.17000000e+02 2.00000000e+00 8.42542846e+01
 5.18000000e+02 2.00000000e+00 8.44155438e+01
 5.19000000e+02 2.00000000e+00 8.45775781e+01
 5.20000000e+02 2.00000000e+00 8.47403470e+01
 5.21000000e+02 2.00000000e+00 8.49038101e+01
 5.22000000e+02 2.00000000e+00 8.50679269e+01
 5.23000000e+02 2.00000000e+00 8.52326570e+01
 5.24000000e+02 2.00000000e+00 8.53979599e+01
 5.25000000e+02 2.00000000e+00 8.55637953e+01
 5.26000000e+02 2.00000000e+00 8.57301227e+01
 5.27000000e+02 2.00000000e+00 8.58969017e+01
 5.28000000e+02 2.00000000e+00 8.60640918e+01
 5.29000000e+02 2.00000000e+00 8.62316526e+01
 5.30000000e+02 2.00000000e+00 8.63995436e+01
 5.31000000e+02 2.00000000e+00 8.65677245e+01
 5.32000000e+02 2.00000000e+00 8.67361549e+01
 5.33000000e+02 2.00000000e+00 8.69047941e+01
 5.34000000e+02 2.00000000e+00 8.70736020e+01
 5.35000000e+02 2.00000000e+00 8.72425379e+01
 5.36000000e+02 2.00000000e+00 8.74115615e+01
 5.37000000e+02 2.00000000e+00 8.75806323e+01
 5.38000000e+02 2.00000000e+00 8.77497100e+01
 5.39000000e+02 2.00000000e+00 8.79187540e+01
 5.40000000e+02 2.00000000e+00 8.80877240e+01
 5.41000000e+02 2.00000000e+00 8.82565794e+01
 5.42000000e+02 2.00000000e+00 8.84252800e+01
 5.43000000e+02 2.00000000e+00 8.85937851e+01
 5.44000000e+02 2.00000000e+00 8.85301904e+01
 5.45000000e+02 2.00000000e+00 8.86981862e+01
 5.46000000e+02 2.00000000e+00 8.88658514e+01
 5.47000000e+02 2.00000000e+00 8.90331326e+01
 5.48000000e+02 2.00000000e+00 8.91999764e+01
 5.49000000e+02 2.00000000e+00 8.93663293e+01
 5.50000000e+02 2.00000000e+00 8.95321381e+01
 5.51000000e+02 2.00000000e+00 8.96973491e+01
 5.52000000e+02 2.00000000e+00 8.98619091e+01
 5.53000000e+02 2.00000000e+00 9.00257646e+01
 5.54000000e+02 2.00000000e+00 9.01888622e+01
 5.55000000e+02 2.00000000e+00 9.03511484e+01
 5.56000000e+02 2.00000000e+00 9.05125699e+01
 5.57000000e+02 2.00000000e+00 9.06730732e+01
 5.58000000e+02 2.00000000e+00 9.08326049e+01
 5.59000000e+02 2.00000000e+00 9.09911116e+01
 5.60000000e+02 2.00000000e+00 9.11485399e+01
 5.61000000e+02 2.00000000e+00 9.13048364e+01
 5.62000000e+02 2.00000000e+00 9.14599475e+01
 5.63000000e+02 2.00000000e+00 9.16138200e+01
 5.64000000e+02 2.00000000e+00 9.17664005e+01
 5.65000000e+02 2.00000000e+00 9.19176353e+01
 5.66000000e+02 2.00000000e+00 9.20674713e+01
 5.67000000e+02 2.00000000e+00 9.22158549e+01
 5.68000000e+02 2.00000000e+00 9.23627327e+01
 5.69000000e+02 2.00000000e+00 9.25080514e+01
 5.70000000e+02 2.00000000e+00 9.26517574e+01
 5.71000000e+02 2.00000000e+00 9.27937974e+01
 5.72000000e+02 2.00000000e+00 9.29341180e+01
 5.73000000e+02 2.00000000e+00 9.30726657e+01
 5.74000000e+02 2.00000000e+00 9.32093871e+01
 5.75000000e+02 2.00000000e+00 9.33442288e+01
 5.76000000e+02 2.00000000e+00 9.34771374e+01
 5.77000000e+02 2.00000000e+00 9.36080595e+01
 5.78000000e+02 2.00000000e+00 9.37369416e+01
 5.79000000e+02 2.00000000e+00 9.38637303e+01
 5.80000000e+02 2.00000000e+00 9.39883723e+01
 5.81000000e+02 2.00000000e+00 9.41108140e+01
 5.82000000e+02 2.00000000e+00 9.42310021e+01
 5.83000000e+02 2.00000000e+00 9.43488832e+01
 5.84000000e+02 2.00000000e+00 9.44644038e+01
 5.85000000e+02 2.00000000e+00 9.45775105e+01
 5.86000000e+02 2.00000000e+00 9.46881499e+01
 5.87000000e+02 2.00000000e+00 9.47962686e+01
 5.88000000e+02 2.00000000e+00 9.49018132e+01
 5.89000000e+02 2.00000000e+00 9.50047302e+01
 5.90000000e+02 2.00000000e+00 9.51049663e+01
 5.91000000e+02 2.00000000e+00 9.52024679e+01
 5.92000000e+02 2.00000000e+00 9.52971818e+01
 5.93000000e+02 2.00000000e+00 9.53890544e+01
 5.94000000e+02 2.00000000e+00 9.50851044e+01
 5.95000000e+02 2.00000000e+00 9.51713028e+01
 5.96000000e+02 2.00000000e+00 9.52548971e+01
 5.97000000e+02 2.00000000e+00 9.53360656e+01
 5.98000000e+02 2.00000000e+00 9.54149868e+01
 5.99000000e+02 2.00000000e+00 9.54918390e+01
 6.00000000e+02 2.00000000e+00 9.55668006e+01
 6.01000000e+02 2.00000000e+00 9.56400499e+01
 6.02000000e+02 2.00000000e+00 9.57117654e+01
 6.03000000e+02 2.00000000e+00 9.57821255e+01
 6.04000000e+02 2.00000000e+00 9.58513084e+01
 6.05000000e+02 2.00000000e+00 9.59194927e+01
 6.06000000e+02 2.00000000e+00 9.59868566e+01
 6.07000000e+02 2.00000000e+00 9.60535786e+01
 6.08000000e+02 2.00000000e+00 9.61198370e+01
 6.09000000e+02 2.00000000e+00 9.61858101e+01
 6.10000000e+02 2.00000000e+00 9.62516765e+01
 6.11000000e+02 2.00000000e+00 9.63176144e+01
 6.12000000e+02 2.00000000e+00 9.63838023e+01
 6.13000000e+02 2.00000000e+00 9.64504185e+01
 6.14000000e+02 2.00000000e+00 9.65176414e+01
 6.15000000e+02 2.00000000e+00 9.65856493e+01
 6.16000000e+02 2.00000000e+00 9.66546207e+01
 6.17000000e+02 2.00000000e+00 9.67247340e+01
 6.18000000e+02 2.00000000e+00 9.67961674e+01
 6.19000000e+02 2.00000000e+00 9.68690995e+01
 6.20000000e+02 2.00000000e+00 9.69437085e+01
 6.21000000e+02 2.00000000e+00 9.70201728e+01
 6.22000000e+02 2.00000000e+00 9.70986709e+01
 6.23000000e+02 2.00000000e+00 9.71793810e+01
 6.24000000e+02 2.00000000e+00 9.72624817e+01
 6.25000000e+02 2.00000000e+00 9.73481512e+01
 6.26000000e+02 2.00000000e+00 9.74365679e+01
 6.27000000e+02 2.00000000e+00 9.75279103e+01
 6.28000000e+02 2.00000000e+00 9.76223566e+01
 6.29000000e+02 2.00000000e+00 9.77200853e+01
 6.30000000e+02 2.00000000e+00 9.78212748e+01
 6.31000000e+02 2.00000000e+00 9.79261034e+01
 6.32000000e+02 2.00000000e+00 9.80347495e+01
 6.33000000e+02 2.00000000e+00 9.81473915e+01
 6.34000000e+02 2.00000000e+00 9.82642078e+01
 6.35000000e+02 2.00000000e+00 9.83853766e+01
 6.36000000e+02 2.00000000e+00 9.85110766e+01
 6.37000000e+02 2.00000000e+00 9.86414859e+01
 6.38000000e+02 2.00000000e+00 9.87767830e+01
 6.39000000e+02 2.00000000e+00 9.89171462e+01
 6.40000000e+02 2.00000000e+00 9.90627540e+01
 6.41000000e+02 2.00000000e+00 9.92137847e+01
 6.42000000e+02 2.00000000e+00 9.93704167e+01
 6.43000000e+02 2.00000000e+00 1.00207844e+02
 6.44000000e+02 2.00000000e+00 1.00375752e+02
 6.45000000e+02 2.00000000e+00 1.00548299e+02
 6.46000000e+02 2.00000000e+00 1.00724558e+02
 6.47000000e+02 2.00000000e+00 1.00903604e+02
 6.48000000e+02 2.00000000e+00 1.01084511e+02
 6.49000000e+02 2.00000000e+00 1.01266353e+02
 6.50000000e+02 2.00000000e+00 1.01448206e+02
 6.51000000e+02 2.00000000e+00 1.01629142e+02
 6.52000000e+02 2.00000000e+00 1.01808237e+02
 6.53000000e+02 2.00000000e+00 1.01984566e+02
 6.54000000e+02 2.00000000e+00 1.02157201e+02
 6.55000000e+02 2.00000000e+00 1.02325218e+02
 6.56000000e+02 2.00000000e+00 1.02487692e+02
 6.57000000e+02 2.00000000e+00 1.02643695e+02
 6.58000000e+02 2.00000000e+00 1.02792304e+02
 6.59000000e+02 2.00000000e+00 1.02932591e+02
 6.60000000e+02 2.00000000e+00 1.03063632e+02
 6.61000000e+02 2.00000000e+00 1.03184501e+02
 6.62000000e+02 2.00000000e+00 1.03294272e+02
 6.63000000e+02 2.00000000e+00 1.03392019e+02
 6.64000000e+02 2.00000000e+00 1.03476817e+02
 6.65000000e+02 2.00000000e+00 1.03547741e+02
 6.66000000e+02 2.00000000e+00 1.03603864e+02
 6.67000000e+02 2.00000000e+00 1.03644261e+02
 6.68000000e+02 2.00000000e+00 1.03668007e+02
 6.69000000e+02 2.00000000e+00 1.03674175e+02
 6.70000000e+02 2.00000000e+00 1.03661840e+02
 6.71000000e+02 2.00000000e+00 1.03630076e+02
 6.72000000e+02 2.00000000e+00 1.03577958e+02
 6.73000000e+02 2.00000000e+00 1.03504560e+02
 6.74000000e+02 2.00000000e+00 1.03408957e+02
 6.75000000e+02 2.00000000e+00 1.03290223e+02
 6.76000000e+02 2.00000000e+00 1.03147431e+02
 6.77000000e+02 2.00000000e+00 1.02979657e+02
 6.78000000e+02 2.00000000e+00 1.02785975e+02
 6.79000000e+02 2.00000000e+00 1.02565460e+02
 6.80000000e+02 2.00000000e+00 1.02317184e+02
 6.81000000e+02 2.00000000e+00 1.02040224e+02
 6.82000000e+02 2.00000000e+00 1.01733653e+02
 6.83000000e+02 2.00000000e+00 1.01396546e+02
 6.84000000e+02 2.00000000e+00 1.01027977e+02
 6.85000000e+02 2.00000000e+00 1.00627020e+02
 6.86000000e+02 2.00000000e+00 1.00192750e+02
 6.87000000e+02 2.00000000e+00 9.97242404e+01
 6.88000000e+02 2.00000000e+00 9.92205666e+01
 6.89000000e+02 2.00000000e+00 9.86808027e+01
 6.90000000e+02 2.00000000e+00 9.81040229e+01
 6.91000000e+02 2.00000000e+00 9.74893016e+01
 6.92000000e+02 2.00000000e+00 9.68357132e+01
