 2.00000000e+00 2.80000000e+01 7.50131282e+00
 3.00000000e+00 2.80000000e+01 7.58866400e+00
 4.00000000e+00 2.80000000e+01 7.66941693e+00
 5.00000000e+00 2.80000000e+01 7.74373504e+00
 6.00000000e+00 2.80000000e+01 7.81178174e+00
 7.00000000e+00 2.80000000e+01 7.87372044e+00
 8.00000000e+00 2.80000000e+01 7.92971455e+00
 9.00000000e+00 2.80000000e+01 7.97992749e+00
 1.00000000e+01 2.80000000e+01 8.02452266e+00
 1.10000000e+01 2.80000000e+01 8.06366349e+00
 1.20000000e+01 2.80000000e+01 8.09751338e+00
 1.30000000e+01 2.80000000e+01 8.12623574e+00
 1.40000000e+01 2.80000000e+01 8.14999400e+00
 1.50000000e+01 2.80000000e+01 8.16895156e+00
 1.60000000e+01 2.80000000e+01 8.18327184e+00
 1.70000000e+01 2.80000000e+01 8.19311824e+00
 1.80000000e+01 2.80000000e+01 8.19865419e+00
 1.90000000e+01 2.80000000e+01 8.20004309e+00
 2.00000000e+01 2.80000000e+01 8.19744836e+00
 2.10000000e+01 2.80000000e+01 8.19103341e+00
 2.20000000e+01 2.80000000e+01 8.18096165e+00
 2.30000000e+01 2.80000000e+01 8.16739650e+00
 2.40000000e+01 2.80000000e+01 8.15050137e+00
 2.50000000e+01 2.80000000e+01 8.13043967e+00
 2.60000000e+01 2.80000000e+01 8.10737482e+00
 2.70000000e+01 2.80000000e+01 8.08147022e+00
 2.80000000e+01 2.80000000e+01 8.05288930e+00
 2.90000000e+01 2.80000000e+01 8.02179546e+00
 3.00000000e+01 2.80000000e+01 7.98835212e+00
 3.10000000e+01 2.80000000e+01 7.95272268e+00
 3.20000000e+01 2.80000000e+01 7.91507057e+00
 3.30000000e+01 2.80000000e+01 7.87555920e+00
 3.40000000e+01 2.80000000e+01 7.83435197e+00
 3.50000000e+01 2.80000000e+01 7.79161230e+00
 3.60000000e+01 2.80000000e+01 7.74750361e+00
 3.70000000e+01 2.80000000e+01 7.70218931e+00
 3.80000000e+01 2.80000000e+01 7.65583281e+00
 3.90000000e+01 2.80000000e+01 7.60859752e+00
 4.00000000e+01 2.80000000e+01 7.56064685e+00
 4.10000000e+01 2.80000000e+01 7.51214423e+00
 4.20000000e+01 2.80000000e+01 7.46325305e+00
 4.30000000e+01 2.80000000e+01 7.41413675e+00
 4.40000000e+01 2.80000000e+01 7.36495872e+00
 4.50000000e+01 2.80000000e+01 7.31588238e+00
 4.60000000e+01 2.80000000e+01 7.26707114e+00
 4.70000000e+01 2.80000000e+01 7.21868842e+00
 4.80000000e+01 2.80000000e+01 7.17089763e+00
 4.90000000e+01 2.80000000e+01 7.12386218e+00
 5.00000000e+01 2.80000000e+01 7.07774549e+00
 5.10000000e+01 2.80000000e+01 7.03271097e+00
 5.20000000e+01 2.80000000e+01 6.98892202e+00
 5.30000000e+01 2.80000000e+01 6.94654207e+00
 5.40000000e+01 2.80000000e+01 6.90573453e+00
 5.50000000e+01 2.80000000e+01 6.86666281e+00
 5.60000000e+01 2.80000000e+01 6.82949032e+00
 5.70000000e+01 2.80000000e+01 6.79438048e+00
 5.80000000e+01 2.80000000e+01 6.76149669e+00
 5.90000000e+01 2.80000000e+01 6.73100238e+00
 6.00000000e+01 2.80000000e+01 6.69557447e+00
 6.10000000e+01 2.80000000e+01 6.67030364e+00
 6.20000000e+01 2.80000000e+01 6.64765535e+00
 6.30000000e+01 2.80000000e+01 6.62753582e+00
 6.40000000e+01 2.80000000e+01 6.60985129e+00
 6.50000000e+01 2.80000000e+01 6.59450800e+00
 6.60000000e+01 2.80000000e+01 6.58141217e+00
 6.70000000e+01 2.80000000e+01 6.57047004e+00
 6.80000000e+01 2.80000000e+01 6.56158785e+00
 6.90000000e+01 2.80000000e+01 6.55467182e+00
 7.00000000e+01 2.80000000e+01 6.54962820e+00
 7.10000000e+01 2.80000000e+01 6.54636322e+00
 7.20000000e+01 2.80000000e+01 6.54478310e+00
 7.30000000e+01 2.80000000e+01 6.54479409e+00
 7.40000000e+01 2.80000000e+01 6.54630242e+00
 7.50000000e+01 2.80000000e+01 6.54921432e+00
 7.60000000e+01 2.80000000e+01 6.55343603e+00
 7.70000000e+01 2.80000000e+01 6.55887377e+00
 7.80000000e+01 2.80000000e+01 6.56543379e+00
 7.90000000e+01 2.80000000e+01 6.57302232e+00
 8.00000000e+01 2.80000000e+01 6.58154559e+00
 8.10000000e+01 2.80000000e+01 6.59090983e+00
 8.20000000e+01 2.80000000e+01 6.60102128e+00
 8.30000000e+01 2.80000000e+01 6.61178618e+00
 8.40000000e+01 2.80000000e+01 6.62311075e+00
 8.50000000e+01 2.80000000e+01 6.63490123e+00
 8.60000000e+01 2.80000000e+01 6.64706386e+00
 8.70000000e+01 2.80000000e+01 6.65950487e+00
 8.80000000e+01 2.80000000e+01 6.67213049e+00
 8.90000000e+01 2.80000000e+01 6.68484696e+00
 9.00000000e+01 2.80000000e+01 6.69756050e+00
 9.10000000e+01 2.80000000e+01 6.71017736e+00
 9.20000000e+01 2.80000000e+01 6.72260377e+00
 9.30000000e+01 2.80000000e+01 6.73474596e+00
 9.40000000e+01 2.80000000e+01 6.74651017e+00
 9.50000000e+01 2.80000000e+01 6.75780263e+00
 9.60000000e+01 2.80000000e+01 6.76852957e+00
 9.70000000e+01 2.80000000e+01 6.77859723e+00
 9.80000000e+01 2.80000000e+01 6.78791184e+00
 9.90000000e+01 2.80000000e+01 6.79637963e+00
 1.00000000e+02 2.80000000e+01 6.80390684e+00
 1.01000000e+02 2.80000000e+01 6.81039971e+00
 1.02000000e+02 2.80000000e+01 6.81576447e+00
 1.03000000e+02 2.80000000e+01 6.81990734e+00
 1.04000000e+02 2.80000000e+01 6.82273457e+00
 1.05000000e+02 2.80000000e+01 6.82415239e+00
 1.06000000e+02 2.80000000e+01 6.82406703e+00
 1.07000000e+02 2.80000000e+01 6.82238473e+00
 1.08000000e+02 2.80000000e+01 6.81901172e+00
 1.09000000e+02 2.80000000e+01 6.81385423e+00
 1.10000000e+02 2.80000000e+01 6.80681850e+00
 1.11000000e+02 2.80000000e+01 6.79781076e+00
 1.12000000e+02 2.80000000e+01 6.78673725e+00
 1.13000000e+02 2.80000000e+01 6.77350420e+00
 1.14000000e+02 2.80000000e+01 6.75801784e+00
 1.15000000e+02 2.80000000e+01 6.74018441e+00
 1.16000000e+02 2.80000000e+01 6.71991014e+00
 1.17000000e+02 2.80000000e+01 6.69710127e+00
 1.18000000e+02 2.80000000e+01 6.76387398e+00
 1.19000000e+02 2.80000000e+01 6.73575378e+00
 1.20000000e+02 2.80000000e+01 6.70503412e+00
 1.21000000e+02 2.80000000e+01 6.67183767e+00
 1.22000000e+02 2.80000000e+01 6.63628709e+00
 1.23000000e+02 2.80000000e+01 6.59850507e+00
 1.24000000e+02 2.80000000e+01 6.55861428e+00
 1.25000000e+02 2.80000000e+01 6.51673738e+00
 1.26000000e+02 2.80000000e+01 6.47299706e+00
 1.27000000e+02 2.80000000e+01 6.42751598e+00
 1.28000000e+02 2.80000000e+01 6.38041681e+00
 1.29000000e+02 2.80000000e+01 6.33182224e+00
 1.30000000e+02 2.80000000e+01 6.28185493e+00
 1.31000000e+02 2.80000000e+01 6.23063755e+00
 1.32000000e+02 2.80000000e+01 6.17829278e+00
 1.33000000e+02 2.80000000e+01 6.12494329e+00
 1.34000000e+02 2.80000000e+01 6.07071175e+00
 1.35000000e+02 2.80000000e+01 6.01572084e+00
 1.36000000e+02 2.80000000e+01 5.96009322e+00
 1.37000000e+02 2.80000000e+01 5.90395157e+00
 1.38000000e+02 2.80000000e+01 5.84741857e+00
 1.39000000e+02 2.80000000e+01 5.79061688e+00
 1.40000000e+02 2.80000000e+01 5.73366919e+00
 1.41000000e+02 2.80000000e+01 5.67669815e+00
 1.42000000e+02 2.80000000e+01 5.61982644e+00
 1.43000000e+02 2.80000000e+01 5.56317674e+00
 1.44000000e+02 2.80000000e+01 5.50687172e+00
 1.45000000e+02 2.80000000e+01 5.45103406e+00
 1.46000000e+02 2.80000000e+01 5.39578641e+00
 1.47000000e+02 2.80000000e+01 5.34125146e+00
 1.48000000e+02 2.80000000e+01 5.28755189e+00
 1.49000000e+02 2.80000000e+01 5.23481035e+00
 1.50000000e+02 2.80000000e+01 5.18314953e+00
 1.51000000e+02 2.80000000e+01 5.13269209e+00
 1.52000000e+02 2.80000000e+01 5.08356072e+00
 1.53000000e+02 2.80000000e+01 5.03587807e+00
 1.54000000e+02 2.80000000e+01 4.98976683e+00
 1.55000000e+02 2.80000000e+01 4.94534967e+00
 1.56000000e+02 2.80000000e+01 4.90274926e+00
 1.57000000e+02 2.80000000e+01 4.86208828e+00
 1.58000000e+02 2.80000000e+01 4.82348939e+00
 1.59000000e+02 2.80000000e+01 4.78707526e+00
 1.60000000e+02 2.80000000e+01 4.75296858e+00
 1.61000000e+02 2.80000000e+01 4.72129201e+00
 1.62000000e+02 2.80000000e+01 4.69216823e+00
 1.63000000e+02 2.80000000e+01 4.66571990e+00
 1.64000000e+02 2.80000000e+01 4.64206971e+00
 1.65000000e+02 2.80000000e+01 4.62134032e+00
 1.66000000e+02 2.80000000e+01 4.60365441e+00
 1.67000000e+02 2.80000000e+01 4.58913465e+00
 1.68000000e+02 2.80000000e+01 4.57790371e+00
 1.69000000e+02 2.80000000e+01 4.57008426e+00
 1.70000000e+02 2.80000000e+01 4.56579898e+00
 1.71000000e+02 2.80000000e+01 4.56517054e+00
 1.72000000e+02 2.80000000e+01 4.56832161e+00
 1.73000000e+02 2.80000000e+01 4.57537487e+00
 1.74000000e+02 2.80000000e+01 4.58645299e+00
 1.75000000e+02 2.80000000e+01 4.60167863e+00
 1.76000000e+02 2.80000000e+01 4.37680438e+00
 1.77000000e+02 2.80000000e+01 4.40063276e+00
 1.78000000e+02 2.80000000e+01 4.42865177e+00
 1.79000000e+02 2.80000000e+01 4.46065919e+00
 1.80000000e+02 2.80000000e+01 4.49645278e+00
 1.81000000e+02 2.80000000e+01 4.53583032e+00
 1.82000000e+02 2.80000000e+01 4.57858956e+00
 1.83000000e+02 2.80000000e+01 4.62452828e+00
 1.84000000e+02 2.80000000e+01 4.67344423e+00
 1.85000000e+02 2.80000000e+01 4.72513519e+00
 1.86000000e+02 2.80000000e+01 4.77939892e+00
 1.87000000e+02 2.80000000e+01 4.83603319e+00
 1.88000000e+02 2.80000000e+01 4.89483577e+00
 1.89000000e+02 2.80000000e+01 4.95560441e+00
 1.90000000e+02 2.80000000e+01 5.01813688e+00
 1.91000000e+02 2.80000000e+01 5.08223096e+00
 1.92000000e+02 2.80000000e+01 5.14768441e+00
 1.93000000e+02 2.80000000e+01 5.21429499e+00
 1.94000000e+02 2.80000000e+01 5.28186048e+00
 1.95000000e+02 2.80000000e+01 5.35017862e+00
 1.96000000e+02 2.80000000e+01 5.41904721e+00
 1.97000000e+02 2.80000000e+01 5.48826399e+00
 1.98000000e+02 2.80000000e+01 5.55762673e+00
 1.99000000e+02 2.80000000e+01 5.62693321e+00
 2.00000000e+02 2.80000000e+01 5.69598118e+00
 2.01000000e+02 2.80000000e+01 5.76456842e+00
 2.02000000e+02 2.80000000e+01 5.83249268e+00
 2.03000000e+02 2.80000000e+01 5.89955174e+00
 2.04000000e+02 2.80000000e+01 5.96554337e+00
 2.05000000e+02 2.80000000e+01 6.03026532e+00
 2.06000000e+02 2.80000000e+01 6.09351536e+00
 2.07000000e+02 2.80000000e+01 6.15509127e+00
 2.08000000e+02 2.80000000e+01 6.21479080e+00
 2.09000000e+02 2.80000000e+01 6.27241172e+00
 2.10000000e+02 2.80000000e+01 6.32775181e+00
 2.11000000e+02 2.80000000e+01 6.38060881e+00
 2.12000000e+02 2.80000000e+01 6.43078051e+00
 2.13000000e+02 2.80000000e+01 6.47806467e+00
 2.14000000e+02 2.80000000e+01 6.52225905e+00
 2.15000000e+02 2.80000000e+01 6.56316141e+00
 2.16000000e+02 2.80000000e+01 6.60056954e+00
 2.17000000e+02 2.80000000e+01 6.63428118e+00
 2.18000000e+02 2.80000000e+01 6.66409411e+00
 2.19000000e+02 2.80000000e+01 6.68980610e+00
 2.20000000e+02 2.80000000e+01 6.71121490e+00
 2.21000000e+02 2.80000000e+01 6.72811830e+00
 2.22000000e+02 2.80000000e+01 6.74031404e+00
 2.23000000e+02 2.80000000e+01 6.74759990e+00
 2.24000000e+02 2.80000000e+01 6.74977365e+00
 2.25000000e+02 2.80000000e+01 6.74663305e+00
 2.26000000e+02 2.80000000e+01 6.73797586e+00
 2.27000000e+02 2.80000000e+01 6.72359986e+00
 2.28000000e+02 2.80000000e+01 6.70330281e+00
 2.29000000e+02 2.80000000e+01 6.67688247e+00
 2.30000000e+02 2.80000000e+01 6.64413661e+00
 2.31000000e+02 2.80000000e+01 6.60486300e+00
 2.32000000e+02 2.80000000e+01 6.55885940e+00
 2.33000000e+02 2.80000000e+01 6.50592359e+00
 2.34000000e+02 2.80000000e+01 6.84818902e+00
 2.35000000e+02 2.80000000e+01 6.78083852e+00
 2.36000000e+02 2.80000000e+01 6.70621657e+00
 2.37000000e+02 2.80000000e+01 6.62438839e+00
 2.38000000e+02 2.80000000e+01 6.53541921e+00
 2.39000000e+02 2.80000000e+01 6.43937428e+00
 2.40000000e+02 2.80000000e+01 6.33631881e+00
 2.41000000e+02 2.80000000e+01 6.22631804e+00
 2.42000000e+02 2.80000000e+01 6.10943721e+00
 2.43000000e+02 2.80000000e+01 5.98574154e+00
 2.44000000e+02 2.80000000e+01 5.85529626e+00
 2.45000000e+02 2.80000000e+01 5.71816661e+00
 2.46000000e+02 2.80000000e+01 5.57441782e+00
 2.47000000e+02 2.80000000e+01 5.42411512e+00
 2.48000000e+02 2.80000000e+01 5.26732374e+00
 2.49000000e+02 2.80000000e+01 5.10410891e+00
 2.50000000e+02 2.80000000e+01 4.93453587e+00
 2.51000000e+02 2.80000000e+01 4.75866985e+00
 2.52000000e+02 2.80000000e+01 4.57657607e+00
 2.53000000e+02 2.80000000e+01 4.38831977e+00
 2.54000000e+02 2.80000000e+01 4.19396618e+00
 2.55000000e+02 2.80000000e+01 3.99358054e+00
 2.56000000e+02 2.80000000e+01 3.78722807e+00
 2.57000000e+02 2.80000000e+01 3.57497400e+00
 2.58000000e+02 2.80000000e+01 3.35688357e+00
 2.59000000e+02 2.80000000e+01 3.13302201e+00
 2.60000000e+02 2.80000000e+01 2.90345456e+00
 2.61000000e+02 2.80000000e+01 2.66824643e+00
 2.62000000e+02 2.80000000e+01 2.42746286e+00
 2.63000000e+02 2.80000000e+01 2.18116909e+00
 2.64000000e+02 2.80000000e+01 1.92943035e+00
 2.65000000e+02 2.80000000e+01 1.67231187e+00
 2.66000000e+02 2.80000000e+01 1.40987887e+00
 2.67000000e+02 2.80000000e+01 1.14219660e+00
 2.68000000e+02 2.80000000e+01 8.69330279e-01
 2.69000000e+02 2.80000000e+01 5.91345143e-01
 2.70000000e+02 2.80000000e+01 3.08306423e-01
 2.71000000e+02 2.80000000e+01 2.02793497e-02
 2.72000000e+02 2.80000000e+01 -2.72670844e-01
 2.73000000e+02 2.80000000e+01 -5.70478927e-01
 2.74000000e+02 2.80000000e+01 -8.73079668e-01
 2.75000000e+02 2.80000000e+01 -1.18040784e+00
 2.76000000e+02 2.80000000e+01 -1.49239820e+00
 2.77000000e+02 2.80000000e+01 -1.80898552e+00
 2.78000000e+02 2.80000000e+01 -2.13010458e+00
 2.79000000e+02 2.80000000e+01 -2.45569014e+00
 2.80000000e+02 2.80000000e+01 -2.78567696e+00
 2.81000000e+02 2.80000000e+01 -3.11999982e+00
 2.82000000e+02 2.80000000e+01 -3.45859349e+00
 2.83000000e+02 2.80000000e+01 -3.80139273e+00
 2.84000000e+02 2.80000000e+01 -4.14833231e+00
 2.85000000e+02 2.80000000e+01 -4.49934701e+00
 2.86000000e+02 2.80000000e+01 -4.85437158e+00
 2.87000000e+02 2.80000000e+01 -5.21334080e+00
 2.88000000e+02 2.80000000e+01 -5.57618944e+00
 2.89000000e+02 2.80000000e+01 -5.94285226e+00
 2.90000000e+02 2.80000000e+01 -6.31326403e+00
 2.91000000e+02 2.80000000e+01 -6.68735952e+00
 2.92000000e+02 2.80000000e+01 -7.85462298e+00
 2.93000000e+02 2.80000000e+01 -8.23584527e+00
 2.94000000e+02 2.80000000e+01 -8.62029355e+00
 2.95000000e+02 2.80000000e+01 -9.00764058e+00
 2.96000000e+02 2.80000000e+01 -9.39755908e+00
 2.97000000e+02 2.80000000e+01 -9.78972179e+00
 2.98000000e+02 2.80000000e+01 -1.01838015e+01
 2.99000000e+02 2.80000000e+01 -1.05794708e+01
 3.00000000e+02 2.80000000e+01 -1.09764027e+01
 3.01000000e+02 2.80000000e+01 -1.13742696e+01
 3.02000000e+02 2.80000000e+01 -1.17727445e+01
 3.03000000e+02 2.80000000e+01 -1.21715001e+01
 3.04000000e+02 2.80000000e+01 -1.25702091e+01
 3.05000000e+02 2.80000000e+01 -1.29685442e+01
 3.06000000e+02 2.80000000e+01 -1.33661781e+01
 3.07000000e+02 2.80000000e+01 -1.37627837e+01
 3.08000000e+02 2.80000000e+01 -1.41580337e+01
 3.09000000e+02 2.80000000e+01 -1.45516007e+01
 3.10000000e+02 2.80000000e+01 -1.49431576e+01
 3.11000000e+02 2.80000000e+01 -1.53323771e+01
 3.12000000e+02 2.80000000e+01 -1.57189319e+01
 3.13000000e+02 2.80000000e+01 -1.61024947e+01
 3.14000000e+02 2.80000000e+01 -1.64827383e+01
 3.15000000e+02 2.80000000e+01 -1.68593355e+01
 3.16000000e+02 2.80000000e+01 -1.72319589e+01
 3.17000000e+02 2.80000000e+01 -1.76002814e+01
 3.18000000e+02 2.80000000e+01 -1.79639756e+01
 3.19000000e+02 2.80000000e+01 -1.83227143e+01
 3.20000000e+02 2.80000000e+01 -1.86761703e+01
 3.21000000e+02 2.80000000e+01 -1.90240162e+01
 3.22000000e+02 2.80000000e+01 -1.93659249e+01
 3.23000000e+02 2.80000000e+01 -1.97015690e+01
 3.24000000e+02 2.80000000e+01 -2.00306213e+01
 3.25000000e+02 2.80000000e+01 -2.03527545e+01
 3.26000000e+02 2.80000000e+01 -2.06676415e+01
 3.27000000e+02 2.80000000e+01 -2.09749548e+01
 3.28000000e+02 2.80000000e+01 -2.12743673e+01
 3.29000000e+02 2.80000000e+01 -2.15655517e+01
 3.30000000e+02 2.80000000e+01 -2.18481807e+01
 3.31000000e+02 2.80000000e+01 -2.21219271e+01
 3.32000000e+02 2.80000000e+01 -2.23864636e+01
 3.33000000e+02 2.80000000e+01 -2.26414630e+01
 3.34000000e+02 2.80000000e+01 -2.28865980e+01
 3.35000000e+02 2.80000000e+01 -2.31215413e+01
 3.36000000e+02 2.80000000e+01 -2.33459657e+01
 3.37000000e+02 2.80000000e+01 -2.35595439e+01
 3.38000000e+02 2.80000000e+01 -2.37619486e+01
 3.39000000e+02 2.80000000e+01 -2.39528527e+01
 3.40000000e+02 2.80000000e+01 -2.41319288e+01
 3.41000000e+02 2.80000000e+01 -2.42988497e+01
 3.42000000e+02 2.80000000e+01 -2.44532881e+01
 3.43000000e+02 2.80000000e+01 -2.45949167e+01
 3.44000000e+02 2.80000000e+01 -2.47234083e+01
 3.45000000e+02 2.80000000e+01 -2.48384357e+01
 3.46000000e+02 2.80000000e+01 -2.49396716e+01
 3.47000000e+02 2.80000000e+01 -2.50267887e+01
 3.48000000e+02 2.80000000e+01 -2.50994597e+01
 3.49000000e+02 2.80000000e+01 -2.51573574e+01
 3.50000000e+02 2.80000000e+01 -2.52729764e+01
 3.51000000e+02 2.80000000e+01 -2.53004612e+01
 3.52000000e+02 2.80000000e+01 -2.53128113e+01
 3.53000000e+02 2.80000000e+01 -2.53103199e+01
 3.54000000e+02 2.80000000e+01 -2.52932801e+01
 3.55000000e+02 2.80000000e+01 -2.52619852e+01
 3.56000000e+02 2.80000000e+01 -2.52167281e+01
 3.57000000e+02 2.80000000e+01 -2.51578021e+01
 3.58000000e+02 2.80000000e+01 -2.50855004e+01
 3.59000000e+02 2.80000000e+01 -2.50001160e+01
 3.60000000e+02 2.80000000e+01 -2.49019422e+01
 3.61000000e+02 2.80000000e+01 -2.47912720e+01
 3.62000000e+02 2.80000000e+01 -2.46683987e+01
 3.63000000e+02 2.80000000e+01 -2.45336153e+01
 3.64000000e+02 2.80000000e+01 -2.43872151e+01
 3.65000000e+02 2.80000000e+01 -2.42294912e+01
 3.66000000e+02 2.80000000e+01 -2.40607367e+01
 3.67000000e+02 2.80000000e+01 -2.38812448e+01
 3.68000000e+02 2.80000000e+01 -2.36913087e+01
 3.69000000e+02 2.80000000e+01 -2.34912214e+01
 3.70000000e+02 2.80000000e+01 -2.32812762e+01
 3.71000000e+02 2.80000000e+01 -2.30617661e+01
 3.72000000e+02 2.80000000e+01 -2.28329844e+01
 3.73000000e+02 2.80000000e+01 -2.25952242e+01
 3.74000000e+02 2.80000000e+01 -2.23487786e+01
 3.75000000e+02 2.80000000e+01 -2.20939408e+01
 3.76000000e+02 2.80000000e+01 -2.18310039e+01
 3.77000000e+02 2.80000000e+01 -2.15602612e+01
 3.78000000e+02 2.80000000e+01 -2.12820056e+01
 3.79000000e+02 2.80000000e+01 -2.09965305e+01
 3.80000000e+02 2.80000000e+01 -2.07041289e+01
 3.81000000e+02 2.80000000e+01 -2.04050940e+01
 3.82000000e+02 2.80000000e+01 -2.00997190e+01
 3.83000000e+02 2.80000000e+01 -1.97882969e+01
 3.84000000e+02 2.80000000e+01 -1.94711210e+01
 3.85000000e+02 2.80000000e+01 -1.91484844e+01
 3.86000000e+02 2.80000000e+01 -1.88206802e+01
 3.87000000e+02 2.80000000e+01 -1.84880016e+01
 3.88000000e+02 2.80000000e+01 -1.81507418e+01
 3.89000000e+02 2.80000000e+01 -1.78091939e+01
 3.90000000e+02 2.80000000e+01 -1.74636510e+01
 3.91000000e+02 2.80000000e+01 -1.71144063e+01
 3.92000000e+02 2.80000000e+01 -1.67617530e+01
 3.93000000e+02 2.80000000e+01 -1.64059842e+01
 3.94000000e+02 2.80000000e+01 -1.60473930e+01
 3.95000000e+02 2.80000000e+01 -1.56862726e+01
 3.96000000e+02 2.80000000e+01 -1.53229162e+01
 3.97000000e+02 2.80000000e+01 -1.49576168e+01
 3.98000000e+02 2.80000000e+01 -1.45906678e+01
 3.99000000e+02 2.80000000e+01 -1.42223621e+01
 4.00000000e+02 2.80000000e+01 -1.38529930e+01
 4.01000000e+02 2.80000000e+01 -1.34828536e+01
 4.02000000e+02 2.80000000e+01 -1.31122370e+01
 4.03000000e+02 2.80000000e+01 -1.27414365e+01
 4.04000000e+02 2.80000000e+01 -1.23707451e+01
 4.05000000e+02 2.80000000e+01 -1.20004560e+01
 4.06000000e+02 2.80000000e+01 -1.16308624e+01
 4.07000000e+02 2.80000000e+01 -1.12622573e+01
 4.08000000e+02 2.80000000e+01 -9.96455769e+00
 4.09000000e+02 2.80000000e+01 -9.59877215e+00
 4.10000000e+02 2.80000000e+01 -9.23468327e+00
 4.11000000e+02 2.80000000e+01 -8.87241283e+00
 4.12000000e+02 2.80000000e+01 -8.51208258e+00
 4.13000000e+02 2.80000000e+01 -8.15381429e+00
 4.14000000e+02 2.80000000e+01 -7.79772972e+00
 4.15000000e+02 2.80000000e+01 -7.44395062e+00
 4.16000000e+02 2.80000000e+01 -7.09259877e+00
 4.17000000e+02 2.80000000e+01 -6.74379592e+00
 4.18000000e+02 2.80000000e+01 -6.39766383e+00
 4.19000000e+02 2.80000000e+01 -6.05432427e+00
 4.20000000e+02 2.80000000e+01 -5.71389900e+00
 4.21000000e+02 2.80000000e+01 -5.37650977e+00
 4.22000000e+02 2.80000000e+01 -5.04227835e+00
 4.23000000e+02 2.80000000e+01 -4.71132651e+00
 4.24000000e+02 2.80000000e+01 -4.38377600e+00
 4.25000000e+02 2.80000000e+01 -4.05974858e+00
 4.26000000e+02 2.80000000e+01 -3.73936602e+00
 4.27000000e+02 2.80000000e+01 -3.42275008e+00
 4.28000000e+02 2.80000000e+01 -3.11002252e+00
 4.29000000e+02 2.80000000e+01 -2.80130510e+00
 4.30000000e+02 2.80000000e+01 -2.49671958e+00
 4.31000000e+02 2.80000000e+01 -2.19638772e+00
 4.32000000e+02 2.80000000e+01 -1.90043129e+00
 4.33000000e+02 2.80000000e+01 -1.60897205e+00
 4.34000000e+02 2.80000000e+01 -1.32213176e+00
 4.35000000e+02 2.80000000e+01 -1.04003217e+00
 4.36000000e+02 2.80000000e+01 -7.62795063e-01
 4.37000000e+02 2.80000000e+01 -4.90542185e-01
 4.38000000e+02 2.80000000e+01 -2.23395302e-01
 4.39000000e+02 2.80000000e+01 3.85238242e-02
 4.40000000e+02 2.80000000e+01 2.95093432e-01
 4.41000000e+02 2.80000000e+01 5.46191761e-01
 4.42000000e+02 2.80000000e+01 7.91697048e-01
 4.43000000e+02 2.80000000e+01 1.03148753e+00
 4.44000000e+02 2.80000000e+01 1.26544145e+00
 4.45000000e+02 2.80000000e+01 1.49343705e+00
 4.46000000e+02 2.80000000e+01 1.71535256e+00
 4.47000000e+02 2.80000000e+01 1.93106621e+00
 4.48000000e+02 2.80000000e+01 2.14045626e+00
 4.49000000e+02 2.80000000e+01 2.34340094e+00
 4.50000000e+02 2.80000000e+01 2.53977848e+00
 4.51000000e+02 2.80000000e+01 2.72946713e+00
 4.52000000e+02 2.80000000e+01 2.91234512e+00
 4.53000000e+02 2.80000000e+01 3.08829069e+00
 4.54000000e+02 2.80000000e+01 3.25718208e+00
 4.55000000e+02 2.80000000e+01 3.41889753e+00
 4.56000000e+02 2.80000000e+01 3.57331528e+00
 4.57000000e+02 2.80000000e+01 3.72031356e+00
 4.58000000e+02 2.80000000e+01 3.85977062e+00
 4.59000000e+02 2.80000000e+01 3.99156469e+00
 4.60000000e+02 2.80000000e+01 4.11557401e+00
 4.61000000e+02 2.80000000e+01 4.23167682e+00
 4.62000000e+02 2.80000000e+01 4.33975135e+00
 4.63000000e+02 2.80000000e+01 4.43967586e+00
 4.64000000e+02 2.80000000e+01 4.53132856e+00
 4.65000000e+02 2.80000000e+01 4.61458772e+00
 4.66000000e+02 2.80000000e+01 4.17812104e+00
 4.67000000e+02 2.80000000e+01 4.24429624e+00
 4.68000000e+02 2.80000000e+01 4.30206554e+00
 4.69000000e+02 2.80000000e+01 4.35166010e+00
 4.70000000e+02 2.80000000e+01 4.39331111e+00
 4.71000000e+02 2.80000000e+01 4.42724973e+00
 4.72000000e+02 2.80000000e+01 4.45370713e+00
 4.73000000e+02 2.80000000e+01 4.47291450e+00
 4.74000000e+02 2.80000000e+01 4.48510300e+00
 4.75000000e+02 2.80000000e+01 4.49050381e+00
 4.76000000e+02 2.80000000e+01 4.48934811e+00
 4.77000000e+02 2.80000000e+01 4.48186705e+00
 4.78000000e+02 2.80000000e+01 4.46829183e+00
 4.79000000e+02 2.80000000e+01 4.44885360e+00
 4.80000000e+02 2.80000000e+01 4.42378355e+00
 4.81000000e+02 2.80000000e+01 4.39331285e+00
 4.82000000e+02 2.80000000e+01 4.35767267e+00
 4.83000000e+02 2.80000000e+01 4.31709418e+00
 4.84000000e+02 2.80000000e+01 4.27180856e+00
 4.85000000e+02 2.80000000e+01 4.22204699e+00
 4.86000000e+02 2.80000000e+01 4.16804063e+00
 4.87000000e+02 2.80000000e+01 4.11002065e+00
 4.88000000e+02 2.80000000e+01 4.04821824e+00
 4.89000000e+02 2.80000000e+01 3.98286457e+00
 4.90000000e+02 2.80000000e+01 3.91419080e+00
 4.91000000e+02 2.80000000e+01 3.84242811e+00
 4.92000000e+02 2.80000000e+01 3.76780768e+00
 4.93000000e+02 2.80000000e+01 3.69056068e+00
 4.94000000e+02 2.80000000e+01 3.61091828e+00
 4.95000000e+02 2.80000000e+01 3.52911165e+00
 4.96000000e+02 2.80000000e+01 3.44537198e+00
 4.97000000e+02 2.80000000e+01 3.35993042e+00
 4.98000000e+02 2.80000000e+01 3.27301816e+00
 4.99000000e+02 2.80000000e+01 3.18486637e+00
 5.00000000e+02 2.80000000e+01 3.09570623e+00
 5.01000000e+02 2.80000000e+01 3.00576889e+00
 5.02000000e+02 2.80000000e+01 2.91528555e+00
 5.03000000e+02 2.80000000e+01 2.82448737e+00
 5.04000000e+02 2.80000000e+01 2.73360552e+00
 5.05000000e+02 2.80000000e+01 2.64287119e+00
 5.06000000e+02 2.80000000e+01 2.55251553e+00
 5.07000000e+02 2.80000000e+01 2.46276974e+00
 5.08000000e+02 2.80000000e+01 2.37386497e+00
 5.09000000e+02 2.80000000e+01 2.28603240e+00
 5.10000000e+02 2.80000000e+01 2.19950321e+00
 5.11000000e+02 2.80000000e+01 2.11450857e+00
 5.12000000e+02 2.80000000e+01 2.03127965e+00
 5.13000000e+02 2.80000000e+01 1.95004763e+00
 5.14000000e+02 2.80000000e+01 1.87104368e+00
 5.15000000e+02 2.80000000e+01 1.79449897e+00
 5.16000000e+02 2.80000000e+01 1.72064468e+00
 5.17000000e+02 2.80000000e+01 1.64971197e+00
 5.18000000e+02 2.80000000e+01 1.58193203e+00
 5.19000000e+02 2.80000000e+01 1.51753603e+00
 5.20000000e+02 2.80000000e+01 1.45675513e+00
 5.21000000e+02 2.80000000e+01 1.39982052e+00
 5.22000000e+02 2.80000000e+01 1.34696337e+00
 5.23000000e+02 2.80000000e+01 1.29841484e+00
 5.24000000e+02 2.80000000e+01 1.53346767e+00
 5.25000000e+02 2.80000000e+01 1.49416265e+00
 5.26000000e+02 2.80000000e+01 1.45949691e+00
 5.27000000e+02 2.80000000e+01 1.42933875e+00
 5.28000000e+02 2.80000000e+01 1.40355648e+00
 5.29000000e+02 2.80000000e+01 1.38201839e+00
 5.30000000e+02 2.80000000e+01 1.36459279e+00
 5.31000000e+02 2.80000000e+01 1.35114798e+00
 5.32000000e+02 2.80000000e+01 1.34155226e+00
 5.33000000e+02 2.80000000e+01 1.33567394e+00
 5.34000000e+02 2.80000000e+01 1.33338131e+00
 5.35000000e+02 2.80000000e+01 1.33454269e+00
 5.36000000e+02 2.80000000e+01 1.33902637e+00
 5.37000000e+02 2.80000000e+01 1.34670066e+00
 5.38000000e+02 2.80000000e+01 1.35743385e+00
 5.39000000e+02 2.80000000e+01 1.37109425e+00
 5.40000000e+02 2.80000000e+01 1.38755016e+00
 5.41000000e+02 2.80000000e+01 1.40666989e+00
 5.42000000e+02 2.80000000e+01 1.42832174e+00
 5.43000000e+02 2.80000000e+01 1.45237401e+00
 5.44000000e+02 2.80000000e+01 1.47869500e+00
 5.45000000e+02 2.80000000e+01 1.50715301e+00
 5.46000000e+02 2.80000000e+01 1.53761635e+00
 5.47000000e+02 2.80000000e+01 1.56995332e+00
 5.48000000e+02 2.80000000e+01 1.60403222e+00
 5.49000000e+02 2.80000000e+01 1.63972136e+00
 5.50000000e+02 2.80000000e+01 1.67688903e+00
 5.51000000e+02 2.80000000e+01 1.71540355e+00
 5.52000000e+02 2.80000000e+01 1.75513320e+00
 5.53000000e+02 2.80000000e+01 1.79594630e+00
 5.54000000e+02 2.80000000e+01 1.83771114e+00
 5.55000000e+02 2.80000000e+01 1.88029604e+00
 5.56000000e+02 2.80000000e+01 1.92356928e+00
 5.57000000e+02 2.80000000e+01 1.96739918e+00
 5.58000000e+02 2.80000000e+01 2.01165403e+00
 5.59000000e+02 2.80000000e+01 2.05620215e+00
 5.60000000e+02 2.80000000e+01 2.10091182e+00
 5.61000000e+02 2.80000000e+01 2.14565136e+00
 5.62000000e+02 2.80000000e+01 2.19028906e+00
 5.63000000e+02 2.80000000e+01 2.23469324e+00
 5.64000000e+02 2.80000000e+01 2.27873218e+00
 5.65000000e+02 2.80000000e+01 2.32227419e+00
 5.66000000e+02 2.80000000e+01 2.36518759e+00
 5.67000000e+02 2.80000000e+01 2.40734066e+00
 5.68000000e+02 2.80000000e+01 2.44860171e+00
 5.69000000e+02 2.80000000e+01 2.48883904e+00
 5.70000000e+02 2.80000000e+01 2.52792096e+00
 5.71000000e+02 2.80000000e+01 2.56571576e+00
 5.72000000e+02 2.80000000e+01 2.60209176e+00
 5.73000000e+02 2.80000000e+01 2.63691725e+00
 5.74000000e+02 2.80000000e+01 2.67006053e+00
 5.75000000e+02 2.80000000e+01 2.70138991e+00
 5.76000000e+02 2.80000000e+01 2.73077369e+00
 5.77000000e+02 2.80000000e+01 2.75808018e+00
 5.78000000e+02 2.80000000e+01 2.78317766e+00
 5.79000000e+02 2.80000000e+01 2.80593446e+00
 5.80000000e+02 2.80000000e+01 2.82621886e+00
 5.81000000e+02 2.80000000e+01 2.84389918e+00
 5.82000000e+02 2.80000000e+01 2.66171788e+00
 5.83000000e+02 2.80000000e+01 2.67383543e+00
 5.84000000e+02 2.80000000e+01 2.68317655e+00
 5.85000000e+02 2.80000000e+01 2.68983225e+00
 5.86000000e+02 2.80000000e+01 2.69389360e+00
 5.87000000e+02 2.80000000e+01 2.69545161e+00
 5.88000000e+02 2.80000000e+01 2.69459734e+00
 5.89000000e+02 2.80000000e+01 2.69142182e+00
 5.90000000e+02 2.80000000e+01 2.68601609e+00
 5.91000000e+02 2.80000000e+01 2.67847119e+00
 5.92000000e+02 2.80000000e+01 2.66887815e+00
 5.93000000e+02 2.80000000e+01 2.65732803e+00
 5.94000000e+02 2.80000000e+01 2.64391185e+00
 5.95000000e+02 2.80000000e+01 2.62872065e+00
 5.96000000e+02 2.80000000e+01 2.61184548e+00
 5.97000000e+02 2.80000000e+01 2.59337738e+00
 5.98000000e+02 2.80000000e+01 2.57340737e+00
 5.99000000e+02 2.80000000e+01 2.55202651e+00
 6.00000000e+02 2.80000000e+01 2.52932582e+00
 6.01000000e+02 2.80000000e+01 2.50539636e+00
 6.02000000e+02 2.80000000e+01 2.48032916e+00
 6.03000000e+02 2.80000000e+01 2.45421525e+00
 6.04000000e+02 2.80000000e+01 2.42714568e+00
 6.05000000e+02 2.80000000e+01 2.39921148e+00
 6.06000000e+02 2.80000000e+01 2.37050370e+00
 6.07000000e+02 2.80000000e+01 2.34111337e+00
 6.08000000e+02 2.80000000e+01 2.31113153e+00
 6.09000000e+02 2.80000000e+01 2.28064923e+00
 6.10000000e+02 2.80000000e+01 2.24975750e+00
 6.11000000e+02 2.80000000e+01 2.21854737e+00
 6.12000000e+02 2.80000000e+01 2.18710990e+00
 6.13000000e+02 2.80000000e+01 2.15553611e+00
 6.14000000e+02 2.80000000e+01 2.12391705e+00
 6.15000000e+02 2.80000000e+01 2.09234375e+00
 6.16000000e+02 2.80000000e+01 2.06090726e+00
 6.17000000e+02 2.80000000e+01 2.02969861e+00
 6.18000000e+02 2.80000000e+01 1.99880884e+00
 6.19000000e+02 2.80000000e+01 1.96832900e+00
 6.20000000e+02 2.80000000e+01 1.93835011e+00
 6.21000000e+02 2.80000000e+01 1.90896323e+00
 6.22000000e+02 2.80000000e+01 1.88025938e+00
 6.23000000e+02 2.80000000e+01 1.85232962e+00
 6.24000000e+02 2.80000000e+01 1.82526496e+00
 6.25000000e+02 2.80000000e+01 1.79915647e+00
 6.26000000e+02 2.80000000e+01 1.77409517e+00
 6.27000000e+02 2.80000000e+01 1.75017210e+00
 6.28000000e+02 2.80000000e+01 1.72747830e+00
 6.29000000e+02 2.80000000e+01 1.70610482e+00
 6.30000000e+02 2.80000000e+01 1.68614269e+00
 6.31000000e+02 2.80000000e+01 1.66768294e+00
 6.32000000e+02 2.80000000e+01 1.65081663e+00
 6.33000000e+02 2.80000000e+01 1.63563478e+00
 6.34000000e+02 2.80000000e+01 1.62222844e+00
 6.35000000e+02 2.80000000e+01 1.61068865e+00
 6.36000000e+02 2.80000000e+01 1.60110644e+00
 6.37000000e+02 2.80000000e+01 1.59357285e+00
 6.38000000e+02 2.80000000e+01 1.58817893e+00
 6.39000000e+02 2.80000000e+01 1.58501570e+00
 6.40000000e+02 2.80000000e+01 1.61172763e+00
 6.41000000e+02 2.80000000e+01 1.61326293e+00
 6.42000000e+02 2.80000000e+01 1.61709981e+00
 6.43000000e+02 2.80000000e+01 1.62312711e+00
 6.44000000e+02 2.80000000e+01 1.63123364e+00
 6.45000000e+02 2.80000000e+01 1.64130821e+00
 6.46000000e+02 2.80000000e+01 1.65323963e+00
 6.47000000e+02 2.80000000e+01 1.66691673e+00
 6.48000000e+02 2.80000000e+01 1.68222832e+00
 6.49000000e+02 2.80000000e+01 1.69906321e+00
 6.50000000e+02 2.80000000e+01 1.71731023e+00
 6.51000000e+02 2.80000000e+01 1.73685818e+00
 6.52000000e+02 2.80000000e+01 1.75759588e+00
 6.53000000e+02 2.80000000e+01 1.77941215e+00
 6.54000000e+02 2.80000000e+01 1.80219580e+00
 6.55000000e+02 2.80000000e+01 1.82583565e+00
 6.56000000e+02 2.80000000e+01 1.85022051e+00
 6.57000000e+02 2.80000000e+01 1.87523921e+00
 6.58000000e+02 2.80000000e+01 1.90078055e+00
 6.59000000e+02 2.80000000e+01 1.92673335e+00
 6.60000000e+02 2.80000000e+01 1.95298643e+00
 6.61000000e+02 2.80000000e+01 1.97942860e+00
 6.62000000e+02 2.80000000e+01 2.00594868e+00
 6.63000000e+02 2.80000000e+01 2.03243548e+00
 6.64000000e+02 2.80000000e+01 2.05877782e+00
 6.65000000e+02 2.80000000e+01 2.08486452e+00
 6.66000000e+02 2.80000000e+01 2.11058439e+00
 6.67000000e+02 2.80000000e+01 2.13582625e+00
 6.68000000e+02 2.80000000e+01 2.16047890e+00
 6.69000000e+02 2.80000000e+01 2.18443118e+00
 6.70000000e+02 2.80000000e+01 2.20757189e+00
 6.71000000e+02 2.80000000e+01 2.22978985e+00
 6.72000000e+02 2.80000000e+01 2.25097387e+00
 6.73000000e+02 2.80000000e+01 2.27101277e+00
 6.74000000e+02 2.80000000e+01 2.28979537e+00
 6.75000000e+02 2.80000000e+01 2.30721048e+00
 6.76000000e+02 2.80000000e+01 2.32314692e+00
 6.77000000e+02 2.80000000e+01 2.33749350e+00
 6.78000000e+02 2.80000000e+01 2.35013904e+00
 6.79000000e+02 2.80000000e+01 2.36097235e+00
 6.80000000e+02 2.80000000e+01 2.36988225e+00
 6.81000000e+02 2.80000000e+01 2.37675756e+00
 6.82000000e+02 2.80000000e+01 2.38148709e+00
 6.83000000e+02 2.80000000e+01 2.38395966e+00
 6.84000000e+02 2.80000000e+01 2.38406408e+00
 6.85000000e+02 2.80000000e+01 2.38168916e+00
 6.86000000e+02 2.80000000e+01 2.37672373e+00
 6.87000000e+02 2.80000000e+01 2.36905660e+00
 6.88000000e+02 2.80000000e+01 2.35857659e+00
 6.89000000e+02 2.80000000e+01 2.34517250e+00
 6.90000000e+02 2.80000000e+01 2.32873317e+00
 6.91000000e+02 2.80000000e+01 2.30914739e+00
 6.92000000e+02 2.80000000e+01 2.28630399e+00
 6.93000000e+02 2.80000000e+01 2.26009179e+00
 6.94000000e+02 2.80000000e+01 2.23039959e+00
 6.95000000e+02 2.80000000e+01 2.19711622e+00
 6.96000000e+02 2.80000000e+01 2.16013049e+00
 6.97000000e+02 2.80000000e+01 2.11933121e+00
 6.98000000e+02 2.80000000e+01 2.07460721e+00
