 1.00000000e+00 2.30000000e+01 1.20551697e+01
 2.00000000e+00 2.30000000e+01 1.20942245e+01
 3.00000000e+00 2.30000000e+01 1.21332794e+01
 4.00000000e+00 2.30000000e+01 1.31723343e+01
 5.00000000e+00 2.30000000e+01 1.32113891e+01
 6.00000000e+00 2.30000000e+01 1.32504440e+01
 7.00000000e+00 2.30000000e+01 1.32894988e+01
 8.00000000e+00 2.30000000e+01 1.43285537e+01
 9.00000000e+00 2.30000000e+01 1.43676086e+01
 1.00000000e+01 2.30000000e+01 1.54066634e+01
 1.10000000e+01 2.30000000e+01 1.54457183e+01
 1.20000000e+01 2.30000000e+01 1.64847731e+01
 1.30000000e+01 2.30000000e+01 1.65238280e+01
 1.40000000e+01 2.30000000e+01 1.65628828e+01
 1.50000000e+01 2.30000000e+01 1.66019377e+01
 1.60000000e+01 2.30000000e+01 1.66409926e+01
 1.70000000e+01 2.30000000e+01 1.56800474e+01
 2.20000000e+01 2.30000000e+01 1.48753217e+01
 2.30000000e+01 2.30000000e+01 1.49143766e+01
 2.40000000e+01 2.30000000e+01 1.49534314e+01
 2.50000000e+01 2.30000000e+01 1.49924863e+01
 2.60000000e+01 2.30000000e+01 1.40315411e+01
 2.70000000e+01 2.30000000e+01 1.10705960e+01
 4.20000000e+01 2.30000000e+01 1.16564189e+01
 4.30000000e+01 2.30000000e+01 1.16954737e+01
 4.40000000e+01 2.30000000e+01 1.17345286e+01
 4.50000000e+01 2.30000000e+01 1.27735834e+01
 4.60000000e+01 2.30000000e+01 1.28126383e+01
 4.70000000e+01 2.30000000e+01 1.38516932e+01
 4.80000000e+01 2.30000000e+01 1.38907480e+01
 4.90000000e+01 2.30000000e+01 1.69298029e+01
 5.00000000e+01 2.30000000e+01 1.79688577e+01
 5.10000000e+01 2.30000000e+01 1.90079126e+01
 5.20000000e+01 2.30000000e+01 1.90469674e+01
 5.30000000e+01 2.30000000e+01 1.90860223e+01
 5.40000000e+01 2.30000000e+01 1.91250772e+01
 5.50000000e+01 2.30000000e+01 2.01641320e+01
 5.60000000e+01 2.30000000e+01 2.02031869e+01
 5.70000000e+01 2.30000000e+01 2.12422417e+01
 5.80000000e+01 2.30000000e+01 2.22812966e+01
 5.90000000e+01 2.30000000e+01 2.23203514e+01
 6.00000000e+01 2.30000000e+01 2.23594063e+01
 6.10000000e+01 2.30000000e+01 2.23984612e+01
 6.20000000e+01 2.30000000e+01 2.14375160e+01
 6.30000000e+01 2.30000000e+01 2.14765709e+01
 6.40000000e+01 2.30000000e+01 2.15156257e+01
 6.50000000e+01 2.30000000e+01 2.25546806e+01
 6.60000000e+01 2.30000000e+01 2.25937355e+01
 6.70000000e+01 2.30000000e+01 2.36327903e+01
 6.80000000e+01 2.30000000e+01 2.36718452e+01
 6.90000000e+01 2.30000000e+01 2.37109000e+01
 7.00000000e+01 2.30000000e+01 2.37499549e+01
 7.10000000e+01 2.30000000e+01 2.37890097e+01
 7.20000000e+01 2.30000000e+01 2.38280646e+01
 7.30000000e+01 2.30000000e+01 2.38671195e+01
 7.40000000e+01 2.30000000e+01 2.39061743e+01
 7.50000000e+01 2.30000000e+01 2.39452292e+01
 7.60000000e+01 2.30000000e+01 2.49842840e+01
 7.70000000e+01 2.30000000e+01 2.50233389e+01
 7.80000000e+01 2.30000000e+01 2.50623937e+01
 7.90000000e+01 2.30000000e+01 2.41014486e+01
 8.00000000e+01 2.30000000e+01 2.41405035e+01
 8.10000000e+01 2.30000000e+01 2.31795583e+01
 8.20000000e+01 2.30000000e+01 2.52186132e+01
 8.30000000e+01 2.30000000e+01 2.52576680e+01
 8.40000000e+01 2.30000000e+01 2.52967229e+01
 8.50000000e+01 2.30000000e+01 2.43357778e+01
 8.60000000e+01 2.30000000e+01 2.43748326e+01
 8.70000000e+01 2.30000000e+01 2.44138875e+01
 8.80000000e+01 2.30000000e+01 2.54529423e+01
 8.90000000e+01 2.30000000e+01 2.44919972e+01
 9.00000000e+01 2.30000000e+01 2.45310520e+01
 9.10000000e+01 2.30000000e+01 2.45701069e+01
 9.20000000e+01 2.30000000e+01 2.46091618e+01
 9.30000000e+01 2.30000000e+01 2.46482166e+01
 9.40000000e+01 2.30000000e+01 2.56872715e+01
 9.50000000e+01 2.30000000e+01 2.67263263e+01
 9.60000000e+01 2.30000000e+01 2.77653812e+01
 9.70000000e+01 2.30000000e+01 2.68044361e+01
 9.80000000e+01 2.30000000e+01 2.58434909e+01
 9.90000000e+01 2.30000000e+01 2.58825458e+01
 1.00000000e+02 2.30000000e+01 2.49216006e+01
 1.01000000e+02 2.30000000e+01 1.99606555e+01
 1.03000000e+02 2.30000000e+01 1.30387652e+01
 1.04000000e+02 2.30000000e+01 1.10778201e+01
 1.05000000e+02 2.30000000e+01 1.11168749e+01
 1.06000000e+02 2.30000000e+01 1.11559298e+01
 1.07000000e+02 2.30000000e+01 1.01949846e+01
 1.08000000e+02 2.30000000e+01 1.02340395e+01
 1.42000000e+02 2.30000000e+01 7.56190466e+00
 1.43000000e+02 2.30000000e+01 8.60095952e+00
 1.44000000e+02 2.30000000e+01 9.64001437e+00
 1.45000000e+02 2.30000000e+01 1.16790692e+01
 1.46000000e+02 2.30000000e+01 1.27181241e+01
 1.47000000e+02 2.30000000e+01 1.37571789e+01
 1.48000000e+02 2.30000000e+01 1.37962338e+01
 1.49000000e+02 2.30000000e+01 2.98352887e+01
 1.50000000e+02 2.30000000e+01 2.88743435e+01
 1.51000000e+02 2.30000000e+01 2.89133984e+01
 1.52000000e+02 2.30000000e+01 2.89524532e+01
 1.53000000e+02 2.30000000e+01 2.79915081e+01
 1.54000000e+02 2.30000000e+01 2.80305630e+01
 1.55000000e+02 2.30000000e+01 2.90696178e+01
 1.56000000e+02 2.30000000e+01 3.01086727e+01
 1.57000000e+02 2.30000000e+01 3.11477275e+01
 1.58000000e+02 2.30000000e+01 3.11867824e+01
 1.59000000e+02 2.30000000e+01 3.22258372e+01
 1.60000000e+02 2.30000000e+01 3.22648921e+01
 1.61000000e+02 2.30000000e+01 3.23039470e+01
 1.62000000e+02 2.30000000e+01 3.23430018e+01
 1.63000000e+02 2.30000000e+01 3.23820567e+01
 1.64000000e+02 2.30000000e+01 3.24211115e+01
 1.65000000e+02 2.30000000e+01 3.24601664e+01
 1.66000000e+02 2.30000000e+01 3.34992212e+01
 1.67000000e+02 2.30000000e+01 3.35382761e+01
 1.68000000e+02 2.30000000e+01 3.35773310e+01
 1.69000000e+02 2.30000000e+01 2.36163858e+01
 1.70000000e+02 2.30000000e+01 2.06554407e+01
 1.71000000e+02 2.30000000e+01 2.06944955e+01
 1.72000000e+02 2.30000000e+01 2.17335504e+01
 1.73000000e+02 2.30000000e+01 2.17726053e+01
 1.74000000e+02 2.30000000e+01 2.18116601e+01
 1.75000000e+02 2.30000000e+01 2.28507150e+01
 1.76000000e+02 2.30000000e+01 2.28897698e+01
 1.77000000e+02 2.30000000e+01 2.29288247e+01
 1.78000000e+02 2.30000000e+01 2.29678795e+01
 1.79000000e+02 2.30000000e+01 2.20069344e+01
 1.80000000e+02 2.30000000e+01 2.20459893e+01
 1.81000000e+02 2.30000000e+01 2.10850441e+01
 1.82000000e+02 2.30000000e+01 2.21240990e+01
 1.83000000e+02 2.30000000e+01 2.21631538e+01
 1.84000000e+02 2.30000000e+01 2.22022087e+01
 1.85000000e+02 2.30000000e+01 2.32412636e+01
 1.86000000e+02 2.30000000e+01 2.32803184e+01
 1.87000000e+02 2.30000000e+01 2.53193733e+01
 1.88000000e+02 2.30000000e+01 2.53584281e+01
 1.89000000e+02 2.30000000e+01 2.53974830e+01
 1.90000000e+02 2.30000000e+01 2.24365378e+01
 1.91000000e+02 2.30000000e+01 2.24755927e+01
 1.92000000e+02 2.30000000e+01 2.15146476e+01
 1.93000000e+02 2.30000000e+01 2.15537024e+01
 1.94000000e+02 2.30000000e+01 2.15927573e+01
 1.95000000e+02 2.30000000e+01 2.16318121e+01
 1.96000000e+02 2.30000000e+01 2.16708670e+01
 1.97000000e+02 2.30000000e+01 2.17099218e+01
 1.98000000e+02 2.30000000e+01 2.17489767e+01
 1.99000000e+02 2.30000000e+01 2.07880316e+01
 2.00000000e+02 2.30000000e+01 2.08270864e+01
 2.01000000e+02 2.30000000e+01 2.08661413e+01
 2.02000000e+02 2.30000000e+01 2.09051961e+01
 2.03000000e+02 2.30000000e+01 2.19442510e+01
 2.04000000e+02 2.30000000e+01 2.19833059e+01
 2.05000000e+02 2.30000000e+01 2.30223607e+01
 2.06000000e+02 2.30000000e+01 2.30614156e+01
 2.07000000e+02 2.30000000e+01 2.31004704e+01
 2.08000000e+02 2.30000000e+01 2.21395253e+01
 2.09000000e+02 2.30000000e+01 2.21785801e+01
 2.10000000e+02 2.30000000e+01 2.12176350e+01
 2.11000000e+02 2.30000000e+01 2.12566899e+01
 2.12000000e+02 2.30000000e+01 2.12957447e+01
 2.13000000e+02 2.30000000e+01 2.13347996e+01
 2.14000000e+02 2.30000000e+01 2.13738544e+01
 2.15000000e+02 2.30000000e+01 2.14129093e+01
 2.16000000e+02 2.30000000e+01 2.14519641e+01
 2.17000000e+02 2.30000000e+01 2.14910190e+01
 2.18000000e+02 2.30000000e+01 2.15300739e+01
 2.19000000e+02 2.30000000e+01 2.25691287e+01
 2.20000000e+02 2.30000000e+01 2.26081836e+01
 2.21000000e+02 2.30000000e+01 2.26472384e+01
 2.22000000e+02 2.30000000e+01 2.26862933e+01
 2.23000000e+02 2.30000000e+01 2.27253482e+01
 2.24000000e+02 2.30000000e+01 2.27644030e+01
 2.25000000e+02 2.30000000e+01 2.28034579e+01
 2.26000000e+02 2.30000000e+01 2.28425127e+01
 2.27000000e+02 2.30000000e+01 2.28815676e+01
 2.28000000e+02 2.30000000e+01 2.19206224e+01
 2.29000000e+02 2.30000000e+01 2.19596773e+01
 2.30000000e+02 2.30000000e+01 2.29987322e+01
 2.31000000e+02 2.30000000e+01 2.20377870e+01
 2.32000000e+02 2.30000000e+01 2.20768419e+01
 2.33000000e+02 2.30000000e+01 2.21158967e+01
 2.34000000e+02 2.30000000e+01 2.11549516e+01
 2.35000000e+02 2.30000000e+01 2.11940064e+01
 2.36000000e+02 2.30000000e+01 2.22330613e+01
 2.37000000e+02 2.30000000e+01 2.32721162e+01
 2.38000000e+02 2.30000000e+01 2.43111710e+01
 2.39000000e+02 2.30000000e+01 2.43502259e+01
 2.40000000e+02 2.30000000e+01 2.43892807e+01
 2.41000000e+02 2.30000000e+01 2.44283356e+01
 2.42000000e+02 2.30000000e+01 2.44673905e+01
 2.43000000e+02 2.30000000e+01 2.35064453e+01
 2.44000000e+02 2.30000000e+01 2.35455002e+01
 2.45000000e+02 2.30000000e+01 2.25845550e+01
 2.46000000e+02 2.30000000e+01 2.36236099e+01
 2.47000000e+02 2.30000000e+01 2.36626647e+01
 2.48000000e+02 2.30000000e+01 2.37017196e+01
 2.49000000e+02 2.30000000e+01 2.47407745e+01
 2.50000000e+02 2.30000000e+01 2.47798293e+01
 2.51000000e+02 2.30000000e+01 2.48188842e+01
 2.52000000e+02 2.30000000e+01 2.48579390e+01
 2.53000000e+02 2.30000000e+01 2.38969939e+01
 2.54000000e+02 2.30000000e+01 2.39360487e+01
 2.55000000e+02 2.30000000e+01 2.49751036e+01
 2.56000000e+02 2.30000000e+01 2.50141585e+01
 2.57000000e+02 2.30000000e+01 2.50532133e+01
 2.58000000e+02 2.30000000e+01 2.60922682e+01
 2.59000000e+02 2.30000000e+01 2.61313230e+01
 2.60000000e+02 2.30000000e+01 2.61703779e+01
 2.61000000e+02 2.30000000e+01 2.52094328e+01
 2.62000000e+02 2.30000000e+01 2.52484876e+01
 2.63000000e+02 2.30000000e+01 2.52875425e+01
 2.64000000e+02 2.30000000e+01 2.53265973e+01
 2.65000000e+02 2.30000000e+01 2.53656522e+01
 2.66000000e+02 2.30000000e+01 2.54047070e+01
 2.67000000e+02 2.30000000e+01 2.54437619e+01
 2.68000000e+02 2.30000000e+01 2.54828168e+01
 2.69000000e+02 2.30000000e+01 2.55218716e+01
 2.70000000e+02 2.30000000e+01 2.55609265e+01
 2.71000000e+02 2.30000000e+01 2.55999813e+01
 2.72000000e+02 2.30000000e+01 2.56390362e+01
 2.73000000e+02 2.30000000e+01 2.56780910e+01
 2.74000000e+02 2.30000000e+01 2.57171459e+01
 2.75000000e+02 2.30000000e+01 2.57562008e+01
 2.76000000e+02 2.30000000e+01 2.47952556e+01
 2.77000000e+02 2.30000000e+01 2.58343105e+01
 2.78000000e+02 2.30000000e+01 2.58733653e+01
 2.79000000e+02 2.30000000e+01 2.59124202e+01
 2.80000000e+02 2.30000000e+01 2.59514751e+01
 2.81000000e+02 2.30000000e+01 2.59905299e+01
 2.82000000e+02 2.30000000e+01 2.70295848e+01
 2.83000000e+02 2.30000000e+01 2.70686396e+01
 2.84000000e+02 2.30000000e+01 2.71076945e+01
 2.85000000e+02 2.30000000e+01 2.71467493e+01
 2.86000000e+02 2.30000000e+01 2.61858042e+01
 2.87000000e+02 2.30000000e+01 2.42248591e+01
 2.88000000e+02 2.30000000e+01 2.42639139e+01
 2.89000000e+02 2.30000000e+01 2.43029688e+01
 2.90000000e+02 2.30000000e+01 2.43420236e+01
 2.91000000e+02 2.30000000e+01 2.63810785e+01
 2.92000000e+02 2.30000000e+01 2.64201334e+01
 2.93000000e+02 2.30000000e+01 2.64591882e+01
 2.94000000e+02 2.30000000e+01 2.74982431e+01
 2.95000000e+02 2.30000000e+01 2.75372979e+01
 2.96000000e+02 2.30000000e+01 2.75763528e+01
 2.97000000e+02 2.30000000e+01 2.76154076e+01
 2.98000000e+02 2.30000000e+01 2.76544625e+01
 2.99000000e+02 2.30000000e+01 2.76935174e+01
 3.00000000e+02 2.30000000e+01 2.87325722e+01
 3.01000000e+02 2.30000000e+01 2.87716271e+01
 3.02000000e+02 2.30000000e+01 2.88106819e+01
 3.03000000e+02 2.30000000e+01 2.88497368e+01
 3.04000000e+02 2.30000000e+01 2.88887916e+01
 3.05000000e+02 2.30000000e+01 2.79278465e+01
 3.06000000e+02 2.30000000e+01 2.59669014e+01
 3.07000000e+02 2.30000000e+01 2.60059562e+01
 3.08000000e+02 2.30000000e+01 2.50450111e+01
 3.09000000e+02 2.30000000e+01 2.50840659e+01
 3.10000000e+02 2.30000000e+01 2.61231208e+01
 3.11000000e+02 2.30000000e+01 2.61621757e+01
 3.12000000e+02 2.30000000e+01 2.72012305e+01
 3.13000000e+02 2.30000000e+01 2.72402854e+01
 3.14000000e+02 2.30000000e+01 2.72793402e+01
 3.15000000e+02 2.30000000e+01 2.63183951e+01
 3.16000000e+02 2.30000000e+01 2.43574499e+01
 3.17000000e+02 2.30000000e+01 2.33965048e+01
 3.18000000e+02 2.30000000e+01 2.34355597e+01
 3.19000000e+02 2.30000000e+01 2.24746145e+01
 3.20000000e+02 2.30000000e+01 2.25136694e+01
 3.21000000e+02 2.30000000e+01 2.35527242e+01
 3.22000000e+02 2.30000000e+01 2.35917791e+01
 3.24000000e+02 2.30000000e+01 3.96698888e+01
 3.25000000e+02 2.30000000e+01 3.37089437e+01
 3.26000000e+02 2.30000000e+01 3.27479985e+01
 3.27000000e+02 2.30000000e+01 3.17870534e+01
 3.28000000e+02 2.30000000e+01 3.18261082e+01
 3.29000000e+02 2.30000000e+01 3.28651631e+01
 3.30000000e+02 2.30000000e+01 3.39042180e+01
 3.31000000e+02 2.30000000e+01 3.59432728e+01
 3.32000000e+02 2.30000000e+01 3.59823277e+01
 3.33000000e+02 2.30000000e+01 3.60213825e+01
 3.34000000e+02 2.30000000e+01 3.60604374e+01
 3.35000000e+02 2.30000000e+01 3.60994922e+01
 3.36000000e+02 2.30000000e+01 3.81385471e+01
 3.37000000e+02 2.30000000e+01 3.81776020e+01
 3.38000000e+02 2.30000000e+01 3.82166568e+01
 3.39000000e+02 2.30000000e+01 3.82557117e+01
 3.40000000e+02 2.30000000e+01 3.62947665e+01
 3.41000000e+02 2.30000000e+01 3.53338214e+01
 3.42000000e+02 2.30000000e+01 3.53728762e+01
 3.43000000e+02 2.30000000e+01 3.64119311e+01
 3.44000000e+02 2.30000000e+01 3.84509860e+01
 3.45000000e+02 2.30000000e+01 3.74900408e+01
 3.46000000e+02 2.30000000e+01 3.75290957e+01
 3.47000000e+02 2.30000000e+01 3.85681505e+01
 3.48000000e+02 2.30000000e+01 3.86072054e+01
 3.49000000e+02 2.30000000e+01 3.86462603e+01
 3.50000000e+02 2.30000000e+01 3.76853151e+01
 3.51000000e+02 2.30000000e+01 3.77243700e+01
 3.52000000e+02 2.30000000e+01 3.77634248e+01
 3.53000000e+02 2.30000000e+01 3.78024797e+01
 3.54000000e+02 2.30000000e+01 3.78415345e+01
 3.55000000e+02 2.30000000e+01 3.68805894e+01
 3.56000000e+02 2.30000000e+01 3.69196443e+01
 3.57000000e+02 2.30000000e+01 3.79586991e+01
 3.58000000e+02 2.30000000e+01 3.79977540e+01
 3.59000000e+02 2.30000000e+01 3.70368088e+01
 3.60000000e+02 2.30000000e+01 3.80758637e+01
 3.61000000e+02 2.30000000e+01 3.61149185e+01
 3.62000000e+02 2.30000000e+01 3.71539734e+01
 3.63000000e+02 2.30000000e+01 3.81930283e+01
 3.64000000e+02 2.30000000e+01 3.92320831e+01
 3.65000000e+02 2.30000000e+01 3.92711380e+01
 3.66000000e+02 2.30000000e+01 4.03101928e+01
 3.67000000e+02 2.30000000e+01 4.13492477e+01
 3.68000000e+02 2.30000000e+01 4.03883026e+01
 3.69000000e+02 2.30000000e+01 4.04273574e+01
 3.70000000e+02 2.30000000e+01 3.94664123e+01
 3.71000000e+02 2.30000000e+01 3.95054671e+01
 3.72000000e+02 2.30000000e+01 3.75445220e+01
 3.73000000e+02 2.30000000e+01 3.85835768e+01
 3.74000000e+02 2.30000000e+01 3.86226317e+01
 3.75000000e+02 2.30000000e+01 3.86616866e+01
 3.76000000e+02 2.30000000e+01 3.87007414e+01
 3.77000000e+02 2.30000000e+01 3.97397963e+01
 3.78000000e+02 2.30000000e+01 3.87788511e+01
 3.79000000e+02 2.30000000e+01 3.78179060e+01
 3.80000000e+02 2.30000000e+01 3.78569609e+01
 3.81000000e+02 2.30000000e+01 3.78960157e+01
 3.82000000e+02 2.30000000e+01 3.79350706e+01
 3.83000000e+02 2.30000000e+01 3.89741254e+01
 3.84000000e+02 2.30000000e+01 4.00131803e+01
 3.85000000e+02 2.30000000e+01 3.90522351e+01
 3.86000000e+02 2.30000000e+01 3.90912900e+01
 3.87000000e+02 2.30000000e+01 3.81303449e+01
 3.88000000e+02 2.30000000e+01 3.91693997e+01
 3.89000000e+02 2.30000000e+01 3.92084546e+01
 3.90000000e+02 2.30000000e+01 3.82475094e+01
 3.91000000e+02 2.30000000e+01 3.62865643e+01
 3.92000000e+02 2.30000000e+01 3.53256191e+01
 3.93000000e+02 2.30000000e+01 3.43646740e+01
 3.94000000e+02 2.30000000e+01 3.34037289e+01
 3.95000000e+02 2.30000000e+01 3.24427837e+01
 3.96000000e+02 2.30000000e+01 3.74818386e+01
 3.97000000e+02 2.30000000e+01 3.75208934e+01
 3.98000000e+02 2.30000000e+01 3.75599483e+01
 3.99000000e+02 2.30000000e+01 3.65990032e+01
 4.00000000e+02 2.30000000e+01 3.56380580e+01
 4.01000000e+02 2.30000000e+01 3.46771129e+01
 4.02000000e+02 2.30000000e+01 3.37161677e+01
 4.03000000e+02 2.30000000e+01 3.27552226e+01
 4.04000000e+02 2.30000000e+01 3.27942774e+01
 4.05000000e+02 2.30000000e+01 3.38333323e+01
 4.06000000e+02 2.30000000e+01 3.38723872e+01
 4.07000000e+02 2.30000000e+01 3.29114420e+01
 4.08000000e+02 2.30000000e+01 2.39504969e+01
 4.09000000e+02 2.30000000e+01 2.39895517e+01
 4.10000000e+02 2.30000000e+01 2.40286066e+01
 4.11000000e+02 2.30000000e+01 2.40676614e+01
 4.12000000e+02 2.30000000e+01 2.41067163e+01
 4.13000000e+02 2.30000000e+01 2.41457712e+01
 4.14000000e+02 2.30000000e+01 2.41848260e+01
 4.15000000e+02 2.30000000e+01 2.32238809e+01
 4.16000000e+02 2.30000000e+01 2.32629357e+01
 4.17000000e+02 2.30000000e+01 2.33019906e+01
 4.18000000e+02 2.30000000e+01 2.43410455e+01
 4.19000000e+02 2.30000000e+01 2.43801003e+01
 4.48000000e+02 2.30000000e+01 3.15126912e+01
 4.49000000e+02 2.30000000e+01 3.15517460e+01
 4.50000000e+02 2.30000000e+01 3.15908009e+01
 4.51000000e+02 2.30000000e+01 3.16298558e+01
 4.52000000e+02 2.30000000e+01 3.26689106e+01
 4.53000000e+02 2.30000000e+01 3.47079655e+01
 4.54000000e+02 2.30000000e+01 3.47470203e+01
 4.55000000e+02 2.30000000e+01 3.47860752e+01
 4.56000000e+02 2.30000000e+01 3.78251301e+01
 4.57000000e+02 2.30000000e+01 3.98641849e+01
 4.58000000e+02 2.30000000e+01 4.09032398e+01
 4.59000000e+02 2.30000000e+01 3.99422946e+01
 4.60000000e+02 2.30000000e+01 3.99813495e+01
 4.61000000e+02 2.30000000e+01 4.00204043e+01
 4.62000000e+02 2.30000000e+01 3.90594592e+01
 4.63000000e+02 2.30000000e+01 4.00985141e+01
 4.64000000e+02 2.30000000e+01 4.01375689e+01
 4.65000000e+02 2.30000000e+01 4.01766238e+01
 4.66000000e+02 2.30000000e+01 4.12156786e+01
 4.67000000e+02 2.30000000e+01 4.22547335e+01
 4.68000000e+02 2.30000000e+01 4.32937884e+01
 4.69000000e+02 2.30000000e+01 4.33328432e+01
 4.70000000e+02 2.30000000e+01 4.23718981e+01
 4.71000000e+02 2.30000000e+01 4.24109529e+01
 4.72000000e+02 2.30000000e+01 4.24500078e+01
 4.73000000e+02 2.30000000e+01 3.64890626e+01
 4.74000000e+02 2.30000000e+01 3.85281175e+01
 4.75000000e+02 2.30000000e+01 3.85671724e+01
 4.76000000e+02 2.30000000e+01 3.96062272e+01
 4.77000000e+02 2.30000000e+01 4.06452821e+01
 4.78000000e+02 2.30000000e+01 4.16843369e+01
 4.79000000e+02 2.30000000e+01 4.17233918e+01
 4.80000000e+02 2.30000000e+01 4.17624466e+01
 4.81000000e+02 2.30000000e+01 4.18015015e+01
 4.82000000e+02 2.30000000e+01 4.18405564e+01
 4.83000000e+02 2.30000000e+01 4.18796112e+01
 4.84000000e+02 2.30000000e+01 4.19186661e+01
 4.85000000e+02 2.30000000e+01 4.19577209e+01
 4.86000000e+02 2.30000000e+01 4.09967758e+01
 4.87000000e+02 2.30000000e+01 4.10358307e+01
 4.88000000e+02 2.30000000e+01 4.00748855e+01
 4.89000000e+02 2.30000000e+01 4.11139404e+01
 4.90000000e+02 2.30000000e+01 4.11529952e+01
 4.91000000e+02 2.30000000e+01 4.01920501e+01
 4.92000000e+02 2.30000000e+01 4.02311049e+01
 4.93000000e+02 2.30000000e+01 4.12701598e+01
 4.94000000e+02 2.30000000e+01 4.23092147e+01
 4.95000000e+02 2.30000000e+01 4.33482695e+01
 4.96000000e+02 2.30000000e+01 4.33873244e+01
 4.97000000e+02 2.30000000e+01 4.04263792e+01
 4.98000000e+02 2.30000000e+01 3.54654341e+01
 4.99000000e+02 2.30000000e+01 3.55044889e+01
 5.00000000e+02 2.30000000e+01 3.75435438e+01
 5.01000000e+02 2.30000000e+01 4.05825987e+01
 5.02000000e+02 2.30000000e+01 4.16216535e+01
 5.03000000e+02 2.30000000e+01 4.16607084e+01
 5.04000000e+02 2.30000000e+01 4.16997632e+01
 5.05000000e+02 2.30000000e+01 4.17388181e+01
 5.06000000e+02 2.30000000e+01 4.07778730e+01
 5.07000000e+02 2.30000000e+01 4.08169278e+01
 5.08000000e+02 2.30000000e+01 4.18559827e+01
 5.09000000e+02 2.30000000e+01 4.28950375e+01
 5.10000000e+02 2.30000000e+01 4.39340924e+01
 5.11000000e+02 2.30000000e+01 4.49731472e+01
 5.12000000e+02 2.30000000e+01 4.50122021e+01
 5.13000000e+02 2.30000000e+01 4.50512570e+01
 5.14000000e+02 2.30000000e+01 4.60903118e+01
 5.15000000e+02 2.30000000e+01 4.61293667e+01
 5.16000000e+02 2.30000000e+01 4.61684215e+01
 5.17000000e+02 2.30000000e+01 4.72074764e+01
 5.18000000e+02 2.30000000e+01 4.72465312e+01
 5.19000000e+02 2.30000000e+01 4.32855861e+01
 5.20000000e+02 2.30000000e+01 4.33246410e+01
 5.21000000e+02 2.30000000e+01 4.33636958e+01
 5.22000000e+02 2.30000000e+01 4.24027507e+01
 5.23000000e+02 2.30000000e+01 4.24418055e+01
 5.24000000e+02 2.30000000e+01 4.24808604e+01
 5.25000000e+02 2.30000000e+01 4.35199153e+01
 5.26000000e+02 2.30000000e+01 4.45589701e+01
 5.27000000e+02 2.30000000e+01 4.35980250e+01
 5.28000000e+02 2.30000000e+01 4.46370798e+01
 5.29000000e+02 2.30000000e+01 4.46761347e+01
 5.30000000e+02 2.30000000e+01 4.47151895e+01
 5.31000000e+02 2.30000000e+01 4.47542444e+01
 5.32000000e+02 2.30000000e+01 4.47932993e+01
 5.33000000e+02 2.30000000e+01 4.28323541e+01
 5.34000000e+02 2.30000000e+01 4.28714090e+01
 5.35000000e+02 2.30000000e+01 4.09104638e+01
 5.36000000e+02 2.30000000e+01 3.99495187e+01
 5.37000000e+02 2.30000000e+01 4.19885735e+01
 5.38000000e+02 2.30000000e+01 4.20276284e+01
 5.39000000e+02 2.30000000e+01 4.20666833e+01
 5.40000000e+02 2.30000000e+01 4.21057381e+01
 5.41000000e+02 2.30000000e+01 4.31447930e+01
 5.42000000e+02 2.30000000e+01 4.31838478e+01
 5.43000000e+02 2.30000000e+01 4.22229027e+01
 5.47000000e+02 2.30000000e+01 4.23791221e+01
 5.48000000e+02 2.30000000e+01 4.34181770e+01
 5.49000000e+02 2.30000000e+01 4.34572318e+01
 5.50000000e+02 2.30000000e+01 4.34962867e+01
 5.51000000e+02 2.30000000e+01 4.35353416e+01
 5.52000000e+02 2.30000000e+01 4.55743964e+01
 5.53000000e+02 2.30000000e+01 4.56134513e+01
 5.54000000e+02 2.30000000e+01 4.56525061e+01
 5.55000000e+02 2.30000000e+01 4.56915610e+01
 5.56000000e+02 2.30000000e+01 4.57306159e+01
 5.57000000e+02 2.30000000e+01 4.57696707e+01
 5.58000000e+02 2.30000000e+01 4.58087256e+01
 5.59000000e+02 2.30000000e+01 4.58477804e+01
 5.60000000e+02 2.30000000e+01 4.68868353e+01
 5.61000000e+02 2.30000000e+01 4.69258901e+01
 5.62000000e+02 2.30000000e+01 4.69649450e+01
 5.63000000e+02 2.30000000e+01 4.70039999e+01
 5.64000000e+02 2.30000000e+01 4.80430547e+01
 5.65000000e+02 2.30000000e+01 4.90821096e+01
 5.66000000e+02 2.30000000e+01 4.91211644e+01
 5.67000000e+02 2.30000000e+01 5.01602193e+01
 5.68000000e+02 2.30000000e+01 5.01992741e+01
 5.69000000e+02 2.30000000e+01 4.82383290e+01
 5.70000000e+02 2.30000000e+01 4.82773839e+01
 5.71000000e+02 2.30000000e+01 4.83164387e+01
 5.72000000e+02 2.30000000e+01 4.83554936e+01
 5.73000000e+02 2.30000000e+01 4.73945484e+01
 5.74000000e+02 2.30000000e+01 4.74336033e+01
 5.75000000e+02 2.30000000e+01 4.74726582e+01
 5.76000000e+02 2.30000000e+01 4.65117130e+01
 5.77000000e+02 2.30000000e+01 4.75507679e+01
 5.78000000e+02 2.30000000e+01 4.75898227e+01
 5.79000000e+02 2.30000000e+01 4.76288776e+01
 5.80000000e+02 2.30000000e+01 5.26679324e+01
 5.81000000e+02 2.30000000e+01 5.27069873e+01
 5.82000000e+02 2.30000000e+01 5.27460422e+01
 5.83000000e+02 2.30000000e+01 5.37850970e+01
 5.84000000e+02 2.30000000e+01 5.38241519e+01
 5.85000000e+02 2.30000000e+01 5.18632067e+01
 5.86000000e+02 2.30000000e+01 5.09022616e+01
 5.87000000e+02 2.30000000e+01 4.89413164e+01
 5.88000000e+02 2.30000000e+01 4.99803713e+01
 5.89000000e+02 2.30000000e+01 5.10194262e+01
 5.90000000e+02 2.30000000e+01 5.10584810e+01
 5.91000000e+02 2.30000000e+01 5.10975359e+01
 5.92000000e+02 2.30000000e+01 5.21365907e+01
 5.93000000e+02 2.30000000e+01 5.21756456e+01
 5.94000000e+02 2.30000000e+01 5.22147005e+01
 5.95000000e+02 2.30000000e+01 5.12537553e+01
 5.96000000e+02 2.30000000e+01 5.22928102e+01
 6.01000000e+02 2.30000000e+01 5.24880845e+01
 6.02000000e+02 2.30000000e+01 5.45271393e+01
 6.03000000e+02 2.30000000e+01 5.45661942e+01
 6.04000000e+02 2.30000000e+01 5.46052490e+01
 6.05000000e+02 2.30000000e+01 5.66443039e+01
 6.06000000e+02 2.30000000e+01 5.66833587e+01
 6.07000000e+02 2.30000000e+01 5.47224136e+01
 6.08000000e+02 2.30000000e+01 5.47614685e+01
 6.09000000e+02 2.30000000e+01 5.28005233e+01
 6.10000000e+02 2.30000000e+01 5.18395782e+01
 6.18000000e+02 2.30000000e+01 5.51520170e+01
 6.19000000e+02 2.30000000e+01 5.41910719e+01
 6.20000000e+02 2.30000000e+01 5.52301268e+01
 6.21000000e+02 2.30000000e+01 5.52691816e+01
 6.22000000e+02 2.30000000e+01 5.53082365e+01
 6.23000000e+02 2.30000000e+01 5.43472913e+01
 6.24000000e+02 2.30000000e+01 5.43863462e+01
 6.25000000e+02 2.30000000e+01 5.34254010e+01
 6.26000000e+02 2.30000000e+01 5.34644559e+01
 6.27000000e+02 2.30000000e+01 5.55035108e+01
 6.28000000e+02 2.30000000e+01 5.65425656e+01
 6.29000000e+02 2.30000000e+01 5.75816205e+01
 6.30000000e+02 2.30000000e+01 5.76206753e+01
 6.31000000e+02 2.30000000e+01 5.86597302e+01
 6.32000000e+02 2.30000000e+01 5.86987851e+01
 6.33000000e+02 2.30000000e+01 5.87378399e+01
 6.34000000e+02 2.30000000e+01 5.77768948e+01
 6.35000000e+02 2.30000000e+01 5.78159496e+01
 6.36000000e+02 2.30000000e+01 5.68550045e+01
 6.37000000e+02 2.30000000e+01 5.98940593e+01
 6.38000000e+02 2.30000000e+01 5.99331142e+01
 6.39000000e+02 2.30000000e+01 5.79721691e+01
 6.40000000e+02 2.30000000e+01 5.60112239e+01
 6.41000000e+02 2.30000000e+01 5.60502788e+01
 6.42000000e+02 2.30000000e+01 5.70893336e+01
 6.43000000e+02 2.30000000e+01 5.71283885e+01
 6.44000000e+02 2.30000000e+01 5.71674434e+01
 6.45000000e+02 2.30000000e+01 5.72064982e+01
 6.52000000e+02 2.30000000e+01 6.44798822e+01
 6.53000000e+02 2.30000000e+01 6.45189371e+01
 6.54000000e+02 2.30000000e+01 6.45579919e+01
 6.55000000e+02 2.30000000e+01 6.45970468e+01
 6.56000000e+02 2.30000000e+01 6.46361016e+01
 6.57000000e+02 2.30000000e+01 6.66751565e+01
 6.58000000e+02 2.30000000e+01 6.67142114e+01
 6.59000000e+02 2.30000000e+01 6.67532662e+01
 6.60000000e+02 2.30000000e+01 6.77923211e+01
 6.61000000e+02 2.30000000e+01 6.68313759e+01
 6.62000000e+02 2.30000000e+01 6.68704308e+01
 6.63000000e+02 2.30000000e+01 6.79094857e+01
 6.64000000e+02 2.30000000e+01 6.89485405e+01
 6.65000000e+02 2.30000000e+01 6.89875954e+01
 6.66000000e+02 2.30000000e+01 6.90266502e+01
 6.67000000e+02 2.30000000e+01 7.00657051e+01
 6.68000000e+02 2.30000000e+01 6.91047599e+01
 6.69000000e+02 2.30000000e+01 6.91438148e+01
 6.70000000e+02 2.30000000e+01 6.91828697e+01
 6.71000000e+02 2.30000000e+01 7.02219245e+01
 6.72000000e+02 2.30000000e+01 6.92609794e+01
 6.73000000e+02 2.30000000e+01 6.93000342e+01
 6.74000000e+02 2.30000000e+01 6.93390891e+01
 6.75000000e+02 2.30000000e+01 6.93781439e+01
 6.76000000e+02 2.30000000e+01 6.94171988e+01
 6.77000000e+02 2.30000000e+01 6.94562537e+01
 6.78000000e+02 2.30000000e+01 6.94953085e+01
 6.79000000e+02 2.30000000e+01 6.95343634e+01
 6.80000000e+02 2.30000000e+01 6.95734182e+01
 6.81000000e+02 2.30000000e+01 6.86124731e+01
 6.82000000e+02 2.30000000e+01 6.86515280e+01
 6.83000000e+02 2.30000000e+01 6.86905828e+01
 6.84000000e+02 2.30000000e+01 6.87296377e+01
 6.85000000e+02 2.30000000e+01 6.87686925e+01
 6.86000000e+02 2.30000000e+01 6.98077474e+01
 6.87000000e+02 2.30000000e+01 6.98468022e+01
 6.88000000e+02 2.30000000e+01 6.98858571e+01
 6.89000000e+02 2.30000000e+01 6.99249120e+01
 6.90000000e+02 2.30000000e+01 7.09639668e+01
 6.91000000e+02 2.30000000e+01 7.10030217e+01
 6.92000000e+02 2.30000000e+01 7.10420765e+01
 6.93000000e+02 2.30000000e+01 7.10811314e+01
 6.94000000e+02 2.30000000e+01 7.21201862e+01
 6.95000000e+02 2.30000000e+01 7.11592411e+01
 6.96000000e+02 2.30000000e+01 7.11982960e+01
 6.97000000e+02 2.30000000e+01 7.02373508e+01
 6.98000000e+02 2.30000000e+01 7.02764057e+01
 6.99000000e+02 2.30000000e+01 7.03154605e+01
 7.00000000e+02 2.30000000e+01 7.03545154e+01
