 1.00000000e+00 0.00000000e+00 5.60551697e+01
 2.00000000e+00 0.00000000e+00 5.50942245e+01
 3.00000000e+00 0.00000000e+00 5.51332794e+01
 4.00000000e+00 0.00000000e+00 5.51723343e+01
 5.00000000e+00 0.00000000e+00 5.42113891e+01
 6.00000000e+00 0.00000000e+00 5.32504440e+01
 7.00000000e+00 0.00000000e+00 5.22894988e+01
 8.00000000e+00 0.00000000e+00 5.13285537e+01
 9.00000000e+00 0.00000000e+00 5.13676086e+01
 1.00000000e+01 0.00000000e+00 5.14066634e+01
 1.10000000e+01 0.00000000e+00 5.04457183e+01
 1.20000000e+01 0.00000000e+00 4.94847731e+01
 1.30000000e+01 0.00000000e+00 4.95238280e+01
 1.40000000e+01 0.00000000e+00 4.95628828e+01
 1.50000000e+01 0.00000000e+00 4.96019377e+01
 1.60000000e+01 0.00000000e+00 4.96409926e+01
 1.70000000e+01 0.00000000e+00 4.96800474e+01
 1.80000000e+01 0.00000000e+00 4.97191023e+01
 1.90000000e+01 0.00000000e+00 5.07581571e+01
 2.00000000e+01 0.00000000e+00 4.97972120e+01
 2.10000000e+01 0.00000000e+00 4.98362668e+01
 2.20000000e+01 0.00000000e+00 4.98753217e+01
 2.30000000e+01 0.00000000e+00 4.99143766e+01
 2.40000000e+01 0.00000000e+00 4.99534314e+01
 2.50000000e+01 0.00000000e+00 4.99924863e+01
 2.60000000e+01 0.00000000e+00 5.00315411e+01
 2.70000000e+01 0.00000000e+00 5.00705960e+01
 2.80000000e+01 0.00000000e+00 5.01096509e+01
 2.90000000e+01 0.00000000e+00 5.01487057e+01
 3.00000000e+01 0.00000000e+00 4.91877606e+01
 3.10000000e+01 0.00000000e+00 4.92268154e+01
 3.20000000e+01 0.00000000e+00 4.92658703e+01
 3.30000000e+01 0.00000000e+00 4.93049251e+01
 3.40000000e+01 0.00000000e+00 4.83439800e+01
 3.50000000e+01 0.00000000e+00 4.83830349e+01
 3.60000000e+01 0.00000000e+00 4.84220897e+01
 3.70000000e+01 0.00000000e+00 4.74611446e+01
 3.80000000e+01 0.00000000e+00 4.75001994e+01
 3.90000000e+01 0.00000000e+00 4.75392543e+01
 4.00000000e+01 0.00000000e+00 4.75783091e+01
 4.10000000e+01 0.00000000e+00 4.86173640e+01
 4.20000000e+01 0.00000000e+00 4.86564189e+01
 4.30000000e+01 0.00000000e+00 5.76954737e+01
 4.40000000e+01 0.00000000e+00 5.77345286e+01
 4.50000000e+01 0.00000000e+00 5.97735834e+01
 4.60000000e+01 0.00000000e+00 5.68126383e+01
 4.70000000e+01 0.00000000e+00 5.68516932e+01
 4.80000000e+01 0.00000000e+00 5.68907480e+01
 4.90000000e+01 0.00000000e+00 5.79298029e+01
 5.00000000e+01 0.00000000e+00 5.89688577e+01
 5.10000000e+01 0.00000000e+00 5.90079126e+01
 5.20000000e+01 0.00000000e+00 5.90469674e+01
 5.30000000e+01 0.00000000e+00 5.80860223e+01
 5.40000000e+01 0.00000000e+00 5.71250772e+01
 5.50000000e+01 0.00000000e+00 5.61641320e+01
 5.60000000e+01 0.00000000e+00 5.62031869e+01
 5.70000000e+01 0.00000000e+00 5.52422417e+01
 5.80000000e+01 0.00000000e+00 5.62812966e+01
 5.90000000e+01 0.00000000e+00 5.63203514e+01
 6.00000000e+01 0.00000000e+00 5.63594063e+01
 6.10000000e+01 0.00000000e+00 5.73984612e+01
 6.20000000e+01 0.00000000e+00 5.84375160e+01
 6.30000000e+01 0.00000000e+00 5.84765709e+01
 6.40000000e+01 0.00000000e+00 5.65156257e+01
 6.50000000e+01 0.00000000e+00 4.85546806e+01
 6.60000000e+01 0.00000000e+00 4.85937355e+01
 6.70000000e+01 0.00000000e+00 4.96327903e+01
 6.80000000e+01 0.00000000e+00 4.96718452e+01
 6.90000000e+01 0.00000000e+00 4.77109000e+01
 7.00000000e+01 0.00000000e+00 5.57499549e+01
 7.10000000e+01 0.00000000e+00 5.57890097e+01
 7.20000000e+01 0.00000000e+00 5.58280646e+01
 7.30000000e+01 0.00000000e+00 5.58671195e+01
 7.40000000e+01 0.00000000e+00 5.59061743e+01
 7.50000000e+01 0.00000000e+00 5.59452292e+01
 7.60000000e+01 0.00000000e+00 5.49842840e+01
 7.70000000e+01 0.00000000e+00 5.40233389e+01
 7.80000000e+01 0.00000000e+00 5.40623937e+01
 7.90000000e+01 0.00000000e+00 5.41014486e+01
 8.00000000e+01 0.00000000e+00 5.41405035e+01
 8.10000000e+01 0.00000000e+00 5.41795583e+01
 8.20000000e+01 0.00000000e+00 5.52186132e+01
 8.30000000e+01 0.00000000e+00 5.52576680e+01
 8.40000000e+01 0.00000000e+00 5.52967229e+01
 8.50000000e+01 0.00000000e+00 5.63357778e+01
 8.60000000e+01 0.00000000e+00 5.63748326e+01
 8.70000000e+01 0.00000000e+00 5.74138875e+01
 8.80000000e+01 0.00000000e+00 5.84529423e+01
 8.90000000e+01 0.00000000e+00 5.84919972e+01
 9.00000000e+01 0.00000000e+00 5.85310520e+01
 9.10000000e+01 0.00000000e+00 5.55701069e+01
 9.20000000e+01 0.00000000e+00 5.56091618e+01
 9.30000000e+01 0.00000000e+00 5.56482166e+01
 9.40000000e+01 0.00000000e+00 5.56872715e+01
 9.50000000e+01 0.00000000e+00 5.47263263e+01
 9.60000000e+01 0.00000000e+00 5.47653812e+01
 9.70000000e+01 0.00000000e+00 5.38044361e+01
 9.80000000e+01 0.00000000e+00 4.98434909e+01
 9.90000000e+01 0.00000000e+00 5.08825458e+01
 1.00000000e+02 0.00000000e+00 5.09216006e+01
 1.01000000e+02 0.00000000e+00 5.09606555e+01
 1.02000000e+02 0.00000000e+00 5.09997103e+01
 1.03000000e+02 0.00000000e+00 5.10387652e+01
 1.04000000e+02 0.00000000e+00 4.70778201e+01
 1.05000000e+02 0.00000000e+00 4.71168749e+01
 1.06000000e+02 0.00000000e+00 4.61559298e+01
 1.07000000e+02 0.00000000e+00 4.71949846e+01
 1.08000000e+02 0.00000000e+00 4.72340395e+01
 1.09000000e+02 0.00000000e+00 4.82730943e+01
 1.10000000e+02 0.00000000e+00 4.93121492e+01
 1.11000000e+02 0.00000000e+00 4.93512041e+01
 1.12000000e+02 0.00000000e+00 4.93902589e+01
 1.13000000e+02 0.00000000e+00 5.04293138e+01
 1.14000000e+02 0.00000000e+00 5.04683686e+01
 1.15000000e+02 0.00000000e+00 5.05074235e+01
 1.16000000e+02 0.00000000e+00 5.15464784e+01
 1.17000000e+02 0.00000000e+00 5.15855332e+01
 1.18000000e+02 0.00000000e+00 5.26245881e+01
 1.19000000e+02 0.00000000e+00 5.16636429e+01
 1.20000000e+02 0.00000000e+00 5.17026978e+01
 1.21000000e+02 0.00000000e+00 5.07417526e+01
 1.22000000e+02 0.00000000e+00 5.07808075e+01
 1.23000000e+02 0.00000000e+00 5.18198624e+01
 1.24000000e+02 0.00000000e+00 5.18589172e+01
 1.25000000e+02 0.00000000e+00 5.08979721e+01
 1.26000000e+02 0.00000000e+00 5.49370269e+01
 1.27000000e+02 0.00000000e+00 5.59760818e+01
 1.28000000e+02 0.00000000e+00 5.60151366e+01
 1.29000000e+02 0.00000000e+00 5.70541915e+01
 1.30000000e+02 0.00000000e+00 5.80932464e+01
 1.31000000e+02 0.00000000e+00 5.71323012e+01
 1.32000000e+02 0.00000000e+00 5.61713561e+01
 1.33000000e+02 0.00000000e+00 5.62104109e+01
 1.34000000e+02 0.00000000e+00 5.62494658e+01
 1.35000000e+02 0.00000000e+00 5.62885207e+01
 1.36000000e+02 0.00000000e+00 5.63275755e+01
 1.37000000e+02 0.00000000e+00 5.53666304e+01
 1.38000000e+02 0.00000000e+00 5.54056852e+01
 1.39000000e+02 0.00000000e+00 5.44447401e+01
 1.40000000e+02 0.00000000e+00 5.44837949e+01
 1.41000000e+02 0.00000000e+00 5.35228498e+01
 1.42000000e+02 0.00000000e+00 5.35619047e+01
 1.43000000e+02 0.00000000e+00 5.36009595e+01
 1.44000000e+02 0.00000000e+00 5.36400144e+01
 1.45000000e+02 0.00000000e+00 5.36790692e+01
 1.46000000e+02 0.00000000e+00 5.37181241e+01
 1.47000000e+02 0.00000000e+00 5.47571789e+01
 1.48000000e+02 0.00000000e+00 5.47962338e+01
 1.49000000e+02 0.00000000e+00 5.48352887e+01
 1.50000000e+02 0.00000000e+00 5.48743435e+01
 1.51000000e+02 0.00000000e+00 5.39133984e+01
 1.52000000e+02 0.00000000e+00 5.39524532e+01
 1.53000000e+02 0.00000000e+00 5.49915081e+01
 1.54000000e+02 0.00000000e+00 5.50305630e+01
 1.55000000e+02 0.00000000e+00 5.50696178e+01
 1.56000000e+02 0.00000000e+00 5.51086727e+01
 1.57000000e+02 0.00000000e+00 5.61477275e+01
 1.58000000e+02 0.00000000e+00 5.61867824e+01
 1.59000000e+02 0.00000000e+00 5.52258372e+01
 1.60000000e+02 0.00000000e+00 5.52648921e+01
 1.61000000e+02 0.00000000e+00 5.43039470e+01
 1.62000000e+02 0.00000000e+00 5.43430018e+01
 1.63000000e+02 0.00000000e+00 5.33820567e+01
 1.64000000e+02 0.00000000e+00 5.34211115e+01
 1.65000000e+02 0.00000000e+00 4.84601664e+01
 1.66000000e+02 0.00000000e+00 4.64992212e+01
 1.67000000e+02 0.00000000e+00 4.45382761e+01
 1.68000000e+02 0.00000000e+00 4.45773310e+01
 1.69000000e+02 0.00000000e+00 4.56163858e+01
 1.70000000e+02 0.00000000e+00 4.66554407e+01
 1.71000000e+02 0.00000000e+00 4.76944955e+01
 1.72000000e+02 0.00000000e+00 4.77335504e+01
 1.73000000e+02 0.00000000e+00 4.67726053e+01
 1.74000000e+02 0.00000000e+00 4.68116601e+01
 1.75000000e+02 0.00000000e+00 4.78507150e+01
 1.76000000e+02 0.00000000e+00 4.88897698e+01
 1.77000000e+02 0.00000000e+00 4.89288247e+01
 1.78000000e+02 0.00000000e+00 4.79678795e+01
 1.79000000e+02 0.00000000e+00 4.60069344e+01
 1.80000000e+02 0.00000000e+00 4.80459893e+01
 1.81000000e+02 0.00000000e+00 4.90850441e+01
 1.82000000e+02 0.00000000e+00 5.01240990e+01
 1.83000000e+02 0.00000000e+00 5.01631538e+01
 1.84000000e+02 0.00000000e+00 5.12022087e+01
 1.85000000e+02 0.00000000e+00 5.12412636e+01
 1.86000000e+02 0.00000000e+00 4.92803184e+01
 1.87000000e+02 0.00000000e+00 5.13193733e+01
 1.88000000e+02 0.00000000e+00 5.13584281e+01
 1.89000000e+02 0.00000000e+00 5.13974830e+01
 1.90000000e+02 0.00000000e+00 5.24365378e+01
 1.91000000e+02 0.00000000e+00 5.14755927e+01
 1.92000000e+02 0.00000000e+00 5.05146476e+01
 1.93000000e+02 0.00000000e+00 4.95537024e+01
 1.94000000e+02 0.00000000e+00 4.95927573e+01
 1.95000000e+02 0.00000000e+00 5.06318121e+01
 1.96000000e+02 0.00000000e+00 5.26708670e+01
 1.97000000e+02 0.00000000e+00 5.27099218e+01
 1.98000000e+02 0.00000000e+00 5.27489767e+01
 1.99000000e+02 0.00000000e+00 5.37880316e+01
 2.00000000e+02 0.00000000e+00 5.28270864e+01
 2.01000000e+02 0.00000000e+00 5.38661413e+01
 2.02000000e+02 0.00000000e+00 5.49051961e+01
 2.03000000e+02 0.00000000e+00 5.49442510e+01
 2.04000000e+02 0.00000000e+00 5.49833059e+01
 2.05000000e+02 0.00000000e+00 5.50223607e+01
 2.06000000e+02 0.00000000e+00 5.50614156e+01
 2.07000000e+02 0.00000000e+00 5.41004704e+01
 2.08000000e+02 0.00000000e+00 5.41395253e+01
 2.09000000e+02 0.00000000e+00 5.31785801e+01
 2.10000000e+02 0.00000000e+00 5.32176350e+01
 2.11000000e+02 0.00000000e+00 5.52566899e+01
 2.12000000e+02 0.00000000e+00 5.52957447e+01
 2.13000000e+02 0.00000000e+00 5.53347996e+01
 2.14000000e+02 0.00000000e+00 5.53738544e+01
 2.15000000e+02 0.00000000e+00 5.54129093e+01
 2.16000000e+02 0.00000000e+00 5.54519641e+01
 2.17000000e+02 0.00000000e+00 5.54910190e+01
 2.18000000e+02 0.00000000e+00 5.55300739e+01
 2.19000000e+02 0.00000000e+00 5.45691287e+01
 2.20000000e+02 0.00000000e+00 5.46081836e+01
 2.21000000e+02 0.00000000e+00 5.06472384e+01
 2.22000000e+02 0.00000000e+00 5.16862933e+01
 2.23000000e+02 0.00000000e+00 4.97253482e+01
 2.24000000e+02 0.00000000e+00 4.97644030e+01
 2.25000000e+02 0.00000000e+00 4.98034579e+01
 2.26000000e+02 0.00000000e+00 4.98425127e+01
 2.27000000e+02 0.00000000e+00 4.98815676e+01
 2.28000000e+02 0.00000000e+00 4.99206224e+01
 2.29000000e+02 0.00000000e+00 4.89596773e+01
 2.30000000e+02 0.00000000e+00 4.89987322e+01
 2.31000000e+02 0.00000000e+00 4.80377870e+01
 2.32000000e+02 0.00000000e+00 4.80768419e+01
 2.33000000e+02 0.00000000e+00 4.81158967e+01
 2.34000000e+02 0.00000000e+00 4.81549516e+01
 2.35000000e+02 0.00000000e+00 4.71940064e+01
 2.36000000e+02 0.00000000e+00 4.82330613e+01
 2.37000000e+02 0.00000000e+00 4.82721162e+01
 2.38000000e+02 0.00000000e+00 5.03111710e+01
 2.39000000e+02 0.00000000e+00 5.23502259e+01
 2.40000000e+02 0.00000000e+00 5.23892807e+01
 2.41000000e+02 0.00000000e+00 5.24283356e+01
 2.42000000e+02 0.00000000e+00 5.24673905e+01
 2.43000000e+02 0.00000000e+00 5.25064453e+01
 2.44000000e+02 0.00000000e+00 5.15455002e+01
 2.45000000e+02 0.00000000e+00 5.05845550e+01
 2.46000000e+02 0.00000000e+00 4.96236099e+01
 2.47000000e+02 0.00000000e+00 4.86626647e+01
 2.48000000e+02 0.00000000e+00 4.87017196e+01
 2.49000000e+02 0.00000000e+00 4.87407745e+01
 2.50000000e+02 0.00000000e+00 4.77798293e+01
 2.51000000e+02 0.00000000e+00 4.98188842e+01
 2.52000000e+02 0.00000000e+00 4.98579390e+01
 2.53000000e+02 0.00000000e+00 4.98969939e+01
 2.54000000e+02 0.00000000e+00 4.99360487e+01
 2.55000000e+02 0.00000000e+00 5.19751036e+01
 2.56000000e+02 0.00000000e+00 5.30141585e+01
 2.57000000e+02 0.00000000e+00 5.20532133e+01
 2.58000000e+02 0.00000000e+00 5.40922682e+01
 2.59000000e+02 0.00000000e+00 5.31313230e+01
 2.60000000e+02 0.00000000e+00 5.31703779e+01
 2.61000000e+02 0.00000000e+00 5.52094328e+01
 2.62000000e+02 0.00000000e+00 5.52484876e+01
 2.63000000e+02 0.00000000e+00 5.62875425e+01
 2.64000000e+02 0.00000000e+00 5.63265973e+01
 2.65000000e+02 0.00000000e+00 5.43656522e+01
 2.66000000e+02 0.00000000e+00 5.04047070e+01
 2.67000000e+02 0.00000000e+00 5.04437619e+01
 2.68000000e+02 0.00000000e+00 4.84828168e+01
 2.69000000e+02 0.00000000e+00 4.85218716e+01
 2.70000000e+02 0.00000000e+00 4.85609265e+01
 2.71000000e+02 0.00000000e+00 4.75999813e+01
 2.72000000e+02 0.00000000e+00 4.76390362e+01
 2.73000000e+02 0.00000000e+00 4.76780910e+01
 2.74000000e+02 0.00000000e+00 4.77171459e+01
 2.75000000e+02 0.00000000e+00 4.77562008e+01
 2.76000000e+02 0.00000000e+00 4.77952556e+01
 2.77000000e+02 0.00000000e+00 4.68343105e+01
 2.78000000e+02 0.00000000e+00 4.58733653e+01
 2.79000000e+02 0.00000000e+00 4.69124202e+01
 2.80000000e+02 0.00000000e+00 4.59514751e+01
 2.81000000e+02 0.00000000e+00 4.59905299e+01
 2.82000000e+02 0.00000000e+00 4.60295848e+01
 2.83000000e+02 0.00000000e+00 4.50686396e+01
 2.84000000e+02 0.00000000e+00 4.61076945e+01
 2.85000000e+02 0.00000000e+00 4.61467493e+01
 2.86000000e+02 0.00000000e+00 4.61858042e+01
 2.87000000e+02 0.00000000e+00 4.62248591e+01
 2.88000000e+02 0.00000000e+00 4.62639139e+01
 2.89000000e+02 0.00000000e+00 4.53029688e+01
 2.90000000e+02 0.00000000e+00 4.53420236e+01
 2.91000000e+02 0.00000000e+00 4.53810785e+01
 2.92000000e+02 0.00000000e+00 4.54201334e+01
 2.93000000e+02 0.00000000e+00 4.44591882e+01
 2.94000000e+02 0.00000000e+00 4.34982431e+01
 2.95000000e+02 0.00000000e+00 4.35372979e+01
 2.96000000e+02 0.00000000e+00 4.35763528e+01
 2.97000000e+02 0.00000000e+00 4.36154076e+01
 2.98000000e+02 0.00000000e+00 4.36544625e+01
 2.99000000e+02 0.00000000e+00 4.46935174e+01
 3.00000000e+02 0.00000000e+00 4.47325722e+01
 3.01000000e+02 0.00000000e+00 4.37716271e+01
 3.02000000e+02 0.00000000e+00 4.38106819e+01
 3.03000000e+02 0.00000000e+00 4.38497368e+01
 3.04000000e+02 0.00000000e+00 4.38887916e+01
 3.05000000e+02 0.00000000e+00 4.29278465e+01
 3.06000000e+02 0.00000000e+00 4.29669014e+01
 3.07000000e+02 0.00000000e+00 4.30059562e+01
 3.08000000e+02 0.00000000e+00 4.30450111e+01
 3.09000000e+02 0.00000000e+00 4.30840659e+01
 3.10000000e+02 0.00000000e+00 4.31231208e+01
 3.11000000e+02 0.00000000e+00 4.21621757e+01
 3.62000000e+02 0.00000000e+00 6.31539734e+01
 3.63000000e+02 0.00000000e+00 6.41930283e+01
 3.64000000e+02 0.00000000e+00 6.52320831e+01
 3.65000000e+02 0.00000000e+00 6.62711380e+01
 3.66000000e+02 0.00000000e+00 6.73101928e+01
 3.67000000e+02 0.00000000e+00 6.83492477e+01
 3.68000000e+02 0.00000000e+00 6.73883026e+01
 3.69000000e+02 0.00000000e+00 6.74273574e+01
 3.70000000e+02 0.00000000e+00 6.64664123e+01
 3.71000000e+02 0.00000000e+00 6.55054671e+01
 3.72000000e+02 0.00000000e+00 6.45445220e+01
 3.73000000e+02 0.00000000e+00 6.35835768e+01
 3.74000000e+02 0.00000000e+00 6.46226317e+01
 3.75000000e+02 0.00000000e+00 6.66616866e+01
 3.76000000e+02 0.00000000e+00 6.77007414e+01
 3.77000000e+02 0.00000000e+00 6.67397963e+01
 3.78000000e+02 0.00000000e+00 6.67788511e+01
 3.79000000e+02 0.00000000e+00 6.58179060e+01
 3.80000000e+02 0.00000000e+00 6.58569609e+01
 3.81000000e+02 0.00000000e+00 6.48960157e+01
 3.82000000e+02 0.00000000e+00 6.39350706e+01
 3.83000000e+02 0.00000000e+00 6.59741254e+01
 3.84000000e+02 0.00000000e+00 6.50131803e+01
 3.85000000e+02 0.00000000e+00 6.70522351e+01
 3.86000000e+02 0.00000000e+00 6.90912900e+01
 3.87000000e+02 0.00000000e+00 6.91303449e+01
 3.88000000e+02 0.00000000e+00 6.91693997e+01
 3.89000000e+02 0.00000000e+00 7.02084546e+01
 3.90000000e+02 0.00000000e+00 6.92475094e+01
 3.91000000e+02 0.00000000e+00 7.02865643e+01
 3.92000000e+02 0.00000000e+00 7.03256191e+01
 3.93000000e+02 0.00000000e+00 7.03646740e+01
 3.94000000e+02 0.00000000e+00 7.14037289e+01
 3.95000000e+02 0.00000000e+00 7.14427837e+01
 3.96000000e+02 0.00000000e+00 7.14818386e+01
 3.97000000e+02 0.00000000e+00 7.05208934e+01
 3.98000000e+02 0.00000000e+00 7.05599483e+01
 3.99000000e+02 0.00000000e+00 7.05990032e+01
 4.00000000e+02 0.00000000e+00 7.06380580e+01
 4.01000000e+02 0.00000000e+00 7.06771129e+01
 4.02000000e+02 0.00000000e+00 6.97161677e+01
 4.03000000e+02 0.00000000e+00 6.97552226e+01
 4.04000000e+02 0.00000000e+00 6.97942774e+01
 4.05000000e+02 0.00000000e+00 6.98333323e+01
 4.06000000e+02 0.00000000e+00 6.98723872e+01
 4.07000000e+02 0.00000000e+00 6.99114420e+01
 4.08000000e+02 0.00000000e+00 7.09504969e+01
 4.09000000e+02 0.00000000e+00 7.29895517e+01
 4.10000000e+02 0.00000000e+00 7.20286066e+01
 4.11000000e+02 0.00000000e+00 7.00676614e+01
 4.12000000e+02 0.00000000e+00 6.51067163e+01
 4.13000000e+02 0.00000000e+00 6.41457712e+01
 4.14000000e+02 0.00000000e+00 6.31848260e+01
 4.15000000e+02 0.00000000e+00 6.32238809e+01
 4.16000000e+02 0.00000000e+00 6.32629357e+01
 4.17000000e+02 0.00000000e+00 6.83019906e+01
 4.18000000e+02 0.00000000e+00 7.03410455e+01
 4.19000000e+02 0.00000000e+00 7.43801003e+01
 4.20000000e+02 0.00000000e+00 7.34191552e+01
 4.21000000e+02 0.00000000e+00 7.14582100e+01
 4.22000000e+02 0.00000000e+00 7.14972649e+01
 4.23000000e+02 0.00000000e+00 7.05363197e+01
 4.24000000e+02 0.00000000e+00 7.15753746e+01
 4.25000000e+02 0.00000000e+00 7.16144295e+01
 4.26000000e+02 0.00000000e+00 7.16534843e+01
 4.27000000e+02 0.00000000e+00 7.26925392e+01
 4.28000000e+02 0.00000000e+00 7.17315940e+01
 4.29000000e+02 0.00000000e+00 7.07706489e+01
 4.30000000e+02 0.00000000e+00 7.08097037e+01
 4.31000000e+02 0.00000000e+00 7.08487586e+01
 4.32000000e+02 0.00000000e+00 7.08878135e+01
 4.33000000e+02 0.00000000e+00 7.09268683e+01
 4.34000000e+02 0.00000000e+00 7.09659232e+01
 4.35000000e+02 0.00000000e+00 7.10049780e+01
 4.36000000e+02 0.00000000e+00 7.10440329e+01
 4.37000000e+02 0.00000000e+00 7.10830878e+01
 4.38000000e+02 0.00000000e+00 7.11221426e+01
 4.39000000e+02 0.00000000e+00 7.01611975e+01
 4.40000000e+02 0.00000000e+00 7.02002523e+01
 4.41000000e+02 0.00000000e+00 7.02393072e+01
 4.42000000e+02 0.00000000e+00 7.02783620e+01
 4.43000000e+02 0.00000000e+00 6.93174169e+01
 4.44000000e+02 0.00000000e+00 6.83564718e+01
 4.45000000e+02 0.00000000e+00 6.73955266e+01
 4.46000000e+02 0.00000000e+00 6.64345815e+01
 4.47000000e+02 0.00000000e+00 6.54736363e+01
 4.48000000e+02 0.00000000e+00 6.45126912e+01
 4.49000000e+02 0.00000000e+00 6.45517460e+01
 4.50000000e+02 0.00000000e+00 6.45908009e+01
 4.51000000e+02 0.00000000e+00 6.46298558e+01
 4.52000000e+02 0.00000000e+00 6.36689106e+01
 4.53000000e+02 0.00000000e+00 6.37079655e+01
 4.54000000e+02 0.00000000e+00 6.37470203e+01
 4.55000000e+02 0.00000000e+00 6.37860752e+01
 4.56000000e+02 0.00000000e+00 6.38251301e+01
 4.57000000e+02 0.00000000e+00 6.38641849e+01
 4.58000000e+02 0.00000000e+00 6.29032398e+01
 4.59000000e+02 0.00000000e+00 6.29422946e+01
 4.60000000e+02 0.00000000e+00 6.29813495e+01
 4.61000000e+02 0.00000000e+00 6.30204043e+01
 4.62000000e+02 0.00000000e+00 6.20594592e+01
 4.63000000e+02 0.00000000e+00 6.20985141e+01
 4.64000000e+02 0.00000000e+00 6.11375689e+01
 4.65000000e+02 0.00000000e+00 6.11766238e+01
 4.66000000e+02 0.00000000e+00 6.02156786e+01
 4.67000000e+02 0.00000000e+00 6.02547335e+01
 4.68000000e+02 0.00000000e+00 6.02937884e+01
 4.69000000e+02 0.00000000e+00 6.13328432e+01
 4.70000000e+02 0.00000000e+00 6.13718981e+01
 4.71000000e+02 0.00000000e+00 6.14109529e+01
 4.72000000e+02 0.00000000e+00 6.14500078e+01
 4.73000000e+02 0.00000000e+00 5.94890626e+01
 4.74000000e+02 0.00000000e+00 6.15281175e+01
 4.75000000e+02 0.00000000e+00 6.05671724e+01
 4.76000000e+02 0.00000000e+00 6.16062272e+01
 4.77000000e+02 0.00000000e+00 6.26452821e+01
 4.78000000e+02 0.00000000e+00 6.36843369e+01
 4.79000000e+02 0.00000000e+00 6.47233918e+01
 4.80000000e+02 0.00000000e+00 6.57624466e+01
 4.81000000e+02 0.00000000e+00 6.58015015e+01
 4.82000000e+02 0.00000000e+00 6.48405564e+01
 4.83000000e+02 0.00000000e+00 6.48796112e+01
 4.84000000e+02 0.00000000e+00 6.49186661e+01
 4.85000000e+02 0.00000000e+00 6.59577209e+01
 4.86000000e+02 0.00000000e+00 6.59967758e+01
 4.87000000e+02 0.00000000e+00 6.80358307e+01
 4.88000000e+02 0.00000000e+00 6.90748855e+01
 4.89000000e+02 0.00000000e+00 7.31139404e+01
 4.90000000e+02 0.00000000e+00 7.41529952e+01
 4.91000000e+02 0.00000000e+00 7.41920501e+01
 4.92000000e+02 0.00000000e+00 7.32311049e+01
 4.93000000e+02 0.00000000e+00 7.32701598e+01
 4.94000000e+02 0.00000000e+00 7.23092147e+01
 4.95000000e+02 0.00000000e+00 7.63482695e+01
 4.96000000e+02 0.00000000e+00 7.63873244e+01
 4.97000000e+02 0.00000000e+00 7.64263792e+01
 4.98000000e+02 0.00000000e+00 7.74654341e+01
 4.99000000e+02 0.00000000e+00 7.75044889e+01
 5.00000000e+02 0.00000000e+00 7.85435438e+01
 5.01000000e+02 0.00000000e+00 7.95825987e+01
 5.02000000e+02 0.00000000e+00 7.96216535e+01
 5.03000000e+02 0.00000000e+00 7.76607084e+01
 5.04000000e+02 0.00000000e+00 7.66997632e+01
 5.05000000e+02 0.00000000e+00 7.77388181e+01
 5.06000000e+02 0.00000000e+00 7.77778730e+01
 5.07000000e+02 0.00000000e+00 7.88169278e+01
 5.08000000e+02 0.00000000e+00 7.78559827e+01
 5.09000000e+02 0.00000000e+00 7.78950375e+01
 5.10000000e+02 0.00000000e+00 8.19340924e+01
 5.11000000e+02 0.00000000e+00 8.19731472e+01
 5.12000000e+02 0.00000000e+00 8.50122021e+01
 5.13000000e+02 0.00000000e+00 8.50512570e+01
 5.14000000e+02 0.00000000e+00 8.40903118e+01
 5.15000000e+02 0.00000000e+00 8.41293667e+01
 5.16000000e+02 0.00000000e+00 8.41684215e+01
 5.17000000e+02 0.00000000e+00 8.32074764e+01
 5.18000000e+02 0.00000000e+00 8.42465312e+01
 5.19000000e+02 0.00000000e+00 8.22855861e+01
 5.20000000e+02 0.00000000e+00 8.23246410e+01
 5.21000000e+02 0.00000000e+00 8.23636958e+01
 5.22000000e+02 0.00000000e+00 8.24027507e+01
 5.23000000e+02 0.00000000e+00 8.24418055e+01
 5.24000000e+02 0.00000000e+00 8.24808604e+01
 5.25000000e+02 0.00000000e+00 8.25199153e+01
 5.26000000e+02 0.00000000e+00 8.35589701e+01
 5.27000000e+02 0.00000000e+00 8.25980250e+01
 5.28000000e+02 0.00000000e+00 8.26370798e+01
 5.29000000e+02 0.00000000e+00 8.16761347e+01
 5.30000000e+02 0.00000000e+00 8.27151895e+01
 5.31000000e+02 0.00000000e+00 8.27542444e+01
 5.32000000e+02 0.00000000e+00 8.17932993e+01
 5.33000000e+02 0.00000000e+00 8.18323541e+01
 5.34000000e+02 0.00000000e+00 8.08714090e+01
 5.35000000e+02 0.00000000e+00 8.09104638e+01
 5.36000000e+02 0.00000000e+00 8.09495187e+01
 5.37000000e+02 0.00000000e+00 8.19885735e+01
 5.38000000e+02 0.00000000e+00 8.20276284e+01
 5.39000000e+02 0.00000000e+00 8.20666833e+01
 5.40000000e+02 0.00000000e+00 8.01057381e+01
 5.41000000e+02 0.00000000e+00 8.01447930e+01
 5.42000000e+02 0.00000000e+00 7.71838478e+01
 5.43000000e+02 0.00000000e+00 7.82229027e+01
 5.44000000e+02 0.00000000e+00 7.82619576e+01
 5.45000000e+02 0.00000000e+00 8.03010124e+01
 5.46000000e+02 0.00000000e+00 8.43400673e+01
 5.47000000e+02 0.00000000e+00 8.43791221e+01
 5.48000000e+02 0.00000000e+00 8.44181770e+01
 5.52000000e+02 0.00000000e+00 8.25743964e+01
 5.53000000e+02 0.00000000e+00 8.16134513e+01
 5.54000000e+02 0.00000000e+00 8.16525061e+01
 5.55000000e+02 0.00000000e+00 8.16915610e+01
 5.56000000e+02 0.00000000e+00 8.17306159e+01
 5.57000000e+02 0.00000000e+00 8.07696707e+01
 5.58000000e+02 0.00000000e+00 8.08087256e+01
 5.59000000e+02 0.00000000e+00 8.08477804e+01
 5.60000000e+02 0.00000000e+00 8.08868353e+01
 5.61000000e+02 0.00000000e+00 8.09258901e+01
 5.62000000e+02 0.00000000e+00 8.09649450e+01
 5.63000000e+02 0.00000000e+00 8.00039999e+01
 5.64000000e+02 0.00000000e+00 8.00430547e+01
 5.65000000e+02 0.00000000e+00 8.10821096e+01
 5.66000000e+02 0.00000000e+00 8.11211644e+01
 5.67000000e+02 0.00000000e+00 8.21602193e+01
 5.68000000e+02 0.00000000e+00 8.21992741e+01
 5.69000000e+02 0.00000000e+00 8.22383290e+01
 5.70000000e+02 0.00000000e+00 8.22773839e+01
 5.71000000e+02 0.00000000e+00 8.23164387e+01
 5.72000000e+02 0.00000000e+00 8.13554936e+01
 5.73000000e+02 0.00000000e+00 7.93945484e+01
 5.74000000e+02 0.00000000e+00 7.94336033e+01
 5.75000000e+02 0.00000000e+00 7.94726582e+01
 5.76000000e+02 0.00000000e+00 8.65117130e+01
 5.77000000e+02 0.00000000e+00 8.55507679e+01
 5.78000000e+02 0.00000000e+00 8.55898227e+01
 5.79000000e+02 0.00000000e+00 8.66288776e+01
 5.80000000e+02 0.00000000e+00 8.76679324e+01
 5.81000000e+02 0.00000000e+00 8.87069873e+01
 5.82000000e+02 0.00000000e+00 8.87460422e+01
 5.83000000e+02 0.00000000e+00 8.97850970e+01
 5.84000000e+02 0.00000000e+00 9.08241519e+01
 5.85000000e+02 0.00000000e+00 9.08632067e+01
 5.86000000e+02 0.00000000e+00 9.09022616e+01
 5.87000000e+02 0.00000000e+00 9.19413164e+01
 5.88000000e+02 0.00000000e+00 9.29803713e+01
 5.89000000e+02 0.00000000e+00 9.40194262e+01
 5.90000000e+02 0.00000000e+00 9.40584810e+01
 5.91000000e+02 0.00000000e+00 9.40975359e+01
 5.92000000e+02 0.00000000e+00 9.41365907e+01
 5.93000000e+02 0.00000000e+00 9.31756456e+01
 5.94000000e+02 0.00000000e+00 9.32147005e+01
 5.95000000e+02 0.00000000e+00 9.22537553e+01
 5.96000000e+02 0.00000000e+00 9.22928102e+01
 5.97000000e+02 0.00000000e+00 9.23318650e+01
 5.98000000e+02 0.00000000e+00 9.13709199e+01
 5.99000000e+02 0.00000000e+00 9.04099747e+01
 6.00000000e+02 0.00000000e+00 9.04490296e+01
 6.01000000e+02 0.00000000e+00 9.04880845e+01
 6.02000000e+02 0.00000000e+00 9.05271393e+01
 6.03000000e+02 0.00000000e+00 9.05661942e+01
 6.04000000e+02 0.00000000e+00 9.06052490e+01
 6.05000000e+02 0.00000000e+00 9.06443039e+01
 6.06000000e+02 0.00000000e+00 8.96833587e+01
 6.07000000e+02 0.00000000e+00 9.07224136e+01
 6.08000000e+02 0.00000000e+00 9.07614685e+01
 6.09000000e+02 0.00000000e+00 9.18005233e+01
 6.10000000e+02 0.00000000e+00 9.18395782e+01
 6.11000000e+02 0.00000000e+00 9.28786330e+01
 6.12000000e+02 0.00000000e+00 9.29176879e+01
 6.13000000e+02 0.00000000e+00 9.29567428e+01
 6.14000000e+02 0.00000000e+00 9.29957976e+01
 6.15000000e+02 0.00000000e+00 9.30348525e+01
 6.16000000e+02 0.00000000e+00 9.30739073e+01
 6.17000000e+02 0.00000000e+00 9.21129622e+01
 6.18000000e+02 0.00000000e+00 9.21520170e+01
 6.19000000e+02 0.00000000e+00 9.21910719e+01
 6.20000000e+02 0.00000000e+00 9.22301268e+01
 6.21000000e+02 0.00000000e+00 9.12691816e+01
 6.22000000e+02 0.00000000e+00 9.13082365e+01
 6.23000000e+02 0.00000000e+00 9.13472913e+01
 6.24000000e+02 0.00000000e+00 9.03863462e+01
 6.25000000e+02 0.00000000e+00 9.04254010e+01
 6.26000000e+02 0.00000000e+00 8.94644559e+01
 6.27000000e+02 0.00000000e+00 8.95035108e+01
 6.28000000e+02 0.00000000e+00 8.95425656e+01
 6.29000000e+02 0.00000000e+00 8.95816205e+01
 6.30000000e+02 0.00000000e+00 8.96206753e+01
 6.31000000e+02 0.00000000e+00 8.96597302e+01
 6.32000000e+02 0.00000000e+00 8.96987851e+01
 6.33000000e+02 0.00000000e+00 8.97378399e+01
 6.34000000e+02 0.00000000e+00 9.07768948e+01
 6.35000000e+02 0.00000000e+00 9.08159496e+01
 6.36000000e+02 0.00000000e+00 9.08550045e+01
 6.37000000e+02 0.00000000e+00 9.18940593e+01
 6.38000000e+02 0.00000000e+00 9.09331142e+01
 6.39000000e+02 0.00000000e+00 9.09721691e+01
 6.40000000e+02 0.00000000e+00 9.10112239e+01
 6.41000000e+02 0.00000000e+00 9.10502788e+01
 6.42000000e+02 0.00000000e+00 9.20893336e+01
 6.43000000e+02 0.00000000e+00 9.31283885e+01
 6.44000000e+02 0.00000000e+00 9.31674434e+01
 6.45000000e+02 0.00000000e+00 9.42064982e+01
 6.46000000e+02 0.00000000e+00 9.52455531e+01
 6.47000000e+02 0.00000000e+00 9.62846079e+01
 6.48000000e+02 0.00000000e+00 9.63236628e+01
 6.49000000e+02 0.00000000e+00 9.63627176e+01
 6.50000000e+02 0.00000000e+00 9.64017725e+01
 6.51000000e+02 0.00000000e+00 9.64408274e+01
 6.52000000e+02 0.00000000e+00 9.64798822e+01
 6.53000000e+02 0.00000000e+00 9.65189371e+01
 6.54000000e+02 0.00000000e+00 9.75579919e+01
 6.55000000e+02 0.00000000e+00 9.75970468e+01
 6.56000000e+02 0.00000000e+00 9.76361016e+01
 6.57000000e+02 0.00000000e+00 9.86751565e+01
 6.58000000e+02 0.00000000e+00 9.87142114e+01
 6.59000000e+02 0.00000000e+00 9.87532662e+01
 6.60000000e+02 0.00000000e+00 9.77923211e+01
 6.61000000e+02 0.00000000e+00 9.78313759e+01
 6.62000000e+02 0.00000000e+00 9.78704308e+01
 6.63000000e+02 0.00000000e+00 9.89094857e+01
 6.64000000e+02 0.00000000e+00 9.79485405e+01
 6.65000000e+02 0.00000000e+00 9.79875954e+01
 6.66000000e+02 0.00000000e+00 9.80266502e+01
 6.67000000e+02 0.00000000e+00 9.80657051e+01
 6.68000000e+02 0.00000000e+00 9.81047599e+01
 6.69000000e+02 0.00000000e+00 9.71438148e+01
 6.70000000e+02 0.00000000e+00 9.71828697e+01
 6.71000000e+02 0.00000000e+00 9.72219245e+01
 6.72000000e+02 0.00000000e+00 9.72609794e+01
 6.73000000e+02 0.00000000e+00 9.73000342e+01
 6.74000000e+02 0.00000000e+00 9.73390891e+01
 6.75000000e+02 0.00000000e+00 9.73781439e+01
 6.76000000e+02 0.00000000e+00 9.74171988e+01
 6.77000000e+02 0.00000000e+00 9.74562537e+01
 6.78000000e+02 0.00000000e+00 9.64953085e+01
 6.79000000e+02 0.00000000e+00 1.04534363e+02
 6.80000000e+02 0.00000000e+00 1.04573418e+02
 6.81000000e+02 0.00000000e+00 1.04612473e+02
 6.82000000e+02 0.00000000e+00 1.05651528e+02
 6.83000000e+02 0.00000000e+00 1.04690583e+02
 6.84000000e+02 0.00000000e+00 1.04729638e+02
 6.85000000e+02 0.00000000e+00 1.03768693e+02
 6.86000000e+02 0.00000000e+00 1.02807747e+02
 6.87000000e+02 0.00000000e+00 1.02846802e+02
 6.88000000e+02 0.00000000e+00 1.00885857e+02
 6.89000000e+02 0.00000000e+00 1.00924912e+02
 6.90000000e+02 0.00000000e+00 1.00963967e+02
 6.91000000e+02 0.00000000e+00 1.01003022e+02
 6.92000000e+02 0.00000000e+00 1.01042077e+02
 6.93000000e+02 0.00000000e+00 1.01081131e+02
 6.94000000e+02 0.00000000e+00 1.01120186e+02
 6.95000000e+02 0.00000000e+00 1.01159241e+02
 6.96000000e+02 0.00000000e+00 1.01198296e+02
 6.97000000e+02 0.00000000e+00 1.01237351e+02
 6.98000000e+02 0.00000000e+00 1.01276406e+02
 6.99000000e+02 0.00000000e+00 1.00315461e+02
 7.00000000e+02 0.00000000e+00 9.93545154e+01
