 3.00000000e+00 3.30000000e+01 2.81332794e+01
 4.00000000e+00 3.30000000e+01 2.91723343e+01
 5.00000000e+00 3.30000000e+01 2.92113891e+01
 6.00000000e+00 3.30000000e+01 2.82504440e+01
 7.00000000e+00 3.30000000e+01 2.72894988e+01
 8.00000000e+00 3.30000000e+01 2.73285537e+01
 9.00000000e+00 3.30000000e+01 2.73676086e+01
 1.00000000e+01 3.30000000e+01 2.64066634e+01
 1.10000000e+01 3.30000000e+01 2.64457183e+01
 1.20000000e+01 3.30000000e+01 2.74847731e+01
 1.30000000e+01 3.30000000e+01 2.65238280e+01
 1.40000000e+01 3.30000000e+01 2.65628828e+01
 1.50000000e+01 3.30000000e+01 2.66019377e+01
 1.60000000e+01 3.30000000e+01 2.76409926e+01
 1.70000000e+01 3.30000000e+01 2.76800474e+01
 2.30000000e+01 3.30000000e+01 9.91437656e+00
 2.40000000e+01 3.30000000e+01 9.95343142e+00
 2.50000000e+01 3.30000000e+01 1.09924863e+01
 2.60000000e+01 3.30000000e+01 1.00315411e+01
 2.70000000e+01 3.30000000e+01 9.07059599e+00
 2.80000000e+01 3.30000000e+01 8.10965085e+00
 2.90000000e+01 3.30000000e+01 8.14870571e+00
 3.00000000e+01 3.30000000e+01 7.18776057e+00
 3.10000000e+01 3.30000000e+01 7.22681543e+00
 3.20000000e+01 3.30000000e+01 8.26587028e+00
 3.30000000e+01 3.30000000e+01 8.30492514e+00
 3.40000000e+01 3.30000000e+01 1.03439800e+01
 3.50000000e+01 3.30000000e+01 1.03830349e+01
 3.60000000e+01 3.30000000e+01 9.42208972e+00
 3.70000000e+01 3.30000000e+01 9.46114457e+00
 3.80000000e+01 3.30000000e+01 9.50019943e+00
 3.90000000e+01 3.30000000e+01 9.53925429e+00
 4.00000000e+01 3.30000000e+01 1.25783091e+01
 4.10000000e+01 3.30000000e+01 1.46173640e+01
 4.20000000e+01 3.30000000e+01 1.46564189e+01
 4.30000000e+01 3.30000000e+01 1.46954737e+01
 4.40000000e+01 3.30000000e+01 1.47345286e+01
 4.50000000e+01 3.30000000e+01 1.47735834e+01
 4.60000000e+01 3.30000000e+01 1.68126383e+01
 4.70000000e+01 3.30000000e+01 1.78516932e+01
 4.80000000e+01 3.30000000e+01 7.89074801e+00
 4.90000000e+01 3.30000000e+01 8.92980287e+00
 5.00000000e+01 3.30000000e+01 8.96885773e+00
 5.10000000e+01 3.30000000e+01 9.00791258e+00
 5.20000000e+01 3.30000000e+01 9.04696744e+00
 5.30000000e+01 3.30000000e+01 9.08602230e+00
 5.40000000e+01 3.30000000e+01 9.12507716e+00
 5.50000000e+01 3.30000000e+01 9.16413202e+00
 5.60000000e+01 3.30000000e+01 8.20318687e+00
 5.70000000e+01 3.30000000e+01 8.24224173e+00
 5.80000000e+01 3.30000000e+01 7.28129659e+00
 5.90000000e+01 3.30000000e+01 6.32035145e+00
 6.00000000e+01 3.30000000e+01 6.35940631e+00
 6.10000000e+01 3.30000000e+01 6.39846116e+00
 6.20000000e+01 3.30000000e+01 6.43751602e+00
 6.30000000e+01 3.30000000e+01 6.47657088e+00
 6.40000000e+01 3.30000000e+01 6.51562574e+00
 6.50000000e+01 3.30000000e+01 6.55468060e+00
 6.60000000e+01 3.30000000e+01 1.05937355e+01
 6.70000000e+01 3.30000000e+01 1.16327903e+01
 6.80000000e+01 3.30000000e+01 1.36718452e+01
 6.90000000e+01 3.30000000e+01 1.57109000e+01
 7.00000000e+01 3.30000000e+01 1.57499549e+01
 7.10000000e+01 3.30000000e+01 1.77890097e+01
 7.20000000e+01 3.30000000e+01 1.78280646e+01
 7.30000000e+01 3.30000000e+01 1.78671195e+01
 7.40000000e+01 3.30000000e+01 1.79061743e+01
 7.50000000e+01 3.30000000e+01 1.89452292e+01
 7.60000000e+01 3.30000000e+01 1.89842840e+01
 7.70000000e+01 3.30000000e+01 2.00233389e+01
 7.80000000e+01 3.30000000e+01 2.00623937e+01
 7.90000000e+01 3.30000000e+01 2.01014486e+01
 8.00000000e+01 3.30000000e+01 2.01405035e+01
 8.10000000e+01 3.30000000e+01 1.91795583e+01
 8.20000000e+01 3.30000000e+01 1.92186132e+01
 8.30000000e+01 3.30000000e+01 1.92576680e+01
 8.40000000e+01 3.30000000e+01 1.92967229e+01
 8.50000000e+01 3.30000000e+01 1.93357778e+01
 8.60000000e+01 3.30000000e+01 1.83748326e+01
 8.70000000e+01 3.30000000e+01 1.94138875e+01
 8.80000000e+01 3.30000000e+01 2.04529423e+01
 8.90000000e+01 3.30000000e+01 1.94919972e+01
 9.00000000e+01 3.30000000e+01 1.95310520e+01
 9.10000000e+01 3.30000000e+01 1.95701069e+01
 9.20000000e+01 3.30000000e+01 1.96091618e+01
 9.30000000e+01 3.30000000e+01 1.86482166e+01
 9.40000000e+01 3.30000000e+01 1.76872715e+01
 9.50000000e+01 3.30000000e+01 1.77263263e+01
 9.60000000e+01 3.30000000e+01 1.77653812e+01
 9.70000000e+01 3.30000000e+01 1.88044361e+01
 9.80000000e+01 3.30000000e+01 1.78434909e+01
 9.90000000e+01 3.30000000e+01 1.78825458e+01
 1.00000000e+02 3.30000000e+01 1.79216006e+01
 1.01000000e+02 3.30000000e+01 1.69606555e+01
 1.02000000e+02 3.30000000e+01 1.69997103e+01
 1.03000000e+02 3.30000000e+01 1.80387652e+01
 1.04000000e+02 3.30000000e+01 1.60778201e+01
 1.05000000e+02 3.30000000e+01 1.51168749e+01
 1.06000000e+02 3.30000000e+01 1.51559298e+01
 1.07000000e+02 3.30000000e+01 1.41949846e+01
 1.08000000e+02 3.30000000e+01 1.42340395e+01
 1.09000000e+02 3.30000000e+01 1.42730943e+01
 1.10000000e+02 3.30000000e+01 1.43121492e+01
 1.11000000e+02 3.30000000e+01 1.53512041e+01
 1.12000000e+02 3.30000000e+01 1.53902589e+01
 1.13000000e+02 3.30000000e+01 1.54293138e+01
 1.14000000e+02 3.30000000e+01 1.34683686e+01
 1.15000000e+02 3.30000000e+01 1.25074235e+01
 1.16000000e+02 3.30000000e+01 1.25464784e+01
 1.17000000e+02 3.30000000e+01 1.25855332e+01
 1.18000000e+02 3.30000000e+01 1.26245881e+01
 1.19000000e+02 3.30000000e+01 1.26636429e+01
 1.20000000e+02 3.30000000e+01 1.27026978e+01
 1.21000000e+02 3.30000000e+01 1.17417526e+01
 1.22000000e+02 3.30000000e+01 1.17808075e+01
 1.23000000e+02 3.30000000e+01 1.18198624e+01
 1.24000000e+02 3.30000000e+01 1.18589172e+01
 1.25000000e+02 3.30000000e+01 1.18979721e+01
 1.26000000e+02 3.30000000e+01 1.19370269e+01
 1.27000000e+02 3.30000000e+01 1.29760818e+01
 1.28000000e+02 3.30000000e+01 1.30151366e+01
 1.29000000e+02 3.30000000e+01 1.30541915e+01
 1.30000000e+02 3.30000000e+01 1.50932464e+01
 1.31000000e+02 3.30000000e+01 1.41323012e+01
 1.32000000e+02 3.30000000e+01 1.41713561e+01
 1.33000000e+02 3.30000000e+01 1.42104109e+01
 1.34000000e+02 3.30000000e+01 1.32494658e+01
 1.35000000e+02 3.30000000e+01 1.32885207e+01
 1.36000000e+02 3.30000000e+01 1.43275755e+01
 1.37000000e+02 3.30000000e+01 1.63666304e+01
 1.38000000e+02 3.30000000e+01 1.84056852e+01
 1.39000000e+02 3.30000000e+01 1.84447401e+01
 1.40000000e+02 3.30000000e+01 1.84837949e+01
 1.41000000e+02 3.30000000e+01 1.85228498e+01
 1.42000000e+02 3.30000000e+01 1.95619047e+01
 1.43000000e+02 3.30000000e+01 1.86009595e+01
 1.44000000e+02 3.30000000e+01 1.76400144e+01
 1.45000000e+02 3.30000000e+01 1.66790692e+01
 1.46000000e+02 3.30000000e+01 1.57181241e+01
 1.47000000e+02 3.30000000e+01 1.67571789e+01
 1.48000000e+02 3.30000000e+01 1.67962338e+01
 1.49000000e+02 3.30000000e+01 8.83528866e+00
 1.50000000e+02 3.30000000e+01 8.87434352e+00
 1.51000000e+02 3.30000000e+01 9.91339838e+00
 1.52000000e+02 3.30000000e+01 9.95245324e+00
 1.53000000e+02 3.30000000e+01 9.99150810e+00
 1.54000000e+02 3.30000000e+01 1.10305630e+01
 1.55000000e+02 3.30000000e+01 1.20696178e+01
 1.56000000e+02 3.30000000e+01 1.41086727e+01
 1.57000000e+02 3.30000000e+01 1.41477275e+01
 1.58000000e+02 3.30000000e+01 1.41867824e+01
 1.59000000e+02 3.30000000e+01 1.72258372e+01
 1.60000000e+02 3.30000000e+01 1.72648921e+01
 1.61000000e+02 3.30000000e+01 1.63039470e+01
 1.62000000e+02 3.30000000e+01 1.63430018e+01
 1.63000000e+02 3.30000000e+01 1.73820567e+01
 1.64000000e+02 3.30000000e+01 1.74211115e+01
 1.65000000e+02 3.30000000e+01 1.74601664e+01
 1.66000000e+02 3.30000000e+01 1.74992212e+01
 1.67000000e+02 3.30000000e+01 1.85382761e+01
 1.68000000e+02 3.30000000e+01 1.95773310e+01
 1.69000000e+02 3.30000000e+01 1.96163858e+01
 1.70000000e+02 3.30000000e+01 1.96554407e+01
 1.71000000e+02 3.30000000e+01 1.66944955e+01
 1.72000000e+02 3.30000000e+01 1.57335504e+01
 1.73000000e+02 3.30000000e+01 1.57726053e+01
 1.74000000e+02 3.30000000e+01 1.58116601e+01
 1.75000000e+02 3.30000000e+01 1.68507150e+01
 1.76000000e+02 3.30000000e+01 1.68897698e+01
 1.77000000e+02 3.30000000e+01 1.69288247e+01
 1.78000000e+02 3.30000000e+01 1.79678795e+01
 1.79000000e+02 3.30000000e+01 1.90069344e+01
 1.80000000e+02 3.30000000e+01 2.00459893e+01
 1.81000000e+02 3.30000000e+01 2.00850441e+01
 1.82000000e+02 3.30000000e+01 2.01240990e+01
 1.83000000e+02 3.30000000e+01 2.11631538e+01
 1.84000000e+02 3.30000000e+01 2.12022087e+01
 1.85000000e+02 3.30000000e+01 2.12412636e+01
 1.86000000e+02 3.30000000e+01 2.12803184e+01
 1.87000000e+02 3.30000000e+01 2.03193733e+01
 1.88000000e+02 3.30000000e+01 2.03584281e+01
 1.89000000e+02 3.30000000e+01 1.63974830e+01
 1.90000000e+02 3.30000000e+01 1.54365378e+01
 1.91000000e+02 3.30000000e+01 1.54755927e+01
 1.92000000e+02 3.30000000e+01 1.65146476e+01
 1.93000000e+02 3.30000000e+01 1.85537024e+01
 1.94000000e+02 3.30000000e+01 2.25927573e+01
 1.95000000e+02 3.30000000e+01 2.36318121e+01
 1.96000000e+02 3.30000000e+01 2.26708670e+01
 1.97000000e+02 3.30000000e+01 1.87099218e+01
 1.98000000e+02 3.30000000e+01 1.87489767e+01
 1.99000000e+02 3.30000000e+01 1.87880316e+01
 2.00000000e+02 3.30000000e+01 1.78270864e+01
 2.01000000e+02 3.30000000e+01 1.78661413e+01
 2.02000000e+02 3.30000000e+01 1.79051961e+01
 2.03000000e+02 3.30000000e+01 1.79442510e+01
 2.04000000e+02 3.30000000e+01 1.59833059e+01
 2.05000000e+02 3.30000000e+01 1.40223607e+01
 2.06000000e+02 3.30000000e+01 1.70614156e+01
 2.07000000e+02 3.30000000e+01 1.71004704e+01
 2.08000000e+02 3.30000000e+01 1.81395253e+01
 2.09000000e+02 3.30000000e+01 1.81785801e+01
 2.10000000e+02 3.30000000e+01 1.72176350e+01
 2.11000000e+02 3.30000000e+01 1.82566899e+01
 2.12000000e+02 3.30000000e+01 1.72957447e+01
 2.13000000e+02 3.30000000e+01 1.73347996e+01
 2.14000000e+02 3.30000000e+01 1.53738544e+01
 2.15000000e+02 3.30000000e+01 1.54129093e+01
 2.16000000e+02 3.30000000e+01 1.44519641e+01
 2.17000000e+02 3.30000000e+01 1.34910190e+01
 2.18000000e+02 3.30000000e+01 1.15300739e+01
 2.19000000e+02 3.30000000e+01 1.15691287e+01
 2.20000000e+02 3.30000000e+01 1.26081836e+01
 2.21000000e+02 3.30000000e+01 1.36472384e+01
 2.22000000e+02 3.30000000e+01 1.36862933e+01
 2.23000000e+02 3.30000000e+01 1.37253482e+01
 2.24000000e+02 3.30000000e+01 1.37644030e+01
 2.25000000e+02 3.30000000e+01 1.48034579e+01
 2.26000000e+02 3.30000000e+01 1.38425127e+01
 2.27000000e+02 3.30000000e+01 1.38815676e+01
 2.28000000e+02 3.30000000e+01 1.39206224e+01
 2.29000000e+02 3.30000000e+01 1.29596773e+01
 2.30000000e+02 3.30000000e+01 1.29987322e+01
 2.31000000e+02 3.30000000e+01 1.20377870e+01
 2.32000000e+02 3.30000000e+01 1.60768419e+01
 2.33000000e+02 3.30000000e+01 2.31158967e+01
 2.34000000e+02 3.30000000e+01 2.21549516e+01
 2.35000000e+02 3.30000000e+01 2.11940064e+01
 2.36000000e+02 3.30000000e+01 2.12330613e+01
 2.37000000e+02 3.30000000e+01 2.02721162e+01
 2.38000000e+02 3.30000000e+01 2.13111710e+01
 2.39000000e+02 3.30000000e+01 2.13502259e+01
 2.40000000e+02 3.30000000e+01 2.03892807e+01
 2.41000000e+02 3.30000000e+01 1.84283356e+01
 2.42000000e+02 3.30000000e+01 1.84673905e+01
 2.43000000e+02 3.30000000e+01 1.85064453e+01
 2.44000000e+02 3.30000000e+01 1.75455002e+01
 2.45000000e+02 3.30000000e+01 1.55845550e+01
 2.46000000e+02 3.30000000e+01 1.56236099e+01
 2.47000000e+02 3.30000000e+01 1.36626647e+01
 2.48000000e+02 3.30000000e+01 1.37017196e+01
 2.49000000e+02 3.30000000e+01 1.37407745e+01
 2.50000000e+02 3.30000000e+01 1.37798293e+01
 2.51000000e+02 3.30000000e+01 1.38188842e+01
 2.52000000e+02 3.30000000e+01 1.38579390e+01
 2.53000000e+02 3.30000000e+01 1.48969939e+01
 2.54000000e+02 3.30000000e+01 1.49360487e+01
 2.55000000e+02 3.30000000e+01 1.59751036e+01
 2.56000000e+02 3.30000000e+01 1.60141585e+01
 2.57000000e+02 3.30000000e+01 1.60532133e+01
 2.58000000e+02 3.30000000e+01 1.50922682e+01
 2.59000000e+02 3.30000000e+01 1.51313230e+01
 2.60000000e+02 3.30000000e+01 1.61703779e+01
 2.61000000e+02 3.30000000e+01 1.62094328e+01
 2.62000000e+02 3.30000000e+01 1.62484876e+01
 2.63000000e+02 3.30000000e+01 1.72875425e+01
 2.64000000e+02 3.30000000e+01 1.73265973e+01
 2.65000000e+02 3.30000000e+01 1.83656522e+01
 2.66000000e+02 3.30000000e+01 1.84047070e+01
 2.67000000e+02 3.30000000e+01 1.84437619e+01
 2.68000000e+02 3.30000000e+01 2.04828168e+01
 2.69000000e+02 3.30000000e+01 2.05218716e+01
 2.75000000e+02 3.30000000e+01 1.57562008e+01
 2.76000000e+02 3.30000000e+01 1.77952556e+01
 2.77000000e+02 3.30000000e+01 1.88343105e+01
 2.78000000e+02 3.30000000e+01 1.88733653e+01
 2.79000000e+02 3.30000000e+01 1.79124202e+01
 2.80000000e+02 3.30000000e+01 1.89514751e+01
 2.81000000e+02 3.30000000e+01 1.89905299e+01
 2.82000000e+02 3.30000000e+01 1.90295848e+01
 2.83000000e+02 3.30000000e+01 1.90686396e+01
 2.84000000e+02 3.30000000e+01 1.91076945e+01
 2.85000000e+02 3.30000000e+01 1.81467493e+01
 2.86000000e+02 3.30000000e+01 1.81858042e+01
 2.87000000e+02 3.30000000e+01 1.92248591e+01
 2.88000000e+02 3.30000000e+01 1.92639139e+01
 2.89000000e+02 3.30000000e+01 2.33029688e+01
 2.90000000e+02 3.30000000e+01 2.43420236e+01
 2.91000000e+02 3.30000000e+01 2.43810785e+01
 2.92000000e+02 3.30000000e+01 2.44201334e+01
 2.93000000e+02 3.30000000e+01 2.54591882e+01
 2.94000000e+02 3.30000000e+01 2.74982431e+01
 2.95000000e+02 3.30000000e+01 2.75372979e+01
 2.96000000e+02 3.30000000e+01 2.75763528e+01
 2.97000000e+02 3.30000000e+01 2.66154076e+01
 2.98000000e+02 3.30000000e+01 2.66544625e+01
 2.99000000e+02 3.30000000e+01 2.76935174e+01
 3.00000000e+02 3.30000000e+01 2.67325722e+01
 3.01000000e+02 3.30000000e+01 2.57716271e+01
 3.02000000e+02 3.30000000e+01 2.48106819e+01
 3.03000000e+02 3.30000000e+01 2.38497368e+01
 3.04000000e+02 3.30000000e+01 2.48887916e+01
 3.05000000e+02 3.30000000e+01 2.49278465e+01
 3.06000000e+02 3.30000000e+01 2.59669014e+01
 3.07000000e+02 3.30000000e+01 2.70059562e+01
 3.08000000e+02 3.30000000e+01 2.70450111e+01
 3.09000000e+02 3.30000000e+01 2.50840659e+01
 3.10000000e+02 3.30000000e+01 2.31231208e+01
 3.11000000e+02 3.30000000e+01 2.31621757e+01
 3.12000000e+02 3.30000000e+01 2.42012305e+01
 3.13000000e+02 3.30000000e+01 2.42402854e+01
 3.14000000e+02 3.30000000e+01 2.42793402e+01
 3.15000000e+02 3.30000000e+01 2.43183951e+01
 3.16000000e+02 3.30000000e+01 2.53574499e+01
 3.17000000e+02 3.30000000e+01 2.53965048e+01
 3.18000000e+02 3.30000000e+01 2.54355597e+01
 3.19000000e+02 3.30000000e+01 2.54746145e+01
 3.20000000e+02 3.30000000e+01 2.45136694e+01
 3.21000000e+02 3.30000000e+01 2.55527242e+01
 3.22000000e+02 3.30000000e+01 2.45917791e+01
 3.23000000e+02 3.30000000e+01 2.56308339e+01
 3.24000000e+02 3.30000000e+01 2.36698888e+01
 3.25000000e+02 3.30000000e+01 2.47089437e+01
 3.26000000e+02 3.30000000e+01 2.37479985e+01
 3.27000000e+02 3.30000000e+01 2.37870534e+01
 3.28000000e+02 3.30000000e+01 2.48261082e+01
 3.29000000e+02 3.30000000e+01 2.48651631e+01
 3.30000000e+02 3.30000000e+01 2.49042180e+01
 3.31000000e+02 3.30000000e+01 2.49432728e+01
 3.32000000e+02 3.30000000e+01 2.49823277e+01
 3.33000000e+02 3.30000000e+01 2.40213825e+01
 3.34000000e+02 3.30000000e+01 2.50604374e+01
 3.35000000e+02 3.30000000e+01 2.30994922e+01
 3.36000000e+02 3.30000000e+01 2.31385471e+01
 3.37000000e+02 3.30000000e+01 2.31776020e+01
 3.38000000e+02 3.30000000e+01 2.32166568e+01
 3.39000000e+02 3.30000000e+01 2.42557117e+01
 3.40000000e+02 3.30000000e+01 2.22947665e+01
 3.41000000e+02 3.30000000e+01 2.13338214e+01
 3.42000000e+02 3.30000000e+01 1.93728762e+01
 3.43000000e+02 3.30000000e+01 1.94119311e+01
 3.44000000e+02 3.30000000e+01 2.04509860e+01
 3.45000000e+02 3.30000000e+01 1.94900408e+01
 3.46000000e+02 3.30000000e+01 1.95290957e+01
 3.47000000e+02 3.30000000e+01 1.95681505e+01
 3.48000000e+02 3.30000000e+01 2.26072054e+01
 3.49000000e+02 3.30000000e+01 2.26462603e+01
 3.50000000e+02 3.30000000e+01 2.26853151e+01
 3.51000000e+02 3.30000000e+01 2.27243700e+01
 3.52000000e+02 3.30000000e+01 2.17634248e+01
 3.53000000e+02 3.30000000e+01 2.18024797e+01
 3.54000000e+02 3.30000000e+01 2.28415345e+01
 3.55000000e+02 3.30000000e+01 2.28805894e+01
 3.56000000e+02 3.30000000e+01 2.29196443e+01
 3.57000000e+02 3.30000000e+01 2.29586991e+01
 3.58000000e+02 3.30000000e+01 2.29977540e+01
 3.59000000e+02 3.30000000e+01 2.30368088e+01
 3.60000000e+02 3.30000000e+01 2.30758637e+01
 3.61000000e+02 3.30000000e+01 2.21149185e+01
 3.62000000e+02 3.30000000e+01 2.31539734e+01
 3.63000000e+02 3.30000000e+01 2.41930283e+01
 3.64000000e+02 3.30000000e+01 2.42320831e+01
 3.65000000e+02 3.30000000e+01 2.42711380e+01
 3.66000000e+02 3.30000000e+01 2.63101928e+01
 3.67000000e+02 3.30000000e+01 2.63492477e+01
 3.68000000e+02 3.30000000e+01 2.63883026e+01
 3.69000000e+02 3.30000000e+01 2.54273574e+01
 3.70000000e+02 3.30000000e+01 2.44664123e+01
 3.71000000e+02 3.30000000e+01 2.45054671e+01
 3.72000000e+02 3.30000000e+01 2.45445220e+01
 3.73000000e+02 3.30000000e+01 2.35835768e+01
 3.74000000e+02 3.30000000e+01 2.46226317e+01
 3.75000000e+02 3.30000000e+01 2.46616866e+01
 3.76000000e+02 3.30000000e+01 2.37007414e+01
 3.77000000e+02 3.30000000e+01 2.27397963e+01
 3.78000000e+02 3.30000000e+01 2.27788511e+01
 3.79000000e+02 3.30000000e+01 2.28179060e+01
 3.80000000e+02 3.30000000e+01 2.18569609e+01
 3.81000000e+02 3.30000000e+01 2.38960157e+01
 3.82000000e+02 3.30000000e+01 2.39350706e+01
 3.83000000e+02 3.30000000e+01 2.49741254e+01
 3.84000000e+02 3.30000000e+01 2.70131803e+01
 3.85000000e+02 3.30000000e+01 2.50522351e+01
 3.86000000e+02 3.30000000e+01 2.50912900e+01
 3.87000000e+02 3.30000000e+01 2.71303449e+01
 3.88000000e+02 3.30000000e+01 2.61693997e+01
 3.89000000e+02 3.30000000e+01 2.62084546e+01
 3.90000000e+02 3.30000000e+01 2.62475094e+01
 3.91000000e+02 3.30000000e+01 2.72865643e+01
 3.92000000e+02 3.30000000e+01 2.83256191e+01
 3.93000000e+02 3.30000000e+01 2.93646740e+01
 3.94000000e+02 3.30000000e+01 3.04037289e+01
 3.95000000e+02 3.30000000e+01 2.94427837e+01
 3.96000000e+02 3.30000000e+01 3.04818386e+01
 3.97000000e+02 3.30000000e+01 2.85208934e+01
 3.98000000e+02 3.30000000e+01 2.85599483e+01
 3.99000000e+02 3.30000000e+01 2.75990032e+01
 4.00000000e+02 3.30000000e+01 2.66380580e+01
 4.01000000e+02 3.30000000e+01 2.66771129e+01
 4.02000000e+02 3.30000000e+01 2.57161677e+01
 4.03000000e+02 3.30000000e+01 2.57552226e+01
 4.04000000e+02 3.30000000e+01 2.47942774e+01
 4.05000000e+02 3.30000000e+01 2.48333323e+01
 4.06000000e+02 3.30000000e+01 2.48723872e+01
 4.07000000e+02 3.30000000e+01 2.29114420e+01
 4.08000000e+02 3.30000000e+01 2.29504969e+01
 4.09000000e+02 3.30000000e+01 2.29895517e+01
 4.40000000e+02 3.30000000e+01 4.12002523e+01
 4.41000000e+02 3.30000000e+01 4.22393072e+01
 4.42000000e+02 3.30000000e+01 4.22783620e+01
 4.43000000e+02 3.30000000e+01 4.23174169e+01
 4.44000000e+02 3.30000000e+01 4.23564718e+01
 4.45000000e+02 3.30000000e+01 3.73955266e+01
 4.46000000e+02 3.30000000e+01 3.84345815e+01
 4.47000000e+02 3.30000000e+01 3.84736363e+01
 4.48000000e+02 3.30000000e+01 3.85126912e+01
 4.49000000e+02 3.30000000e+01 3.75517460e+01
 4.50000000e+02 3.30000000e+01 3.75908009e+01
 4.51000000e+02 3.30000000e+01 3.66298558e+01
 4.52000000e+02 3.30000000e+01 3.86689106e+01
 4.53000000e+02 3.30000000e+01 3.87079655e+01
 4.54000000e+02 3.30000000e+01 3.77470203e+01
 4.55000000e+02 3.30000000e+01 3.77860752e+01
 4.56000000e+02 3.30000000e+01 3.78251301e+01
 4.57000000e+02 3.30000000e+01 3.58641849e+01
 4.58000000e+02 3.30000000e+01 3.59032398e+01
 4.59000000e+02 3.30000000e+01 3.69422946e+01
 4.60000000e+02 3.30000000e+01 3.79813495e+01
 4.61000000e+02 3.30000000e+01 3.80204043e+01
 4.62000000e+02 3.30000000e+01 3.80594592e+01
 4.63000000e+02 3.30000000e+01 3.90985141e+01
 4.64000000e+02 3.30000000e+01 3.91375689e+01
 4.65000000e+02 3.30000000e+01 3.81766238e+01
 4.66000000e+02 3.30000000e+01 3.82156786e+01
 4.67000000e+02 3.30000000e+01 3.72547335e+01
 4.68000000e+02 3.30000000e+01 3.72937884e+01
 4.69000000e+02 3.30000000e+01 3.73328432e+01
 4.70000000e+02 3.30000000e+01 3.73718981e+01
 4.71000000e+02 3.30000000e+01 3.64109529e+01
 4.72000000e+02 3.30000000e+01 3.54500078e+01
 4.73000000e+02 3.30000000e+01 3.44890626e+01
 4.74000000e+02 3.30000000e+01 3.35281175e+01
 4.75000000e+02 3.30000000e+01 3.35671724e+01
 4.76000000e+02 3.30000000e+01 3.26062272e+01
 4.77000000e+02 3.30000000e+01 3.16452821e+01
 4.78000000e+02 3.30000000e+01 3.06843369e+01
 4.79000000e+02 3.30000000e+01 3.07233918e+01
 4.80000000e+02 3.30000000e+01 3.07624466e+01
 4.81000000e+02 3.30000000e+01 2.98015015e+01
 4.82000000e+02 3.30000000e+01 2.98405564e+01
 4.83000000e+02 3.30000000e+01 2.98796112e+01
 4.84000000e+02 3.30000000e+01 2.99186661e+01
 4.85000000e+02 3.30000000e+01 2.99577209e+01
 4.86000000e+02 3.30000000e+01 2.89967758e+01
 4.87000000e+02 3.30000000e+01 2.90358307e+01
 4.88000000e+02 3.30000000e+01 2.90748855e+01
 4.89000000e+02 3.30000000e+01 3.01139404e+01
 4.90000000e+02 3.30000000e+01 3.01529952e+01
 4.91000000e+02 3.30000000e+01 3.01920501e+01
 4.92000000e+02 3.30000000e+01 3.02311049e+01
 4.93000000e+02 3.30000000e+01 3.02701598e+01
 4.94000000e+02 3.30000000e+01 2.93092147e+01
 4.95000000e+02 3.30000000e+01 2.93482695e+01
 4.96000000e+02 3.30000000e+01 2.83873244e+01
 4.97000000e+02 3.30000000e+01 2.84263792e+01
 4.98000000e+02 3.30000000e+01 2.84654341e+01
 4.99000000e+02 3.30000000e+01 2.85044889e+01
 5.00000000e+02 3.30000000e+01 2.75435438e+01
 5.01000000e+02 3.30000000e+01 2.65825987e+01
 5.02000000e+02 3.30000000e+01 2.56216535e+01
 5.03000000e+02 3.30000000e+01 2.46607084e+01
 5.04000000e+02 3.30000000e+01 2.46997632e+01
 5.05000000e+02 3.30000000e+01 2.37388181e+01
 5.06000000e+02 3.30000000e+01 2.37778730e+01
 5.07000000e+02 3.30000000e+01 2.38169278e+01
 5.08000000e+02 3.30000000e+01 2.38559827e+01
 5.09000000e+02 3.30000000e+01 2.48950375e+01
 5.10000000e+02 3.30000000e+01 2.49340924e+01
 5.11000000e+02 3.30000000e+01 2.49731472e+01
 5.12000000e+02 3.30000000e+01 2.60122021e+01
 5.13000000e+02 3.30000000e+01 2.60512570e+01
 5.14000000e+02 3.30000000e+01 2.60903118e+01
 5.15000000e+02 3.30000000e+01 2.61293667e+01
 5.16000000e+02 3.30000000e+01 2.51684215e+01
 5.17000000e+02 3.30000000e+01 2.42074764e+01
 5.39000000e+02 3.30000000e+01 3.30666833e+01
 5.40000000e+02 3.30000000e+01 3.41057381e+01
 5.41000000e+02 3.30000000e+01 3.41447930e+01
 5.42000000e+02 3.30000000e+01 3.41838478e+01
 5.43000000e+02 3.30000000e+01 3.42229027e+01
 5.44000000e+02 3.30000000e+01 3.52619576e+01
 5.45000000e+02 3.30000000e+01 3.63010124e+01
 5.46000000e+02 3.30000000e+01 3.83400673e+01
 5.47000000e+02 3.30000000e+01 3.83791221e+01
 5.48000000e+02 3.30000000e+01 3.84181770e+01
 5.49000000e+02 3.30000000e+01 3.74572318e+01
 5.50000000e+02 3.30000000e+01 3.64962867e+01
 5.51000000e+02 3.30000000e+01 3.55353416e+01
 5.52000000e+02 3.30000000e+01 3.55743964e+01
 5.53000000e+02 3.30000000e+01 3.46134513e+01
 5.54000000e+02 3.30000000e+01 3.46525061e+01
 5.55000000e+02 3.30000000e+01 3.46915610e+01
 5.56000000e+02 3.30000000e+01 3.47306159e+01
 5.57000000e+02 3.30000000e+01 3.47696707e+01
 5.58000000e+02 3.30000000e+01 3.48087256e+01
 5.59000000e+02 3.30000000e+01 3.48477804e+01
 5.60000000e+02 3.30000000e+01 3.38868353e+01
 5.61000000e+02 3.30000000e+01 3.29258901e+01
 5.62000000e+02 3.30000000e+01 3.29649450e+01
 5.63000000e+02 3.30000000e+01 3.30039999e+01
 5.64000000e+02 3.30000000e+01 3.40430547e+01
 5.65000000e+02 3.30000000e+01 3.50821096e+01
 5.66000000e+02 3.30000000e+01 3.51211644e+01
 5.67000000e+02 3.30000000e+01 3.51602193e+01
 5.68000000e+02 3.30000000e+01 3.51992741e+01
 5.69000000e+02 3.30000000e+01 3.52383290e+01
 5.70000000e+02 3.30000000e+01 3.52773839e+01
 5.71000000e+02 3.30000000e+01 3.53164387e+01
 5.72000000e+02 3.30000000e+01 3.43554936e+01
 5.79000000e+02 3.30000000e+01 3.86288776e+01
 5.80000000e+02 3.30000000e+01 3.76679324e+01
 5.81000000e+02 3.30000000e+01 3.67069873e+01
 5.82000000e+02 3.30000000e+01 3.77460422e+01
 5.83000000e+02 3.30000000e+01 3.77850970e+01
 5.84000000e+02 3.30000000e+01 3.78241519e+01
 5.85000000e+02 3.30000000e+01 3.68632067e+01
 5.86000000e+02 3.30000000e+01 3.59022616e+01
 5.89000000e+02 3.30000000e+01 4.00194262e+01
 5.90000000e+02 3.30000000e+01 4.00584810e+01
 5.91000000e+02 3.30000000e+01 3.90975359e+01
 5.92000000e+02 3.30000000e+01 4.01365907e+01
 5.93000000e+02 3.30000000e+01 4.01756456e+01
 5.94000000e+02 3.30000000e+01 4.02147005e+01
 5.95000000e+02 3.30000000e+01 3.92537553e+01
 5.96000000e+02 3.30000000e+01 3.92928102e+01
 5.97000000e+02 3.30000000e+01 3.93318650e+01
 5.98000000e+02 3.30000000e+01 3.93709199e+01
 5.99000000e+02 3.30000000e+01 4.14099747e+01
 6.00000000e+02 3.30000000e+01 4.24490296e+01
 6.01000000e+02 3.30000000e+01 4.24880845e+01
 6.02000000e+02 3.30000000e+01 4.15271393e+01
 6.03000000e+02 3.30000000e+01 3.85661942e+01
 6.04000000e+02 3.30000000e+01 3.86052490e+01
 6.05000000e+02 3.30000000e+01 3.86443039e+01
 6.06000000e+02 3.30000000e+01 3.86833587e+01
 6.07000000e+02 3.30000000e+01 3.77224136e+01
 6.08000000e+02 3.30000000e+01 3.77614685e+01
 6.09000000e+02 3.30000000e+01 3.88005233e+01
 6.10000000e+02 3.30000000e+01 3.88395782e+01
 6.11000000e+02 3.30000000e+01 3.88786330e+01
 6.12000000e+02 3.30000000e+01 3.89176879e+01
 6.13000000e+02 3.30000000e+01 3.89567428e+01
 6.14000000e+02 3.30000000e+01 3.89957976e+01
 6.15000000e+02 3.30000000e+01 3.80348525e+01
 6.16000000e+02 3.30000000e+01 3.80739073e+01
 6.17000000e+02 3.30000000e+01 3.81129622e+01
 6.18000000e+02 3.30000000e+01 3.81520170e+01
 6.19000000e+02 3.30000000e+01 3.71910719e+01
 6.20000000e+02 3.30000000e+01 3.72301268e+01
 6.21000000e+02 3.30000000e+01 3.62691816e+01
 6.22000000e+02 3.30000000e+01 3.63082365e+01
 6.23000000e+02 3.30000000e+01 3.73472913e+01
 6.24000000e+02 3.30000000e+01 3.83863462e+01
 6.25000000e+02 3.30000000e+01 3.94254010e+01
 6.26000000e+02 3.30000000e+01 3.94644559e+01
 6.27000000e+02 3.30000000e+01 3.95035108e+01
 6.28000000e+02 3.30000000e+01 3.95425656e+01
 6.29000000e+02 3.30000000e+01 3.95816205e+01
 6.30000000e+02 3.30000000e+01 4.06206753e+01
 6.31000000e+02 3.30000000e+01 4.16597302e+01
 6.32000000e+02 3.30000000e+01 4.16987851e+01
 6.33000000e+02 3.30000000e+01 4.27378399e+01
 6.34000000e+02 3.30000000e+01 4.17768948e+01
 6.35000000e+02 3.30000000e+01 4.18159496e+01
 6.36000000e+02 3.30000000e+01 4.28550045e+01
 6.37000000e+02 3.30000000e+01 4.28940593e+01
 6.38000000e+02 3.30000000e+01 4.29331142e+01
 6.39000000e+02 3.30000000e+01 4.19721691e+01
 6.40000000e+02 3.30000000e+01 4.30112239e+01
 6.41000000e+02 3.30000000e+01 4.30502788e+01
 6.55000000e+02 3.30000000e+01 4.75970468e+01
 6.56000000e+02 3.30000000e+01 4.76361016e+01
 6.57000000e+02 3.30000000e+01 4.76751565e+01
 6.58000000e+02 3.30000000e+01 4.77142114e+01
 6.59000000e+02 3.30000000e+01 4.87532662e+01
 6.60000000e+02 3.30000000e+01 4.87923211e+01
 6.61000000e+02 3.30000000e+01 4.88313759e+01
 6.62000000e+02 3.30000000e+01 4.88704308e+01
 6.63000000e+02 3.30000000e+01 4.89094857e+01
 6.64000000e+02 3.30000000e+01 4.89485405e+01
 6.65000000e+02 3.30000000e+01 4.79875954e+01
 6.66000000e+02 3.30000000e+01 4.80266502e+01
 6.67000000e+02 3.30000000e+01 4.80657051e+01
 6.68000000e+02 3.30000000e+01 4.81047599e+01
 6.69000000e+02 3.30000000e+01 4.81438148e+01
 6.70000000e+02 3.30000000e+01 4.81828697e+01
 6.71000000e+02 3.30000000e+01 4.72219245e+01
 6.72000000e+02 3.30000000e+01 4.72609794e+01
 6.73000000e+02 3.30000000e+01 4.73000342e+01
 6.74000000e+02 3.30000000e+01 4.73390891e+01
 6.75000000e+02 3.30000000e+01 4.63781439e+01
 6.76000000e+02 3.30000000e+01 4.64171988e+01
 6.77000000e+02 3.30000000e+01 4.74562537e+01
 6.78000000e+02 3.30000000e+01 4.64953085e+01
 6.79000000e+02 3.30000000e+01 4.75343634e+01
 6.81000000e+02 3.30000000e+01 5.06124731e+01
 6.82000000e+02 3.30000000e+01 5.06515280e+01
 6.83000000e+02 3.30000000e+01 5.06905828e+01
 6.84000000e+02 3.30000000e+01 5.17296377e+01
 6.85000000e+02 3.30000000e+01 5.17686925e+01
 6.86000000e+02 3.30000000e+01 5.08077474e+01
 6.87000000e+02 3.30000000e+01 5.08468022e+01
 6.88000000e+02 3.30000000e+01 5.08858571e+01
 6.89000000e+02 3.30000000e+01 5.19249120e+01
 6.90000000e+02 3.30000000e+01 5.29639668e+01
 6.91000000e+02 3.30000000e+01 5.40030217e+01
 6.92000000e+02 3.30000000e+01 5.30420765e+01
 6.93000000e+02 3.30000000e+01 5.30811314e+01
 6.94000000e+02 3.30000000e+01 5.31201862e+01
 6.95000000e+02 3.30000000e+01 5.31592411e+01
 6.96000000e+02 3.30000000e+01 5.21982960e+01
 6.97000000e+02 3.30000000e+01 5.22373508e+01
 6.98000000e+02 3.30000000e+01 5.22764057e+01
 6.99000000e+02 3.30000000e+01 5.23154605e+01
 7.00000000e+02 3.30000000e+01 5.23545154e+01
