 1.00000000e+00 1.10000000e+01 3.67425168e+01
 2.00000000e+00 1.10000000e+01 3.67832657e+01
 3.00000000e+00 1.10000000e+01 3.58240146e+01
 4.00000000e+00 1.10000000e+01 3.58647635e+01
 5.00000000e+00 1.10000000e+01 3.49055124e+01
 6.00000000e+00 1.10000000e+01 3.49462613e+01
 7.00000000e+00 1.10000000e+01 3.49870102e+01
 8.00000000e+00 1.10000000e+01 3.50277591e+01
 9.00000000e+00 1.10000000e+01 3.50685080e+01
 1.00000000e+01 1.10000000e+01 3.61092569e+01
 1.10000000e+01 1.10000000e+01 3.51500058e+01
 1.20000000e+01 1.10000000e+01 3.51907547e+01
 1.30000000e+01 1.10000000e+01 3.52315036e+01
 1.40000000e+01 1.10000000e+01 3.52722525e+01
 1.50000000e+01 1.10000000e+01 3.53130014e+01
 1.60000000e+01 1.10000000e+01 3.43537503e+01
 1.70000000e+01 1.10000000e+01 3.43944992e+01
 1.80000000e+01 1.10000000e+01 3.44352481e+01
 1.90000000e+01 1.10000000e+01 3.54759971e+01
 2.00000000e+01 1.10000000e+01 3.45167460e+01
 2.10000000e+01 1.10000000e+01 3.55574949e+01
 2.20000000e+01 1.10000000e+01 3.55982438e+01
 2.30000000e+01 1.10000000e+01 3.56389927e+01
 2.40000000e+01 1.10000000e+01 3.46797416e+01
 2.50000000e+01 1.10000000e+01 3.57204905e+01
 2.60000000e+01 1.10000000e+01 3.47612394e+01
 2.70000000e+01 1.10000000e+01 3.48019883e+01
 2.80000000e+01 1.10000000e+01 3.58427372e+01
 2.90000000e+01 1.10000000e+01 3.58834861e+01
 3.00000000e+01 1.10000000e+01 3.49242350e+01
 3.10000000e+01 1.10000000e+01 3.49649839e+01
 3.20000000e+01 1.10000000e+01 3.50057328e+01
 3.30000000e+01 1.10000000e+01 3.50464817e+01
 3.40000000e+01 1.10000000e+01 3.50872306e+01
 3.50000000e+01 1.10000000e+01 3.51279795e+01
 3.60000000e+01 1.10000000e+01 3.51687284e+01
 3.70000000e+01 1.10000000e+01 3.52094773e+01
 3.80000000e+01 1.10000000e+01 3.42502262e+01
 3.90000000e+01 1.10000000e+01 3.42909751e+01
 4.00000000e+01 1.10000000e+01 3.43317240e+01
 4.10000000e+01 1.10000000e+01 3.43724729e+01
 4.20000000e+01 1.10000000e+01 3.44132218e+01
 4.30000000e+01 1.10000000e+01 3.44539707e+01
 4.40000000e+01 1.10000000e+01 3.54947196e+01
 4.50000000e+01 1.10000000e+01 3.55354686e+01
 4.60000000e+01 1.10000000e+01 3.55762175e+01
 4.70000000e+01 1.10000000e+01 3.56169664e+01
 4.80000000e+01 1.10000000e+01 3.56577153e+01
 4.90000000e+01 1.10000000e+01 3.56984642e+01
 5.00000000e+01 1.10000000e+01 3.47392131e+01
 5.10000000e+01 1.10000000e+01 3.47799620e+01
 5.20000000e+01 1.10000000e+01 3.38207109e+01
 5.30000000e+01 1.10000000e+01 3.38614598e+01
 5.40000000e+01 1.10000000e+01 3.49022087e+01
 5.50000000e+01 1.10000000e+01 3.59429576e+01
 5.60000000e+01 1.10000000e+01 3.59837065e+01
 5.70000000e+01 1.10000000e+01 3.60244554e+01
 5.80000000e+01 1.10000000e+01 3.60652043e+01
 5.90000000e+01 1.10000000e+01 3.71059532e+01
 6.00000000e+01 1.10000000e+01 3.71467021e+01
 6.10000000e+01 1.10000000e+01 3.61874510e+01
 6.20000000e+01 1.10000000e+01 3.62281999e+01
 6.30000000e+01 1.10000000e+01 3.62689488e+01
 6.40000000e+01 1.10000000e+01 3.73096977e+01
 6.50000000e+01 1.10000000e+01 3.73504466e+01
 6.60000000e+01 1.10000000e+01 3.63911955e+01
 6.70000000e+01 1.10000000e+01 3.64319444e+01
 6.80000000e+01 1.10000000e+01 3.54726933e+01
 6.90000000e+01 1.10000000e+01 3.65134422e+01
 7.00000000e+01 1.10000000e+01 3.65541911e+01
 7.10000000e+01 1.10000000e+01 3.65949401e+01
 7.20000000e+01 1.10000000e+01 3.66356890e+01
 7.30000000e+01 1.10000000e+01 3.66764379e+01
 7.40000000e+01 1.10000000e+01 3.67171868e+01
 7.50000000e+01 1.10000000e+01 3.67579357e+01
 7.60000000e+01 1.10000000e+01 3.57986846e+01
 7.70000000e+01 1.10000000e+01 3.58394335e+01
 7.80000000e+01 1.10000000e+01 3.58801824e+01
 7.90000000e+01 1.10000000e+01 3.59209313e+01
 8.00000000e+01 1.10000000e+01 3.79616802e+01
 8.10000000e+01 1.10000000e+01 3.70024291e+01
 8.20000000e+01 1.10000000e+01 3.70431780e+01
 8.30000000e+01 1.10000000e+01 3.60839269e+01
 8.40000000e+01 1.10000000e+01 3.61246758e+01
 8.50000000e+01 1.10000000e+01 3.61654247e+01
 8.60000000e+01 1.10000000e+01 3.72061736e+01
 8.70000000e+01 1.10000000e+01 3.72469225e+01
 8.80000000e+01 1.10000000e+01 3.72876714e+01
 8.90000000e+01 1.10000000e+01 3.73284203e+01
 9.00000000e+01 1.10000000e+01 3.73691692e+01
 9.10000000e+01 1.10000000e+01 3.74099181e+01
 9.20000000e+01 1.10000000e+01 3.84506670e+01
 9.30000000e+01 1.10000000e+01 3.74914159e+01
 9.40000000e+01 1.10000000e+01 3.75321648e+01
 9.50000000e+01 1.10000000e+01 3.75729137e+01
 9.60000000e+01 1.10000000e+01 3.76136626e+01
 9.70000000e+01 1.10000000e+01 3.66544116e+01
 9.80000000e+01 1.10000000e+01 3.76951605e+01
 9.90000000e+01 1.10000000e+01 3.77359094e+01
 1.00000000e+02 1.10000000e+01 3.77766583e+01
 1.01000000e+02 1.10000000e+01 3.78174072e+01
 1.02000000e+02 1.10000000e+01 3.68581561e+01
 1.03000000e+02 1.10000000e+01 3.68989050e+01
 1.04000000e+02 1.10000000e+01 3.69396539e+01
 1.05000000e+02 1.10000000e+01 3.59804028e+01
 1.06000000e+02 1.10000000e+01 3.60211517e+01
 1.07000000e+02 1.10000000e+01 3.60619006e+01
 1.08000000e+02 1.10000000e+01 3.61026495e+01
 1.09000000e+02 1.10000000e+01 3.61433984e+01
 1.10000000e+02 1.10000000e+01 3.51841473e+01
 1.11000000e+02 1.10000000e+01 3.52248962e+01
 1.12000000e+02 1.10000000e+01 3.42656451e+01
 1.13000000e+02 1.10000000e+01 3.33063940e+01
 1.14000000e+02 1.10000000e+01 3.23471429e+01
 1.15000000e+02 1.10000000e+01 3.13878918e+01
 1.16000000e+02 1.10000000e+01 3.04286407e+01
 1.17000000e+02 1.10000000e+01 2.94693896e+01
 1.18000000e+02 1.10000000e+01 2.95101385e+01
 1.19000000e+02 1.10000000e+01 2.95508874e+01
 1.20000000e+02 1.10000000e+01 2.95916363e+01
 1.21000000e+02 1.10000000e+01 2.96323852e+01
 1.22000000e+02 1.10000000e+01 2.96731341e+01
 1.23000000e+02 1.10000000e+01 2.97138831e+01
 1.24000000e+02 1.10000000e+01 2.97546320e+01
 1.25000000e+02 1.10000000e+01 2.97953809e+01
 1.26000000e+02 1.10000000e+01 2.98361298e+01
 1.27000000e+02 1.10000000e+01 2.98768787e+01
 1.28000000e+02 1.10000000e+01 2.99176276e+01
 1.29000000e+02 1.10000000e+01 2.99583765e+01
 1.30000000e+02 1.10000000e+01 2.99991254e+01
 1.31000000e+02 1.10000000e+01 3.00398743e+01
 1.32000000e+02 1.10000000e+01 3.00806232e+01
 1.33000000e+02 1.10000000e+01 3.01213721e+01
 1.34000000e+02 1.10000000e+01 3.01621210e+01
 1.35000000e+02 1.10000000e+01 2.92028699e+01
 1.36000000e+02 1.10000000e+01 3.02436188e+01
 1.37000000e+02 1.10000000e+01 3.02843677e+01
 1.38000000e+02 1.10000000e+01 3.03251166e+01
 1.39000000e+02 1.10000000e+01 3.03658655e+01
 1.40000000e+02 1.10000000e+01 3.04066144e+01
 1.41000000e+02 1.10000000e+01 3.04473633e+01
 1.42000000e+02 1.10000000e+01 3.04881122e+01
 1.43000000e+02 1.10000000e+01 3.05288611e+01
 1.44000000e+02 1.10000000e+01 3.15696100e+01
 1.45000000e+02 1.10000000e+01 3.16103589e+01
 1.46000000e+02 1.10000000e+01 3.16511078e+01
 1.47000000e+02 1.10000000e+01 3.26918567e+01
 1.48000000e+02 1.10000000e+01 3.17326056e+01
 1.49000000e+02 1.10000000e+01 3.17733546e+01
 1.50000000e+02 1.10000000e+01 3.28141035e+01
 1.51000000e+02 1.10000000e+01 3.18548524e+01
 1.52000000e+02 1.10000000e+01 3.38956013e+01
 1.53000000e+02 1.10000000e+01 3.39363502e+01
 1.54000000e+02 1.10000000e+01 3.39770991e+01
 1.55000000e+02 1.10000000e+01 3.40178480e+01
 1.56000000e+02 1.10000000e+01 3.50585969e+01
 1.57000000e+02 1.10000000e+01 3.50993458e+01
 1.58000000e+02 1.10000000e+01 3.51400947e+01
 1.59000000e+02 1.10000000e+01 3.41808436e+01
 1.60000000e+02 1.10000000e+01 3.42215925e+01
 1.61000000e+02 1.10000000e+01 3.42623414e+01
 1.62000000e+02 1.10000000e+01 3.33030903e+01
 1.63000000e+02 1.10000000e+01 3.23438392e+01
 1.64000000e+02 1.10000000e+01 3.33845881e+01
 1.65000000e+02 1.10000000e+01 3.34253370e+01
 1.66000000e+02 1.10000000e+01 3.34660859e+01
 1.67000000e+02 1.10000000e+01 3.45068348e+01
 1.68000000e+02 1.10000000e+01 3.55475837e+01
 1.69000000e+02 1.10000000e+01 3.65883326e+01
 1.70000000e+02 1.10000000e+01 3.66290815e+01
 1.71000000e+02 1.10000000e+01 3.76698304e+01
 1.72000000e+02 1.10000000e+01 3.77105793e+01
 1.73000000e+02 1.10000000e+01 3.77513282e+01
 1.74000000e+02 1.10000000e+01 3.77920771e+01
 1.75000000e+02 1.10000000e+01 3.78328261e+01
 1.76000000e+02 1.10000000e+01 3.78735750e+01
 1.77000000e+02 1.10000000e+01 3.79143239e+01
 1.78000000e+02 1.10000000e+01 3.79550728e+01
 1.79000000e+02 1.10000000e+01 3.79958217e+01
 1.80000000e+02 1.10000000e+01 3.70365706e+01
 1.81000000e+02 1.10000000e+01 3.80773195e+01
 1.82000000e+02 1.10000000e+01 3.81180684e+01
 1.83000000e+02 1.10000000e+01 3.81588173e+01
 1.84000000e+02 1.10000000e+01 3.81995662e+01
 1.85000000e+02 1.10000000e+01 3.82403151e+01
 1.86000000e+02 1.10000000e+01 3.82810640e+01
 1.87000000e+02 1.10000000e+01 3.83218129e+01
 1.88000000e+02 1.10000000e+01 3.83625618e+01
 1.89000000e+02 1.10000000e+01 3.84033107e+01
 1.90000000e+02 1.10000000e+01 3.74440596e+01
 1.91000000e+02 1.10000000e+01 3.74848085e+01
 1.92000000e+02 1.10000000e+01 3.75255574e+01
 1.93000000e+02 1.10000000e+01 3.75663063e+01
 1.94000000e+02 1.10000000e+01 3.76070552e+01
 1.95000000e+02 1.10000000e+01 3.86478041e+01
 1.96000000e+02 1.10000000e+01 3.86885530e+01
 1.97000000e+02 1.10000000e+01 3.97293019e+01
 1.98000000e+02 1.10000000e+01 3.97700508e+01
 1.99000000e+02 1.10000000e+01 3.88107997e+01
 2.00000000e+02 1.10000000e+01 3.98515486e+01
 2.01000000e+02 1.10000000e+01 3.98922976e+01
 2.02000000e+02 1.10000000e+01 3.89330465e+01
 2.03000000e+02 1.10000000e+01 3.89737954e+01
 2.04000000e+02 1.10000000e+01 3.90145443e+01
 2.05000000e+02 1.10000000e+01 3.90552932e+01
 2.06000000e+02 1.10000000e+01 4.00960421e+01
 2.07000000e+02 1.10000000e+01 4.01367910e+01
 2.08000000e+02 1.10000000e+01 4.01775399e+01
 2.09000000e+02 1.10000000e+01 4.02182888e+01
 2.10000000e+02 1.10000000e+01 4.02590377e+01
 2.11000000e+02 1.10000000e+01 4.02997866e+01
 2.12000000e+02 1.10000000e+01 4.03405355e+01
 2.13000000e+02 1.10000000e+01 3.93812844e+01
 2.14000000e+02 1.10000000e+01 3.94220333e+01
 2.15000000e+02 1.10000000e+01 4.04627822e+01
 2.16000000e+02 1.10000000e+01 4.05035311e+01
 2.17000000e+02 1.10000000e+01 4.05442800e+01
 2.18000000e+02 1.10000000e+01 4.05850289e+01
 2.19000000e+02 1.10000000e+01 3.96257778e+01
 2.20000000e+02 1.10000000e+01 3.86665267e+01
 2.21000000e+02 1.10000000e+01 3.87072756e+01
 2.22000000e+02 1.10000000e+01 3.87480245e+01
 2.23000000e+02 1.10000000e+01 3.87887734e+01
 2.24000000e+02 1.10000000e+01 3.88295223e+01
 2.25000000e+02 1.10000000e+01 3.98702712e+01
 2.26000000e+02 1.10000000e+01 3.89110201e+01
 2.27000000e+02 1.10000000e+01 3.89517691e+01
 2.28000000e+02 1.10000000e+01 3.99925180e+01
 2.29000000e+02 1.10000000e+01 4.10332669e+01
 2.30000000e+02 1.10000000e+01 4.10740158e+01
 2.31000000e+02 1.10000000e+01 4.11147647e+01
 2.32000000e+02 1.10000000e+01 4.21555136e+01
 2.33000000e+02 1.10000000e+01 4.31962625e+01
 2.34000000e+02 1.10000000e+01 4.42370114e+01
 2.35000000e+02 1.10000000e+01 4.42777603e+01
 2.36000000e+02 1.10000000e+01 4.43185092e+01
 2.37000000e+02 1.10000000e+01 4.43592581e+01
 2.38000000e+02 1.10000000e+01 4.34000070e+01
 2.39000000e+02 1.10000000e+01 4.34407559e+01
 2.40000000e+02 1.10000000e+01 4.34815048e+01
 2.41000000e+02 1.10000000e+01 4.25222537e+01
 2.42000000e+02 1.10000000e+01 4.25630026e+01
 2.43000000e+02 1.10000000e+01 4.26037515e+01
 2.44000000e+02 1.10000000e+01 4.26445004e+01
 2.45000000e+02 1.10000000e+01 4.26852493e+01
 2.46000000e+02 1.10000000e+01 4.17259982e+01
 2.47000000e+02 1.10000000e+01 4.17667471e+01
 2.48000000e+02 1.10000000e+01 4.18074960e+01
 2.49000000e+02 1.10000000e+01 4.18482449e+01
 2.50000000e+02 1.10000000e+01 4.18889938e+01
 2.51000000e+02 1.10000000e+01 4.19297427e+01
 2.52000000e+02 1.10000000e+01 4.19704916e+01
 2.53000000e+02 1.10000000e+01 4.30112406e+01
 2.54000000e+02 1.10000000e+01 4.30519895e+01
 2.55000000e+02 1.10000000e+01 4.20927384e+01
 2.56000000e+02 1.10000000e+01 4.21334873e+01
 2.57000000e+02 1.10000000e+01 4.21742362e+01
 2.58000000e+02 1.10000000e+01 4.22149851e+01
 2.59000000e+02 1.10000000e+01 4.22557340e+01
 2.60000000e+02 1.10000000e+01 4.22964829e+01
 2.61000000e+02 1.10000000e+01 4.23372318e+01
 2.62000000e+02 1.10000000e+01 4.23779807e+01
 2.63000000e+02 1.10000000e+01 4.24187296e+01
 2.64000000e+02 1.10000000e+01 4.34594785e+01
 2.65000000e+02 1.10000000e+01 4.35002274e+01
 2.66000000e+02 1.10000000e+01 4.35409763e+01
 2.67000000e+02 1.10000000e+01 4.35817252e+01
 2.68000000e+02 1.10000000e+01 4.36224741e+01
 2.69000000e+02 1.10000000e+01 4.36632230e+01
 2.70000000e+02 1.10000000e+01 4.37039719e+01
 2.71000000e+02 1.10000000e+01 4.37447208e+01
 2.72000000e+02 1.10000000e+01 4.37854697e+01
 2.73000000e+02 1.10000000e+01 4.38262186e+01
 2.74000000e+02 1.10000000e+01 4.38669675e+01
 2.75000000e+02 1.10000000e+01 4.39077164e+01
 2.76000000e+02 1.10000000e+01 4.39484653e+01
 2.77000000e+02 1.10000000e+01 4.39892142e+01
 2.78000000e+02 1.10000000e+01 4.40299631e+01
 2.79000000e+02 1.10000000e+01 4.40707121e+01
 2.80000000e+02 1.10000000e+01 4.41114610e+01
 2.81000000e+02 1.10000000e+01 4.41522099e+01
 2.82000000e+02 1.10000000e+01 4.41929588e+01
 2.83000000e+02 1.10000000e+01 4.42337077e+01
 2.84000000e+02 1.10000000e+01 4.32744566e+01
 2.85000000e+02 1.10000000e+01 4.33152055e+01
 2.86000000e+02 1.10000000e+01 4.23559544e+01
 2.87000000e+02 1.10000000e+01 4.23967033e+01
 2.88000000e+02 1.10000000e+01 4.34374522e+01
 2.89000000e+02 1.10000000e+01 4.34782011e+01
 2.90000000e+02 1.10000000e+01 4.35189500e+01
 2.91000000e+02 1.10000000e+01 4.25596989e+01
 2.92000000e+02 1.10000000e+01 4.26004478e+01
 2.93000000e+02 1.10000000e+01 4.26411967e+01
 2.94000000e+02 1.10000000e+01 4.26819456e+01
 2.95000000e+02 1.10000000e+01 4.27226945e+01
 2.96000000e+02 1.10000000e+01 4.27634434e+01
 2.97000000e+02 1.10000000e+01 4.18041923e+01
 2.98000000e+02 1.10000000e+01 4.18449412e+01
 2.99000000e+02 1.10000000e+01 4.18856901e+01
 3.00000000e+02 1.10000000e+01 4.19264390e+01
 3.01000000e+02 1.10000000e+01 4.19671879e+01
 3.02000000e+02 1.10000000e+01 4.20079368e+01
 3.03000000e+02 1.10000000e+01 4.20486857e+01
 3.04000000e+02 1.10000000e+01 4.20894346e+01
 3.05000000e+02 1.10000000e+01 4.11301836e+01
 3.06000000e+02 1.10000000e+01 4.11709325e+01
 3.07000000e+02 1.10000000e+01 4.12116814e+01
 3.08000000e+02 1.10000000e+01 4.22524303e+01
 3.09000000e+02 1.10000000e+01 4.32931792e+01
 3.10000000e+02 1.10000000e+01 4.33339281e+01
 3.11000000e+02 1.10000000e+01 4.23746770e+01
 3.12000000e+02 1.10000000e+01 4.14154259e+01
 3.13000000e+02 1.10000000e+01 4.24561748e+01
 3.14000000e+02 1.10000000e+01 4.24969237e+01
 3.15000000e+02 1.10000000e+01 4.15376726e+01
 3.16000000e+02 1.10000000e+01 4.15784215e+01
 3.17000000e+02 1.10000000e+01 4.16191704e+01
 3.18000000e+02 1.10000000e+01 4.06599193e+01
 3.19000000e+02 1.10000000e+01 4.27006682e+01
 3.20000000e+02 1.10000000e+01 4.27414171e+01
 3.21000000e+02 1.10000000e+01 4.27821660e+01
 3.22000000e+02 1.10000000e+01 4.28229149e+01
 3.23000000e+02 1.10000000e+01 4.28636638e+01
 3.24000000e+02 1.10000000e+01 4.29044127e+01
 3.25000000e+02 1.10000000e+01 4.29451616e+01
 3.26000000e+02 1.10000000e+01 4.29859105e+01
 3.27000000e+02 1.10000000e+01 4.40266594e+01
 3.28000000e+02 1.10000000e+01 4.30674083e+01
 3.29000000e+02 1.10000000e+01 4.41081572e+01
 3.30000000e+02 1.10000000e+01 4.41489061e+01
 3.31000000e+02 1.10000000e+01 4.41896551e+01
 3.32000000e+02 1.10000000e+01 4.32304040e+01
 3.33000000e+02 1.10000000e+01 4.32711529e+01
 3.34000000e+02 1.10000000e+01 4.43119018e+01
 3.35000000e+02 1.10000000e+01 4.43526507e+01
 3.36000000e+02 1.10000000e+01 4.43933996e+01
 3.37000000e+02 1.10000000e+01 4.44341485e+01
 3.38000000e+02 1.10000000e+01 4.44748974e+01
 3.39000000e+02 1.10000000e+01 4.55156463e+01
 3.40000000e+02 1.10000000e+01 4.55563952e+01
 3.41000000e+02 1.10000000e+01 4.55971441e+01
 3.42000000e+02 1.10000000e+01 4.56378930e+01
 3.43000000e+02 1.10000000e+01 4.66786419e+01
 3.44000000e+02 1.10000000e+01 4.57193908e+01
 3.45000000e+02 1.10000000e+01 4.57601397e+01
 3.46000000e+02 1.10000000e+01 4.68008886e+01
 3.47000000e+02 1.10000000e+01 4.58416375e+01
 3.48000000e+02 1.10000000e+01 4.58823864e+01
 3.49000000e+02 1.10000000e+01 4.69231353e+01
 3.50000000e+02 1.10000000e+01 4.69638842e+01
 3.51000000e+02 1.10000000e+01 4.80046331e+01
 3.52000000e+02 1.10000000e+01 4.70453820e+01
 3.53000000e+02 1.10000000e+01 4.70861309e+01
 3.54000000e+02 1.10000000e+01 4.71268798e+01
 3.55000000e+02 1.10000000e+01 4.61676287e+01
 3.56000000e+02 1.10000000e+01 4.62083776e+01
 3.57000000e+02 1.10000000e+01 4.72491266e+01
 3.58000000e+02 1.10000000e+01 4.72898755e+01
 3.59000000e+02 1.10000000e+01 4.73306244e+01
 3.60000000e+02 1.10000000e+01 4.83713733e+01
 3.61000000e+02 1.10000000e+01 4.94121222e+01
 3.62000000e+02 1.10000000e+01 5.04528711e+01
 3.63000000e+02 1.10000000e+01 5.04936200e+01
 3.64000000e+02 1.10000000e+01 5.15343689e+01
 3.65000000e+02 1.10000000e+01 5.25751178e+01
 3.66000000e+02 1.10000000e+01 5.26158667e+01
 3.67000000e+02 1.10000000e+01 5.16566156e+01
 3.68000000e+02 1.10000000e+01 5.16973645e+01
 3.69000000e+02 1.10000000e+01 5.27381134e+01
 3.70000000e+02 1.10000000e+01 5.27788623e+01
 3.71000000e+02 1.10000000e+01 5.08196112e+01
 3.72000000e+02 1.10000000e+01 4.98603601e+01
 3.73000000e+02 1.10000000e+01 4.99011090e+01
 3.74000000e+02 1.10000000e+01 4.89418579e+01
 3.75000000e+02 1.10000000e+01 4.89826068e+01
 3.76000000e+02 1.10000000e+01 4.90233557e+01
 3.77000000e+02 1.10000000e+01 4.90641046e+01
 3.78000000e+02 1.10000000e+01 4.91048535e+01
 3.79000000e+02 1.10000000e+01 4.91456024e+01
 3.80000000e+02 1.10000000e+01 4.91863513e+01
 3.81000000e+02 1.10000000e+01 4.92271002e+01
 3.82000000e+02 1.10000000e+01 4.92678491e+01
 3.83000000e+02 1.10000000e+01 5.03085981e+01
 3.84000000e+02 1.10000000e+01 5.13493470e+01
 3.85000000e+02 1.10000000e+01 5.03900959e+01
 3.86000000e+02 1.10000000e+01 5.14308448e+01
 3.87000000e+02 1.10000000e+01 5.34715937e+01
 3.88000000e+02 1.10000000e+01 5.35123426e+01
 3.89000000e+02 1.10000000e+01 5.35530915e+01
 3.90000000e+02 1.10000000e+01 5.35938404e+01
 3.91000000e+02 1.10000000e+01 5.36345893e+01
 3.92000000e+02 1.10000000e+01 5.36753382e+01
 3.93000000e+02 1.10000000e+01 5.47160871e+01
 3.94000000e+02 1.10000000e+01 5.47568360e+01
 3.95000000e+02 1.10000000e+01 5.57975849e+01
 3.96000000e+02 1.10000000e+01 5.68383338e+01
 3.97000000e+02 1.10000000e+01 5.68790827e+01
 3.98000000e+02 1.10000000e+01 5.69198316e+01
 3.99000000e+02 1.10000000e+01 5.69605805e+01
 4.00000000e+02 1.10000000e+01 5.60013294e+01
 4.01000000e+02 1.10000000e+01 5.70420783e+01
 4.02000000e+02 1.10000000e+01 5.60828272e+01
 4.03000000e+02 1.10000000e+01 5.61235761e+01
 4.04000000e+02 1.10000000e+01 5.71643250e+01
 4.05000000e+02 1.10000000e+01 5.72050739e+01
 4.06000000e+02 1.10000000e+01 5.62458228e+01
 4.07000000e+02 1.10000000e+01 5.62865717e+01
 4.08000000e+02 1.10000000e+01 5.63273206e+01
 4.09000000e+02 1.10000000e+01 5.83680696e+01
 4.10000000e+02 1.10000000e+01 5.84088185e+01
 4.11000000e+02 1.10000000e+01 5.74495674e+01
 4.12000000e+02 1.10000000e+01 5.74903163e+01
 4.13000000e+02 1.10000000e+01 5.55310652e+01
 4.14000000e+02 1.10000000e+01 5.55718141e+01
 4.15000000e+02 1.10000000e+01 5.56125630e+01
 4.16000000e+02 1.10000000e+01 5.66533119e+01
 4.17000000e+02 1.10000000e+01 5.66940608e+01
 4.18000000e+02 1.10000000e+01 5.77348097e+01
 4.19000000e+02 1.10000000e+01 5.87755586e+01
 4.20000000e+02 1.10000000e+01 5.98163075e+01
 4.21000000e+02 1.10000000e+01 6.08570564e+01
 4.22000000e+02 1.10000000e+01 5.98978053e+01
 4.23000000e+02 1.10000000e+01 5.89385542e+01
 4.24000000e+02 1.10000000e+01 5.99793031e+01
 4.25000000e+02 1.10000000e+01 5.90200520e+01
 4.26000000e+02 1.10000000e+01 5.90608009e+01
 4.27000000e+02 1.10000000e+01 5.91015498e+01
 4.28000000e+02 1.10000000e+01 5.91422987e+01
 4.29000000e+02 1.10000000e+01 5.91830476e+01
 4.30000000e+02 1.10000000e+01 5.92237965e+01
 4.31000000e+02 1.10000000e+01 6.02645454e+01
 4.32000000e+02 1.10000000e+01 6.03052943e+01
 4.33000000e+02 1.10000000e+01 6.03460432e+01
 4.34000000e+02 1.10000000e+01 6.13867921e+01
 4.35000000e+02 1.10000000e+01 6.14275411e+01
 4.36000000e+02 1.10000000e+01 6.14682900e+01
 4.37000000e+02 1.10000000e+01 6.25090389e+01
 4.38000000e+02 1.10000000e+01 6.25497878e+01
 4.39000000e+02 1.10000000e+01 6.25905367e+01
 4.40000000e+02 1.10000000e+01 6.26312856e+01
 4.41000000e+02 1.10000000e+01 6.26720345e+01
 4.42000000e+02 1.10000000e+01 6.37127834e+01
 4.43000000e+02 1.10000000e+01 6.27535323e+01
 4.44000000e+02 1.10000000e+01 6.27942812e+01
 4.45000000e+02 1.10000000e+01 6.28350301e+01
 4.46000000e+02 1.10000000e+01 6.28757790e+01
 4.47000000e+02 1.10000000e+01 6.19165279e+01
 4.48000000e+02 1.10000000e+01 6.19572768e+01
 4.49000000e+02 1.10000000e+01 6.19980257e+01
 4.50000000e+02 1.10000000e+01 6.20387746e+01
 4.51000000e+02 1.10000000e+01 6.20795235e+01
 4.52000000e+02 1.10000000e+01 6.21202724e+01
 4.53000000e+02 1.10000000e+01 6.21610213e+01
 4.54000000e+02 1.10000000e+01 6.22017702e+01
 4.55000000e+02 1.10000000e+01 6.22425191e+01
 4.56000000e+02 1.10000000e+01 6.32832680e+01
 4.57000000e+02 1.10000000e+01 6.33240169e+01
 4.58000000e+02 1.10000000e+01 6.33647658e+01
 4.59000000e+02 1.10000000e+01 6.44055147e+01
 4.60000000e+02 1.10000000e+01 6.44462636e+01
 4.61000000e+02 1.10000000e+01 6.54870125e+01
 4.62000000e+02 1.10000000e+01 6.55277615e+01
 4.63000000e+02 1.10000000e+01 6.55685104e+01
 4.64000000e+02 1.10000000e+01 6.66092593e+01
 4.65000000e+02 1.10000000e+01 6.56500082e+01
 4.66000000e+02 1.10000000e+01 6.56907571e+01
 4.67000000e+02 1.10000000e+01 6.47315060e+01
 4.68000000e+02 1.10000000e+01 6.37722549e+01
 4.69000000e+02 1.10000000e+01 6.38130038e+01
 4.70000000e+02 1.10000000e+01 6.38537527e+01
 4.71000000e+02 1.10000000e+01 6.38945016e+01
 4.72000000e+02 1.10000000e+01 6.49352505e+01
 4.73000000e+02 1.10000000e+01 6.49759994e+01
 4.74000000e+02 1.10000000e+01 6.50167483e+01
 4.75000000e+02 1.10000000e+01 6.50574972e+01
 4.76000000e+02 1.10000000e+01 6.50982461e+01
 4.77000000e+02 1.10000000e+01 6.61389950e+01
 4.78000000e+02 1.10000000e+01 6.61797439e+01
 4.79000000e+02 1.10000000e+01 6.52204928e+01
 4.80000000e+02 1.10000000e+01 6.52612417e+01
 4.81000000e+02 1.10000000e+01 6.63019906e+01
 4.82000000e+02 1.10000000e+01 6.83427395e+01
 4.83000000e+02 1.10000000e+01 6.83834884e+01
 4.84000000e+02 1.10000000e+01 6.84242373e+01
 4.85000000e+02 1.10000000e+01 6.74649862e+01
 4.86000000e+02 1.10000000e+01 6.75057351e+01
 4.87000000e+02 1.10000000e+01 6.65464840e+01
 4.88000000e+02 1.10000000e+01 6.65872330e+01
 4.89000000e+02 1.10000000e+01 6.66279819e+01
 4.90000000e+02 1.10000000e+01 6.66687308e+01
 4.91000000e+02 1.10000000e+01 6.67094797e+01
 4.92000000e+02 1.10000000e+01 6.77502286e+01
 4.93000000e+02 1.10000000e+01 6.77909775e+01
 4.94000000e+02 1.10000000e+01 6.78317264e+01
 4.95000000e+02 1.10000000e+01 6.78724753e+01
 4.96000000e+02 1.10000000e+01 6.89132242e+01
 4.97000000e+02 1.10000000e+01 6.89539731e+01
 4.98000000e+02 1.10000000e+01 6.99947220e+01
 4.99000000e+02 1.10000000e+01 7.10354709e+01
 5.00000000e+02 1.10000000e+01 7.10762198e+01
 5.01000000e+02 1.10000000e+01 7.11169687e+01
 5.02000000e+02 1.10000000e+01 7.11577176e+01
 5.03000000e+02 1.10000000e+01 7.11984665e+01
 5.04000000e+02 1.10000000e+01 7.12392154e+01
 5.05000000e+02 1.10000000e+01 7.12799643e+01
 5.06000000e+02 1.10000000e+01 7.13207132e+01
 5.07000000e+02 1.10000000e+01 7.13614621e+01
 5.08000000e+02 1.10000000e+01 7.24022110e+01
 5.09000000e+02 1.10000000e+01 7.24429599e+01
 5.10000000e+02 1.10000000e+01 7.24837088e+01
 5.11000000e+02 1.10000000e+01 7.25244577e+01
 5.12000000e+02 1.10000000e+01 7.25652066e+01
 5.13000000e+02 1.10000000e+01 7.26059555e+01
 5.14000000e+02 1.10000000e+01 7.26467045e+01
 5.15000000e+02 1.10000000e+01 7.26874534e+01
 5.16000000e+02 1.10000000e+01 7.27282023e+01
 5.17000000e+02 1.10000000e+01 7.27689512e+01
 5.20000000e+02 1.10000000e+01 6.68911979e+01
 5.21000000e+02 1.10000000e+01 6.69319468e+01
 5.22000000e+02 1.10000000e+01 6.59726957e+01
 5.23000000e+02 1.10000000e+01 6.60134446e+01
 5.24000000e+02 1.10000000e+01 6.60541935e+01
 5.25000000e+02 1.10000000e+01 6.60949424e+01
 5.26000000e+02 1.10000000e+01 6.61356913e+01
 5.27000000e+02 1.10000000e+01 6.51764402e+01
 5.28000000e+02 1.10000000e+01 6.52171891e+01
 5.29000000e+02 1.10000000e+01 6.62579380e+01
 5.30000000e+02 1.10000000e+01 6.62986869e+01
 5.31000000e+02 1.10000000e+01 6.63394358e+01
 5.32000000e+02 1.10000000e+01 6.53801847e+01
 5.33000000e+02 1.10000000e+01 6.54209336e+01
 5.34000000e+02 1.10000000e+01 6.54616825e+01
 5.35000000e+02 1.10000000e+01 6.55024314e+01
 5.36000000e+02 1.10000000e+01 6.65431803e+01
 5.37000000e+02 1.10000000e+01 6.65839292e+01
 5.38000000e+02 1.10000000e+01 6.66246781e+01
 5.39000000e+02 1.10000000e+01 6.66654270e+01
 5.40000000e+02 1.10000000e+01 6.67061760e+01
 5.41000000e+02 1.10000000e+01 6.67469249e+01
 5.42000000e+02 1.10000000e+01 6.67876738e+01
 5.43000000e+02 1.10000000e+01 6.68284227e+01
 5.44000000e+02 1.10000000e+01 6.68691716e+01
 5.45000000e+02 1.10000000e+01 6.69099205e+01
 5.46000000e+02 1.10000000e+01 6.69506694e+01
 5.47000000e+02 1.10000000e+01 6.69914183e+01
 5.48000000e+02 1.10000000e+01 6.70321672e+01
 5.49000000e+02 1.10000000e+01 6.70729161e+01
 5.50000000e+02 1.10000000e+01 6.81136650e+01
 5.51000000e+02 1.10000000e+01 6.91544139e+01
 5.52000000e+02 1.10000000e+01 6.91951628e+01
 5.53000000e+02 1.10000000e+01 6.92359117e+01
 5.54000000e+02 1.10000000e+01 6.92766606e+01
 5.55000000e+02 1.10000000e+01 7.03174095e+01
 5.58000000e+02 1.10000000e+01 7.74396562e+01
 5.59000000e+02 1.10000000e+01 7.84804051e+01
 5.60000000e+02 1.10000000e+01 7.85211540e+01
 5.61000000e+02 1.10000000e+01 7.85619029e+01
 5.62000000e+02 1.10000000e+01 7.86026518e+01
 5.63000000e+02 1.10000000e+01 7.86434007e+01
 5.64000000e+02 1.10000000e+01 7.86841496e+01
 5.65000000e+02 1.10000000e+01 7.87248985e+01
 5.66000000e+02 1.10000000e+01 7.87656475e+01
 5.67000000e+02 1.10000000e+01 7.88063964e+01
 5.68000000e+02 1.10000000e+01 7.88471453e+01
 5.69000000e+02 1.10000000e+01 7.88878942e+01
 5.70000000e+02 1.10000000e+01 7.89286431e+01
 5.71000000e+02 1.10000000e+01 8.29693920e+01
 5.72000000e+02 1.10000000e+01 8.20101409e+01
 5.73000000e+02 1.10000000e+01 8.20508898e+01
 5.74000000e+02 1.10000000e+01 8.10916387e+01
 5.75000000e+02 1.10000000e+01 8.11323876e+01
 5.76000000e+02 1.10000000e+01 8.01731365e+01
 5.77000000e+02 1.10000000e+01 7.92138854e+01
 5.78000000e+02 1.10000000e+01 7.92546343e+01
 5.79000000e+02 1.10000000e+01 7.92953832e+01
 5.80000000e+02 1.10000000e+01 7.83361321e+01
 5.81000000e+02 1.10000000e+01 7.93768810e+01
 5.82000000e+02 1.10000000e+01 7.94176299e+01
 5.83000000e+02 1.10000000e+01 8.04583788e+01
 5.84000000e+02 1.10000000e+01 8.04991277e+01
 5.85000000e+02 1.10000000e+01 8.05398766e+01
 5.86000000e+02 1.10000000e+01 8.05806255e+01
 5.87000000e+02 1.10000000e+01 8.16213744e+01
 5.88000000e+02 1.10000000e+01 8.16621233e+01
 5.89000000e+02 1.10000000e+01 8.47028722e+01
 5.90000000e+02 1.10000000e+01 8.57436211e+01
 5.91000000e+02 1.10000000e+01 8.67843700e+01
 5.92000000e+02 1.10000000e+01 8.68251190e+01
 5.93000000e+02 1.10000000e+01 8.68658679e+01
 5.94000000e+02 1.10000000e+01 8.69066168e+01
 5.95000000e+02 1.10000000e+01 8.59473657e+01
 5.96000000e+02 1.10000000e+01 8.59881146e+01
 5.97000000e+02 1.10000000e+01 8.60288635e+01
 5.98000000e+02 1.10000000e+01 8.70696124e+01
 5.99000000e+02 1.10000000e+01 8.71103613e+01
 6.00000000e+02 1.10000000e+01 8.71511102e+01
 6.01000000e+02 1.10000000e+01 8.81918591e+01
 6.02000000e+02 1.10000000e+01 8.82326080e+01
 6.03000000e+02 1.10000000e+01 8.82733569e+01
 6.04000000e+02 1.10000000e+01 8.93141058e+01
 6.05000000e+02 1.10000000e+01 8.93548547e+01
 6.06000000e+02 1.10000000e+01 8.93956036e+01
 6.07000000e+02 1.10000000e+01 8.94363525e+01
 6.08000000e+02 1.10000000e+01 8.94771014e+01
 6.09000000e+02 1.10000000e+01 8.95178503e+01
 6.10000000e+02 1.10000000e+01 8.95585992e+01
 6.11000000e+02 1.10000000e+01 8.85993481e+01
 6.12000000e+02 1.10000000e+01 8.76400970e+01
 6.13000000e+02 1.10000000e+01 8.76808459e+01
 6.14000000e+02 1.10000000e+01 8.77215948e+01
 6.15000000e+02 1.10000000e+01 8.77623437e+01
 6.16000000e+02 1.10000000e+01 8.78030926e+01
 6.17000000e+02 1.10000000e+01 8.78438415e+01
 6.18000000e+02 1.10000000e+01 8.78845905e+01
 6.19000000e+02 1.10000000e+01 8.79253394e+01
 6.20000000e+02 1.10000000e+01 8.79660883e+01
 6.21000000e+02 1.10000000e+01 8.80068372e+01
 6.22000000e+02 1.10000000e+01 8.80475861e+01
 6.24000000e+02 1.10000000e+01 9.31290839e+01
 6.25000000e+02 1.10000000e+01 9.21698328e+01
 6.26000000e+02 1.10000000e+01 9.12105817e+01
 6.27000000e+02 1.10000000e+01 9.12513306e+01
 6.28000000e+02 1.10000000e+01 9.12920795e+01
 6.29000000e+02 1.10000000e+01 9.13328284e+01
 6.30000000e+02 1.10000000e+01 9.13735773e+01
 6.31000000e+02 1.10000000e+01 9.14143262e+01
 6.32000000e+02 1.10000000e+01 9.14550751e+01
 6.33000000e+02 1.10000000e+01 9.14958240e+01
 6.34000000e+02 1.10000000e+01 9.15365729e+01
 6.35000000e+02 1.10000000e+01 9.15773218e+01
 6.36000000e+02 1.10000000e+01 9.16180707e+01
 6.37000000e+02 1.10000000e+01 9.26588196e+01
 6.38000000e+02 1.10000000e+01 9.26995685e+01
 6.39000000e+02 1.10000000e+01 9.37403174e+01
 6.40000000e+02 1.10000000e+01 9.37810663e+01
 6.41000000e+02 1.10000000e+01 9.38218152e+01
 6.42000000e+02 1.10000000e+01 9.38625641e+01
 6.43000000e+02 1.10000000e+01 9.39033130e+01
 6.44000000e+02 1.10000000e+01 9.39440620e+01
 6.45000000e+02 1.10000000e+01 9.39848109e+01
 6.46000000e+02 1.10000000e+01 9.30255598e+01
 6.47000000e+02 1.10000000e+01 9.40663087e+01
 6.48000000e+02 1.10000000e+01 9.41070576e+01
 6.49000000e+02 1.10000000e+01 9.51478065e+01
 6.50000000e+02 1.10000000e+01 9.51885554e+01
 6.51000000e+02 1.10000000e+01 9.52293043e+01
 6.52000000e+02 1.10000000e+01 9.52700532e+01
 6.53000000e+02 1.10000000e+01 9.53108021e+01
 6.54000000e+02 1.10000000e+01 9.53515510e+01
 6.55000000e+02 1.10000000e+01 9.53922999e+01
 6.56000000e+02 1.10000000e+01 9.54330488e+01
 6.57000000e+02 1.10000000e+01 9.54737977e+01
 6.58000000e+02 1.10000000e+01 9.55145466e+01
 6.59000000e+02 1.10000000e+01 9.65552955e+01
 6.60000000e+02 1.10000000e+01 9.65960444e+01
 6.61000000e+02 1.10000000e+01 9.76367933e+01
 6.62000000e+02 1.10000000e+01 9.76775422e+01
 6.63000000e+02 1.10000000e+01 9.77182911e+01
 6.64000000e+02 1.10000000e+01 9.77590400e+01
 6.65000000e+02 1.10000000e+01 9.77997889e+01
 6.66000000e+02 1.10000000e+01 9.88405378e+01
 6.67000000e+02 1.10000000e+01 9.88812867e+01
 6.68000000e+02 1.10000000e+01 9.89220356e+01
 6.69000000e+02 1.10000000e+01 9.89627845e+01
 6.70000000e+02 1.10000000e+01 1.00003533e+02
 6.71000000e+02 1.10000000e+01 1.00044282e+02
 6.72000000e+02 1.10000000e+01 1.00085031e+02
 6.73000000e+02 1.10000000e+01 9.91257802e+01
 6.74000000e+02 1.10000000e+01 9.91665291e+01
 6.75000000e+02 1.10000000e+01 9.92072780e+01
 6.76000000e+02 1.10000000e+01 9.92480269e+01
 6.77000000e+02 1.10000000e+01 9.92887758e+01
 6.78000000e+02 1.10000000e+01 9.93295247e+01
 6.79000000e+02 1.10000000e+01 9.93702736e+01
 6.80000000e+02 1.10000000e+01 1.00411022e+02
 6.81000000e+02 1.10000000e+01 1.00451771e+02
 6.82000000e+02 1.10000000e+01 1.00492520e+02
 6.83000000e+02 1.10000000e+01 1.00533269e+02
 6.84000000e+02 1.10000000e+01 1.00574018e+02
 6.85000000e+02 1.10000000e+01 1.00614767e+02
 6.86000000e+02 1.10000000e+01 1.00655516e+02
 6.87000000e+02 1.10000000e+01 1.00696265e+02
