 1.00000000e+00 1.80000000e+01 3.00551697e+01
 2.00000000e+00 1.80000000e+01 3.00942245e+01
 3.00000000e+00 1.80000000e+01 3.01332794e+01
 4.00000000e+00 1.80000000e+01 2.91723343e+01
 5.00000000e+00 1.80000000e+01 2.92113891e+01
 6.00000000e+00 1.80000000e+01 3.02504440e+01
 7.00000000e+00 1.80000000e+01 3.02894988e+01
 8.00000000e+00 1.80000000e+01 3.03285537e+01
 9.00000000e+00 1.80000000e+01 3.03676086e+01
 1.00000000e+01 1.80000000e+01 3.04066634e+01
 1.10000000e+01 1.80000000e+01 3.04457183e+01
 1.20000000e+01 1.80000000e+01 3.04847731e+01
 1.30000000e+01 1.80000000e+01 2.95238280e+01
 1.40000000e+01 1.80000000e+01 2.95628828e+01
 1.50000000e+01 1.80000000e+01 2.96019377e+01
 1.60000000e+01 1.80000000e+01 2.86409926e+01
 1.70000000e+01 1.80000000e+01 2.96800474e+01
 1.80000000e+01 1.80000000e+01 2.97191023e+01
 1.90000000e+01 1.80000000e+01 2.97581571e+01
 2.00000000e+01 1.80000000e+01 2.97972120e+01
 2.10000000e+01 1.80000000e+01 3.08362668e+01
 2.20000000e+01 1.80000000e+01 2.98753217e+01
 2.30000000e+01 1.80000000e+01 2.99143766e+01
 2.40000000e+01 1.80000000e+01 2.99534314e+01
 2.50000000e+01 1.80000000e+01 2.89924863e+01
 2.60000000e+01 1.80000000e+01 3.00315411e+01
 2.70000000e+01 1.80000000e+01 3.20705960e+01
 2.80000000e+01 1.80000000e+01 3.21096509e+01
 2.90000000e+01 1.80000000e+01 3.31487057e+01
 3.00000000e+01 1.80000000e+01 3.31877606e+01
 3.10000000e+01 1.80000000e+01 3.32268154e+01
 3.20000000e+01 1.80000000e+01 3.32658703e+01
 3.30000000e+01 1.80000000e+01 3.33049251e+01
 3.40000000e+01 1.80000000e+01 3.33439800e+01
 3.50000000e+01 1.80000000e+01 3.23830349e+01
 3.60000000e+01 1.80000000e+01 3.24220897e+01
 3.70000000e+01 1.80000000e+01 3.24611446e+01
 3.80000000e+01 1.80000000e+01 3.15001994e+01
 3.90000000e+01 1.80000000e+01 3.25392543e+01
 4.00000000e+01 1.80000000e+01 3.25783091e+01
 4.10000000e+01 1.80000000e+01 3.36173640e+01
 4.20000000e+01 1.80000000e+01 3.36564189e+01
 4.30000000e+01 1.80000000e+01 3.26954737e+01
 4.40000000e+01 1.80000000e+01 3.17345286e+01
 4.50000000e+01 1.80000000e+01 3.17735834e+01
 4.60000000e+01 1.80000000e+01 3.18126383e+01
 4.70000000e+01 1.80000000e+01 3.18516932e+01
 4.80000000e+01 1.80000000e+01 3.18907480e+01
 4.90000000e+01 1.80000000e+01 3.09298029e+01
 5.00000000e+01 1.80000000e+01 3.09688577e+01
 5.10000000e+01 1.80000000e+01 3.00079126e+01
 5.20000000e+01 1.80000000e+01 2.90469674e+01
 6.20000000e+01 1.80000000e+01 3.04375160e+01
 6.30000000e+01 1.80000000e+01 2.94765709e+01
 6.40000000e+01 1.80000000e+01 2.95156257e+01
 6.50000000e+01 1.80000000e+01 2.85546806e+01
 6.60000000e+01 1.80000000e+01 2.85937355e+01
 6.70000000e+01 1.80000000e+01 2.86327903e+01
 6.80000000e+01 1.80000000e+01 2.96718452e+01
 6.90000000e+01 1.80000000e+01 2.97109000e+01
 7.00000000e+01 1.80000000e+01 2.97499549e+01
 7.10000000e+01 1.80000000e+01 2.87890097e+01
 7.20000000e+01 1.80000000e+01 2.88280646e+01
 7.30000000e+01 1.80000000e+01 2.88671195e+01
 7.40000000e+01 1.80000000e+01 2.99061743e+01
 7.50000000e+01 1.80000000e+01 2.99452292e+01
 7.60000000e+01 1.80000000e+01 2.99842840e+01
 7.70000000e+01 1.80000000e+01 2.90233389e+01
 7.80000000e+01 1.80000000e+01 3.00623937e+01
 7.90000000e+01 1.80000000e+01 3.01014486e+01
 8.00000000e+01 1.80000000e+01 3.21405035e+01
 8.10000000e+01 1.80000000e+01 3.01795583e+01
 8.20000000e+01 1.80000000e+01 2.92186132e+01
 8.30000000e+01 1.80000000e+01 3.02576680e+01
 8.40000000e+01 1.80000000e+01 3.02967229e+01
 8.50000000e+01 1.80000000e+01 3.03357778e+01
 8.60000000e+01 1.80000000e+01 3.03748326e+01
 8.70000000e+01 1.80000000e+01 3.04138875e+01
 8.80000000e+01 1.80000000e+01 3.04529423e+01
 8.90000000e+01 1.80000000e+01 3.04919972e+01
 9.00000000e+01 1.80000000e+01 3.05310520e+01
 9.10000000e+01 1.80000000e+01 3.05701069e+01
 9.20000000e+01 1.80000000e+01 3.06091618e+01
 9.30000000e+01 1.80000000e+01 3.06482166e+01
 9.40000000e+01 1.80000000e+01 3.06872715e+01
 9.50000000e+01 1.80000000e+01 3.07263263e+01
 9.60000000e+01 1.80000000e+01 2.97653812e+01
 9.70000000e+01 1.80000000e+01 2.98044361e+01
 9.80000000e+01 1.80000000e+01 2.98434909e+01
 9.90000000e+01 1.80000000e+01 2.98825458e+01
 1.00000000e+02 1.80000000e+01 2.99216006e+01
 1.01000000e+02 1.80000000e+01 2.99606555e+01
 1.02000000e+02 1.80000000e+01 2.99997103e+01
 1.03000000e+02 1.80000000e+01 3.00387652e+01
 1.04000000e+02 1.80000000e+01 3.10778201e+01
 1.05000000e+02 1.80000000e+01 3.11168749e+01
 1.06000000e+02 1.80000000e+01 3.21559298e+01
 1.07000000e+02 1.80000000e+01 3.21949846e+01
 1.08000000e+02 1.80000000e+01 3.22340395e+01
 1.09000000e+02 1.80000000e+01 3.22730943e+01
 1.10000000e+02 1.80000000e+01 3.23121492e+01
 1.11000000e+02 1.80000000e+01 3.33512041e+01
 1.12000000e+02 1.80000000e+01 3.23902589e+01
 1.13000000e+02 1.80000000e+01 3.34293138e+01
 1.14000000e+02 1.80000000e+01 3.24683686e+01
 1.15000000e+02 1.80000000e+01 3.25074235e+01
 1.16000000e+02 1.80000000e+01 3.15464784e+01
 1.17000000e+02 1.80000000e+01 2.95855332e+01
 1.18000000e+02 1.80000000e+01 2.96245881e+01
 1.19000000e+02 1.80000000e+01 2.96636429e+01
 1.20000000e+02 1.80000000e+01 2.97026978e+01
 1.21000000e+02 1.80000000e+01 2.87417526e+01
 1.22000000e+02 1.80000000e+01 2.87808075e+01
 1.23000000e+02 1.80000000e+01 2.88198624e+01
 1.24000000e+02 1.80000000e+01 2.88589172e+01
 1.25000000e+02 1.80000000e+01 2.58979721e+01
 1.26000000e+02 1.80000000e+01 2.49370269e+01
 1.38000000e+02 1.80000000e+01 2.24056852e+01
 1.39000000e+02 1.80000000e+01 2.14447401e+01
 1.40000000e+02 1.80000000e+01 2.14837949e+01
 1.41000000e+02 1.80000000e+01 2.05228498e+01
 1.42000000e+02 1.80000000e+01 2.15619047e+01
 1.43000000e+02 1.80000000e+01 2.16009595e+01
 1.44000000e+02 1.80000000e+01 2.16400144e+01
 1.45000000e+02 1.80000000e+01 2.26790692e+01
 1.46000000e+02 1.80000000e+01 2.27181241e+01
 1.47000000e+02 1.80000000e+01 2.37571789e+01
 1.48000000e+02 1.80000000e+01 2.37962338e+01
 1.49000000e+02 1.80000000e+01 2.48352887e+01
 1.50000000e+02 1.80000000e+01 2.48743435e+01
 1.51000000e+02 1.80000000e+01 2.49133984e+01
 1.52000000e+02 1.80000000e+01 2.59524532e+01
 1.53000000e+02 1.80000000e+01 3.29915081e+01
 1.54000000e+02 1.80000000e+01 3.40305630e+01
 1.55000000e+02 1.80000000e+01 3.40696178e+01
 1.56000000e+02 1.80000000e+01 3.41086727e+01
 1.57000000e+02 1.80000000e+01 3.41477275e+01
 1.58000000e+02 1.80000000e+01 3.41867824e+01
 1.59000000e+02 1.80000000e+01 3.42258372e+01
 1.60000000e+02 1.80000000e+01 3.42648921e+01
 1.61000000e+02 1.80000000e+01 3.43039470e+01
 1.62000000e+02 1.80000000e+01 3.53430018e+01
 1.63000000e+02 1.80000000e+01 3.53820567e+01
 1.64000000e+02 1.80000000e+01 3.54211115e+01
 1.65000000e+02 1.80000000e+01 3.54601664e+01
 1.66000000e+02 1.80000000e+01 3.44992212e+01
 1.67000000e+02 1.80000000e+01 3.45382761e+01
 1.68000000e+02 1.80000000e+01 3.45773310e+01
 1.69000000e+02 1.80000000e+01 3.46163858e+01
 1.70000000e+02 1.80000000e+01 3.46554407e+01
 1.71000000e+02 1.80000000e+01 3.36944955e+01
 1.72000000e+02 1.80000000e+01 3.37335504e+01
 1.73000000e+02 1.80000000e+01 3.27726053e+01
 1.74000000e+02 1.80000000e+01 3.28116601e+01
 1.75000000e+02 1.80000000e+01 3.38507150e+01
 1.76000000e+02 1.80000000e+01 3.38897698e+01
 1.77000000e+02 1.80000000e+01 3.49288247e+01
 1.78000000e+02 1.80000000e+01 3.49678795e+01
 1.79000000e+02 1.80000000e+01 3.50069344e+01
 1.80000000e+02 1.80000000e+01 3.50459893e+01
 1.81000000e+02 1.80000000e+01 3.50850441e+01
 1.82000000e+02 1.80000000e+01 3.51240990e+01
 1.83000000e+02 1.80000000e+01 3.41631538e+01
 1.84000000e+02 1.80000000e+01 3.52022087e+01
 1.85000000e+02 1.80000000e+01 3.62412636e+01
 1.86000000e+02 1.80000000e+01 3.52803184e+01
 1.87000000e+02 1.80000000e+01 3.63193733e+01
 1.88000000e+02 1.80000000e+01 3.63584281e+01
 1.89000000e+02 1.80000000e+01 3.53974830e+01
 1.90000000e+02 1.80000000e+01 3.54365378e+01
 1.92000000e+02 1.80000000e+01 3.75146476e+01
 1.93000000e+02 1.80000000e+01 3.75537024e+01
 1.94000000e+02 1.80000000e+01 3.65927573e+01
 1.95000000e+02 1.80000000e+01 3.66318121e+01
 1.96000000e+02 1.80000000e+01 2.46708670e+01
 1.97000000e+02 1.80000000e+01 2.47099218e+01
 1.98000000e+02 1.80000000e+01 2.47489767e+01
 1.99000000e+02 1.80000000e+01 2.37880316e+01
 2.00000000e+02 1.80000000e+01 2.38270864e+01
 2.01000000e+02 1.80000000e+01 2.38661413e+01
 2.02000000e+02 1.80000000e+01 2.39051961e+01
 2.03000000e+02 1.80000000e+01 2.49442510e+01
 2.04000000e+02 1.80000000e+01 2.49833059e+01
 2.05000000e+02 1.80000000e+01 2.50223607e+01
 2.06000000e+02 1.80000000e+01 2.50614156e+01
 2.07000000e+02 1.80000000e+01 2.51004704e+01
 2.08000000e+02 1.80000000e+01 2.51395253e+01
 2.09000000e+02 1.80000000e+01 2.41785801e+01
 2.10000000e+02 1.80000000e+01 2.32176350e+01
 2.11000000e+02 1.80000000e+01 2.22566899e+01
 2.12000000e+02 1.80000000e+01 2.32957447e+01
 2.13000000e+02 1.80000000e+01 2.33347996e+01
 2.14000000e+02 1.80000000e+01 2.43738544e+01
 2.15000000e+02 1.80000000e+01 2.54129093e+01
 2.16000000e+02 1.80000000e+01 2.54519641e+01
 2.17000000e+02 1.80000000e+01 2.54910190e+01
 2.18000000e+02 1.80000000e+01 2.45300739e+01
 2.19000000e+02 1.80000000e+01 2.35691287e+01
 2.20000000e+02 1.80000000e+01 2.26081836e+01
 2.21000000e+02 1.80000000e+01 2.36472384e+01
 2.22000000e+02 1.80000000e+01 2.46862933e+01
 2.23000000e+02 1.80000000e+01 2.57253482e+01
 2.24000000e+02 1.80000000e+01 2.57644030e+01
 2.25000000e+02 1.80000000e+01 2.58034579e+01
 2.26000000e+02 1.80000000e+01 2.48425127e+01
 2.27000000e+02 1.80000000e+01 2.48815676e+01
 2.28000000e+02 1.80000000e+01 2.49206224e+01
 2.29000000e+02 1.80000000e+01 2.49596773e+01
 2.30000000e+02 1.80000000e+01 2.59987322e+01
 2.31000000e+02 1.80000000e+01 2.50377870e+01
 2.32000000e+02 1.80000000e+01 2.50768419e+01
 2.33000000e+02 1.80000000e+01 2.41158967e+01
 2.34000000e+02 1.80000000e+01 2.41549516e+01
 2.35000000e+02 1.80000000e+01 2.21940064e+01
 2.36000000e+02 1.80000000e+01 2.12330613e+01
 2.37000000e+02 1.80000000e+01 2.12721162e+01
 2.38000000e+02 1.80000000e+01 2.13111710e+01
 2.56000000e+02 1.80000000e+01 2.40141585e+01
 2.57000000e+02 1.80000000e+01 2.40532133e+01
 2.58000000e+02 1.80000000e+01 2.40922682e+01
 2.59000000e+02 1.80000000e+01 2.41313230e+01
 2.60000000e+02 1.80000000e+01 2.41703779e+01
 2.61000000e+02 1.80000000e+01 2.32094328e+01
 2.62000000e+02 1.80000000e+01 2.32484876e+01
 2.63000000e+02 1.80000000e+01 2.22875425e+01
 2.68000000e+02 1.80000000e+01 2.74828168e+01
 2.69000000e+02 1.80000000e+01 2.85218716e+01
 2.70000000e+02 1.80000000e+01 2.75609265e+01
 2.71000000e+02 1.80000000e+01 2.75999813e+01
 2.72000000e+02 1.80000000e+01 2.86390362e+01
 2.73000000e+02 1.80000000e+01 2.86780910e+01
 2.74000000e+02 1.80000000e+01 2.87171459e+01
 2.75000000e+02 1.80000000e+01 2.97562008e+01
 2.76000000e+02 1.80000000e+01 3.07952556e+01
 2.77000000e+02 1.80000000e+01 2.98343105e+01
 2.78000000e+02 1.80000000e+01 2.98733653e+01
 2.79000000e+02 1.80000000e+01 2.99124202e+01
 2.80000000e+02 1.80000000e+01 2.79514751e+01
 2.81000000e+02 1.80000000e+01 2.79905299e+01
 2.82000000e+02 1.80000000e+01 2.80295848e+01
 2.83000000e+02 1.80000000e+01 2.80686396e+01
 2.84000000e+02 1.80000000e+01 2.81076945e+01
 2.85000000e+02 1.80000000e+01 2.81467493e+01
 2.86000000e+02 1.80000000e+01 2.91858042e+01
 2.87000000e+02 1.80000000e+01 3.02248591e+01
 2.88000000e+02 1.80000000e+01 2.92639139e+01
 2.89000000e+02 1.80000000e+01 3.03029688e+01
 2.90000000e+02 1.80000000e+01 3.03420236e+01
 2.91000000e+02 1.80000000e+01 3.03810785e+01
 2.92000000e+02 1.80000000e+01 3.04201334e+01
 2.93000000e+02 1.80000000e+01 3.04591882e+01
 2.94000000e+02 1.80000000e+01 3.04982431e+01
 2.95000000e+02 1.80000000e+01 3.05372979e+01
 2.96000000e+02 1.80000000e+01 3.05763528e+01
 2.97000000e+02 1.80000000e+01 2.96154076e+01
 2.98000000e+02 1.80000000e+01 2.96544625e+01
 2.99000000e+02 1.80000000e+01 2.96935174e+01
 3.00000000e+02 1.80000000e+01 2.87325722e+01
 3.01000000e+02 1.80000000e+01 2.57716271e+01
 3.02000000e+02 1.80000000e+01 2.58106819e+01
 3.03000000e+02 1.80000000e+01 2.68497368e+01
 3.04000000e+02 1.80000000e+01 2.98887916e+01
 3.05000000e+02 1.80000000e+01 2.99278465e+01
 3.06000000e+02 1.80000000e+01 2.99669014e+01
 3.07000000e+02 1.80000000e+01 3.00059562e+01
 3.08000000e+02 1.80000000e+01 2.90450111e+01
 3.09000000e+02 1.80000000e+01 3.00840659e+01
 3.10000000e+02 1.80000000e+01 2.91231208e+01
 3.11000000e+02 1.80000000e+01 2.91621757e+01
 3.12000000e+02 1.80000000e+01 2.82012305e+01
 3.13000000e+02 1.80000000e+01 2.82402854e+01
 3.14000000e+02 1.80000000e+01 2.82793402e+01
 3.15000000e+02 1.80000000e+01 3.03183951e+01
 3.16000000e+02 1.80000000e+01 3.03574499e+01
 3.17000000e+02 1.80000000e+01 3.03965048e+01
 3.18000000e+02 1.80000000e+01 2.94355597e+01
 3.19000000e+02 1.80000000e+01 2.84746145e+01
 3.20000000e+02 1.80000000e+01 2.85136694e+01
 3.21000000e+02 1.80000000e+01 2.85527242e+01
 3.22000000e+02 1.80000000e+01 2.85917791e+01
 3.23000000e+02 1.80000000e+01 2.86308339e+01
 3.24000000e+02 1.80000000e+01 2.86698888e+01
 3.25000000e+02 1.80000000e+01 2.87089437e+01
 3.26000000e+02 1.80000000e+01 2.97479985e+01
 3.27000000e+02 1.80000000e+01 2.97870534e+01
 3.28000000e+02 1.80000000e+01 3.08261082e+01
 3.29000000e+02 1.80000000e+01 3.18651631e+01
 3.30000000e+02 1.80000000e+01 3.19042180e+01
 3.31000000e+02 1.80000000e+01 3.29432728e+01
 3.32000000e+02 1.80000000e+01 3.39823277e+01
 3.33000000e+02 1.80000000e+01 3.40213825e+01
 3.34000000e+02 1.80000000e+01 3.50604374e+01
 3.35000000e+02 1.80000000e+01 3.60994922e+01
 3.36000000e+02 1.80000000e+01 3.61385471e+01
 3.37000000e+02 1.80000000e+01 3.61776020e+01
 3.38000000e+02 1.80000000e+01 3.62166568e+01
 3.39000000e+02 1.80000000e+01 3.62557117e+01
 3.40000000e+02 1.80000000e+01 3.52947665e+01
 3.41000000e+02 1.80000000e+01 3.53338214e+01
 3.42000000e+02 1.80000000e+01 4.43728762e+01
 3.43000000e+02 1.80000000e+01 4.34119311e+01
 3.44000000e+02 1.80000000e+01 4.24509860e+01
 3.45000000e+02 1.80000000e+01 4.24900408e+01
 3.46000000e+02 1.80000000e+01 4.25290957e+01
 3.47000000e+02 1.80000000e+01 4.25681505e+01
 3.48000000e+02 1.80000000e+01 4.26072054e+01
 3.49000000e+02 1.80000000e+01 4.36462603e+01
 3.50000000e+02 1.80000000e+01 4.36853151e+01
 3.51000000e+02 1.80000000e+01 4.37243700e+01
 3.52000000e+02 1.80000000e+01 4.47634248e+01
 3.53000000e+02 1.80000000e+01 4.48024797e+01
 3.54000000e+02 1.80000000e+01 4.18415345e+01
 3.55000000e+02 1.80000000e+01 4.18805894e+01
 3.56000000e+02 1.80000000e+01 4.29196443e+01
 3.57000000e+02 1.80000000e+01 4.29586991e+01
 3.58000000e+02 1.80000000e+01 4.19977540e+01
 3.59000000e+02 1.80000000e+01 4.00368088e+01
 3.60000000e+02 1.80000000e+01 3.90758637e+01
 3.61000000e+02 1.80000000e+01 3.81149185e+01
 3.62000000e+02 1.80000000e+01 3.71539734e+01
 3.63000000e+02 1.80000000e+01 3.71930283e+01
 3.64000000e+02 1.80000000e+01 3.72320831e+01
 3.65000000e+02 1.80000000e+01 3.72711380e+01
 3.66000000e+02 1.80000000e+01 3.73101928e+01
 3.67000000e+02 1.80000000e+01 3.83492477e+01
 3.68000000e+02 1.80000000e+01 3.83883026e+01
 3.69000000e+02 1.80000000e+01 3.84273574e+01
 3.70000000e+02 1.80000000e+01 3.74664123e+01
 3.71000000e+02 1.80000000e+01 3.55054671e+01
 3.72000000e+02 1.80000000e+01 3.55445220e+01
 3.73000000e+02 1.80000000e+01 3.65835768e+01
 3.74000000e+02 1.80000000e+01 3.66226317e+01
 3.75000000e+02 1.80000000e+01 3.76616866e+01
 3.76000000e+02 1.80000000e+01 3.77007414e+01
 3.77000000e+02 1.80000000e+01 3.77397963e+01
 3.78000000e+02 1.80000000e+01 3.77788511e+01
 3.79000000e+02 1.80000000e+01 3.88179060e+01
 3.80000000e+02 1.80000000e+01 3.78569609e+01
 3.81000000e+02 1.80000000e+01 3.88960157e+01
 3.82000000e+02 1.80000000e+01 3.89350706e+01
 3.83000000e+02 1.80000000e+01 3.99741254e+01
 3.84000000e+02 1.80000000e+01 4.00131803e+01
 3.85000000e+02 1.80000000e+01 4.00522351e+01
 3.86000000e+02 1.80000000e+01 4.00912900e+01
 3.87000000e+02 1.80000000e+01 4.01303449e+01
 3.88000000e+02 1.80000000e+01 4.01693997e+01
 3.89000000e+02 1.80000000e+01 4.02084546e+01
 3.90000000e+02 1.80000000e+01 4.02475094e+01
 3.91000000e+02 1.80000000e+01 4.02865643e+01
 3.92000000e+02 1.80000000e+01 4.03256191e+01
 3.93000000e+02 1.80000000e+01 4.03646740e+01
 3.94000000e+02 1.80000000e+01 4.04037289e+01
 3.95000000e+02 1.80000000e+01 4.14427837e+01
 3.96000000e+02 1.80000000e+01 4.14818386e+01
 3.97000000e+02 1.80000000e+01 4.15208934e+01
 3.98000000e+02 1.80000000e+01 4.25599483e+01
 3.99000000e+02 1.80000000e+01 4.25990032e+01
 4.00000000e+02 1.80000000e+01 4.26380580e+01
 4.01000000e+02 1.80000000e+01 4.16771129e+01
 4.02000000e+02 1.80000000e+01 4.27161677e+01
 4.03000000e+02 1.80000000e+01 4.57552226e+01
 4.04000000e+02 1.80000000e+01 4.67942774e+01
 4.05000000e+02 1.80000000e+01 4.68333323e+01
 4.06000000e+02 1.80000000e+01 4.78723872e+01
 4.07000000e+02 1.80000000e+01 4.99114420e+01
 4.08000000e+02 1.80000000e+01 5.19504969e+01
 4.09000000e+02 1.80000000e+01 5.09895517e+01
 4.10000000e+02 1.80000000e+01 5.00286066e+01
 4.11000000e+02 1.80000000e+01 5.00676614e+01
 4.12000000e+02 1.80000000e+01 5.01067163e+01
 4.13000000e+02 1.80000000e+01 5.21457712e+01
 4.14000000e+02 1.80000000e+01 5.21848260e+01
 4.15000000e+02 1.80000000e+01 5.12238809e+01
 4.16000000e+02 1.80000000e+01 5.02629357e+01
 4.17000000e+02 1.80000000e+01 5.03019906e+01
 4.18000000e+02 1.80000000e+01 5.03410455e+01
 4.19000000e+02 1.80000000e+01 5.03801003e+01
 4.20000000e+02 1.80000000e+01 5.04191552e+01
 4.21000000e+02 1.80000000e+01 4.84582100e+01
 4.22000000e+02 1.80000000e+01 4.84972649e+01
 4.23000000e+02 1.80000000e+01 4.85363197e+01
 4.24000000e+02 1.80000000e+01 4.85753746e+01
 4.25000000e+02 1.80000000e+01 4.96144295e+01
 4.26000000e+02 1.80000000e+01 4.96534843e+01
 4.27000000e+02 1.80000000e+01 4.96925392e+01
 4.28000000e+02 1.80000000e+01 4.97315940e+01
 4.29000000e+02 1.80000000e+01 4.97706489e+01
 4.30000000e+02 1.80000000e+01 5.08097037e+01
 4.31000000e+02 1.80000000e+01 4.98487586e+01
 4.32000000e+02 1.80000000e+01 4.98878135e+01
 4.33000000e+02 1.80000000e+01 5.09268683e+01
 4.34000000e+02 1.80000000e+01 5.09659232e+01
 4.35000000e+02 1.80000000e+01 5.20049780e+01
 4.36000000e+02 1.80000000e+01 5.20440329e+01
 4.37000000e+02 1.80000000e+01 5.40830878e+01
 4.38000000e+02 1.80000000e+01 5.51221426e+01
 4.39000000e+02 1.80000000e+01 5.41611975e+01
 4.40000000e+02 1.80000000e+01 5.42002523e+01
 4.41000000e+02 1.80000000e+01 5.32393072e+01
 4.42000000e+02 1.80000000e+01 5.32783620e+01
 4.43000000e+02 1.80000000e+01 5.33174169e+01
 4.44000000e+02 1.80000000e+01 5.23564718e+01
 4.45000000e+02 1.80000000e+01 5.23955266e+01
 4.46000000e+02 1.80000000e+01 5.24345815e+01
 4.47000000e+02 1.80000000e+01 4.94736363e+01
 4.48000000e+02 1.80000000e+01 4.95126912e+01
 4.49000000e+02 1.80000000e+01 4.95517460e+01
 4.50000000e+02 1.80000000e+01 5.15908009e+01
 4.51000000e+02 1.80000000e+01 5.16298558e+01
 4.52000000e+02 1.80000000e+01 5.16689106e+01
 4.53000000e+02 1.80000000e+01 5.17079655e+01
 4.54000000e+02 1.80000000e+01 5.37470203e+01
 4.55000000e+02 1.80000000e+01 5.57860752e+01
 4.56000000e+02 1.80000000e+01 5.58251301e+01
 4.57000000e+02 1.80000000e+01 5.58641849e+01
 4.58000000e+02 1.80000000e+01 5.59032398e+01
 4.59000000e+02 1.80000000e+01 5.49422946e+01
 4.60000000e+02 1.80000000e+01 5.49813495e+01
 4.61000000e+02 1.80000000e+01 5.50204043e+01
 4.62000000e+02 1.80000000e+01 5.50594592e+01
 4.63000000e+02 1.80000000e+01 5.40985141e+01
 4.64000000e+02 1.80000000e+01 5.41375689e+01
 4.65000000e+02 1.80000000e+01 5.51766238e+01
 4.66000000e+02 1.80000000e+01 5.82156786e+01
 4.67000000e+02 1.80000000e+01 6.02547335e+01
 4.68000000e+02 1.80000000e+01 6.12937884e+01
 4.69000000e+02 1.80000000e+01 6.13328432e+01
 4.70000000e+02 1.80000000e+01 6.03718981e+01
 4.71000000e+02 1.80000000e+01 5.64109529e+01
 4.72000000e+02 1.80000000e+01 5.64500078e+01
 4.73000000e+02 1.80000000e+01 5.54890626e+01
 4.74000000e+02 1.80000000e+01 5.65281175e+01
 4.75000000e+02 1.80000000e+01 5.65671724e+01
 4.76000000e+02 1.80000000e+01 5.66062272e+01
 4.77000000e+02 1.80000000e+01 5.66452821e+01
 4.78000000e+02 1.80000000e+01 5.66843369e+01
 4.79000000e+02 1.80000000e+01 5.67233918e+01
 4.80000000e+02 1.80000000e+01 5.67624466e+01
 4.81000000e+02 1.80000000e+01 5.68015015e+01
 4.82000000e+02 1.80000000e+01 5.68405564e+01
 4.83000000e+02 1.80000000e+01 5.68796112e+01
 4.84000000e+02 1.80000000e+01 5.79186661e+01
 4.85000000e+02 1.80000000e+01 5.89577209e+01
 4.86000000e+02 1.80000000e+01 5.89967758e+01
 4.87000000e+02 1.80000000e+01 6.00358307e+01
 4.88000000e+02 1.80000000e+01 6.10748855e+01
 4.89000000e+02 1.80000000e+01 6.21139404e+01
 4.90000000e+02 1.80000000e+01 6.21529952e+01
 4.91000000e+02 1.80000000e+01 6.21920501e+01
 4.92000000e+02 1.80000000e+01 6.22311049e+01
 4.93000000e+02 1.80000000e+01 6.22701598e+01
 4.94000000e+02 1.80000000e+01 6.13092147e+01
 4.95000000e+02 1.80000000e+01 6.13482695e+01
 4.96000000e+02 1.80000000e+01 6.13873244e+01
 4.97000000e+02 1.80000000e+01 6.14263792e+01
 4.98000000e+02 1.80000000e+01 6.14654341e+01
 4.99000000e+02 1.80000000e+01 6.15044889e+01
 5.00000000e+02 1.80000000e+01 6.15435438e+01
 5.01000000e+02 1.80000000e+01 6.15825987e+01
 5.02000000e+02 1.80000000e+01 6.16216535e+01
 5.03000000e+02 1.80000000e+01 6.16607084e+01
 5.04000000e+02 1.80000000e+01 6.06997632e+01
 5.05000000e+02 1.80000000e+01 5.97388181e+01
 5.06000000e+02 1.80000000e+01 5.87778730e+01
 5.07000000e+02 1.80000000e+01 5.88169278e+01
 5.08000000e+02 1.80000000e+01 5.98559827e+01
 5.09000000e+02 1.80000000e+01 5.88950375e+01
 5.10000000e+02 1.80000000e+01 5.89340924e+01
 5.11000000e+02 1.80000000e+01 6.09731472e+01
 5.12000000e+02 1.80000000e+01 6.10122021e+01
 5.13000000e+02 1.80000000e+01 6.10512570e+01
 5.14000000e+02 1.80000000e+01 6.10903118e+01
 5.15000000e+02 1.80000000e+01 6.01293667e+01
 5.16000000e+02 1.80000000e+01 6.01684215e+01
 5.19000000e+02 1.80000000e+01 5.92855861e+01
 5.20000000e+02 1.80000000e+01 5.93246410e+01
 5.21000000e+02 1.80000000e+01 5.93636958e+01
 5.22000000e+02 1.80000000e+01 5.94027507e+01
 5.23000000e+02 1.80000000e+01 5.94418055e+01
 5.24000000e+02 1.80000000e+01 6.14808604e+01
 5.25000000e+02 1.80000000e+01 6.25199153e+01
 5.26000000e+02 1.80000000e+01 6.25589701e+01
 5.27000000e+02 1.80000000e+01 6.25980250e+01
 5.28000000e+02 1.80000000e+01 6.36370798e+01
 5.29000000e+02 1.80000000e+01 6.36761347e+01
 5.30000000e+02 1.80000000e+01 6.57151895e+01
 5.42000000e+02 1.80000000e+01 6.51838478e+01
 5.43000000e+02 1.80000000e+01 6.52229027e+01
 5.44000000e+02 1.80000000e+01 6.52619576e+01
 5.45000000e+02 1.80000000e+01 6.53010124e+01
 5.46000000e+02 1.80000000e+01 6.63400673e+01
 5.47000000e+02 1.80000000e+01 6.63791221e+01
 5.48000000e+02 1.80000000e+01 6.64181770e+01
 5.49000000e+02 1.80000000e+01 6.74572318e+01
 5.50000000e+02 1.80000000e+01 6.74962867e+01
 5.51000000e+02 1.80000000e+01 6.75353416e+01
 5.52000000e+02 1.80000000e+01 6.65743964e+01
 5.53000000e+02 1.80000000e+01 6.56134513e+01
 5.54000000e+02 1.80000000e+01 6.56525061e+01
 5.55000000e+02 1.80000000e+01 6.66915610e+01
 5.56000000e+02 1.80000000e+01 6.57306159e+01
 5.57000000e+02 1.80000000e+01 6.57696707e+01
 5.58000000e+02 1.80000000e+01 6.48087256e+01
 5.59000000e+02 1.80000000e+01 6.48477804e+01
 5.60000000e+02 1.80000000e+01 6.48868353e+01
 5.61000000e+02 1.80000000e+01 6.49258901e+01
 5.62000000e+02 1.80000000e+01 6.49649450e+01
 5.63000000e+02 1.80000000e+01 6.40039999e+01
 5.64000000e+02 1.80000000e+01 6.40430547e+01
 5.65000000e+02 1.80000000e+01 6.50821096e+01
 5.66000000e+02 1.80000000e+01 6.41211644e+01
 5.67000000e+02 1.80000000e+01 6.51602193e+01
 5.68000000e+02 1.80000000e+01 6.61992741e+01
 5.69000000e+02 1.80000000e+01 6.72383290e+01
 5.70000000e+02 1.80000000e+01 6.72773839e+01
 5.71000000e+02 1.80000000e+01 6.83164387e+01
 5.72000000e+02 1.80000000e+01 6.83554936e+01
 5.73000000e+02 1.80000000e+01 6.93945484e+01
 5.74000000e+02 1.80000000e+01 6.94336033e+01
 5.75000000e+02 1.80000000e+01 6.94726582e+01
 5.76000000e+02 1.80000000e+01 6.95117130e+01
 5.77000000e+02 1.80000000e+01 6.95507679e+01
 5.78000000e+02 1.80000000e+01 6.95898227e+01
 5.79000000e+02 1.80000000e+01 6.96288776e+01
 5.80000000e+02 1.80000000e+01 7.06679324e+01
 5.81000000e+02 1.80000000e+01 7.07069873e+01
 5.82000000e+02 1.80000000e+01 7.07460422e+01
 5.83000000e+02 1.80000000e+01 6.97850970e+01
 5.84000000e+02 1.80000000e+01 6.98241519e+01
 5.85000000e+02 1.80000000e+01 6.98632067e+01
 5.86000000e+02 1.80000000e+01 6.99022616e+01
 5.87000000e+02 1.80000000e+01 6.99413164e+01
 5.88000000e+02 1.80000000e+01 6.99803713e+01
 5.89000000e+02 1.80000000e+01 7.00194262e+01
 5.90000000e+02 1.80000000e+01 7.00584810e+01
 5.91000000e+02 1.80000000e+01 6.90975359e+01
 5.92000000e+02 1.80000000e+01 6.91365907e+01
 5.93000000e+02 1.80000000e+01 7.01756456e+01
 5.94000000e+02 1.80000000e+01 6.92147005e+01
 5.95000000e+02 1.80000000e+01 6.92537553e+01
 5.96000000e+02 1.80000000e+01 6.82928102e+01
 5.97000000e+02 1.80000000e+01 6.73318650e+01
 5.98000000e+02 1.80000000e+01 6.73709199e+01
 5.99000000e+02 1.80000000e+01 6.84099747e+01
 6.00000000e+02 1.80000000e+01 6.84490296e+01
 6.01000000e+02 1.80000000e+01 6.84880845e+01
 6.03000000e+02 1.80000000e+01 7.25661942e+01
 6.04000000e+02 1.80000000e+01 7.36052490e+01
 6.05000000e+02 1.80000000e+01 7.36443039e+01
 6.06000000e+02 1.80000000e+01 7.26833587e+01
 6.07000000e+02 1.80000000e+01 7.27224136e+01
 6.08000000e+02 1.80000000e+01 7.27614685e+01
 6.09000000e+02 1.80000000e+01 7.28005233e+01
 6.10000000e+02 1.80000000e+01 7.28395782e+01
 6.11000000e+02 1.80000000e+01 7.28786330e+01
 6.12000000e+02 1.80000000e+01 7.29176879e+01
 6.13000000e+02 1.80000000e+01 7.39567428e+01
 6.14000000e+02 1.80000000e+01 7.39957976e+01
 6.15000000e+02 1.80000000e+01 7.50348525e+01
 6.16000000e+02 1.80000000e+01 7.60739073e+01
 6.17000000e+02 1.80000000e+01 7.81129622e+01
 6.18000000e+02 1.80000000e+01 7.81520170e+01
 6.19000000e+02 1.80000000e+01 7.81910719e+01
 6.20000000e+02 1.80000000e+01 7.72301268e+01
 6.21000000e+02 1.80000000e+01 7.62691816e+01
 6.22000000e+02 1.80000000e+01 7.53082365e+01
 6.23000000e+02 1.80000000e+01 7.53472913e+01
 6.24000000e+02 1.80000000e+01 7.53863462e+01
 6.25000000e+02 1.80000000e+01 7.44254010e+01
 6.26000000e+02 1.80000000e+01 7.54644559e+01
 6.27000000e+02 1.80000000e+01 7.55035108e+01
 6.28000000e+02 1.80000000e+01 7.55425656e+01
 6.29000000e+02 1.80000000e+01 7.55816205e+01
 6.30000000e+02 1.80000000e+01 7.56206753e+01
 6.31000000e+02 1.80000000e+01 7.56597302e+01
 6.32000000e+02 1.80000000e+01 7.56987851e+01
 6.33000000e+02 1.80000000e+01 7.57378399e+01
 6.34000000e+02 1.80000000e+01 7.57768948e+01
 6.35000000e+02 1.80000000e+01 7.58159496e+01
 6.36000000e+02 1.80000000e+01 7.78550045e+01
 6.37000000e+02 1.80000000e+01 7.78940593e+01
 6.38000000e+02 1.80000000e+01 7.89331142e+01
 6.39000000e+02 1.80000000e+01 7.89721691e+01
 6.40000000e+02 1.80000000e+01 7.90112239e+01
 6.41000000e+02 1.80000000e+01 7.90502788e+01
 6.42000000e+02 1.80000000e+01 7.90893336e+01
 6.43000000e+02 1.80000000e+01 7.81283885e+01
 6.44000000e+02 1.80000000e+01 7.81674434e+01
 6.45000000e+02 1.80000000e+01 7.82064982e+01
 6.46000000e+02 1.80000000e+01 7.82455531e+01
 6.47000000e+02 1.80000000e+01 7.82846079e+01
 6.48000000e+02 1.80000000e+01 7.93236628e+01
 6.49000000e+02 1.80000000e+01 7.93627176e+01
 6.50000000e+02 1.80000000e+01 7.84017725e+01
 6.51000000e+02 1.80000000e+01 7.84408274e+01
 6.52000000e+02 1.80000000e+01 7.94798822e+01
 6.53000000e+02 1.80000000e+01 7.95189371e+01
 6.54000000e+02 1.80000000e+01 7.85579919e+01
 6.55000000e+02 1.80000000e+01 7.85970468e+01
 6.56000000e+02 1.80000000e+01 7.86361016e+01
 6.57000000e+02 1.80000000e+01 7.86751565e+01
 6.58000000e+02 1.80000000e+01 7.87142114e+01
 6.59000000e+02 1.80000000e+01 7.87532662e+01
 6.60000000e+02 1.80000000e+01 7.87923211e+01
 6.61000000e+02 1.80000000e+01 7.78313759e+01
 6.62000000e+02 1.80000000e+01 7.78704308e+01
 6.63000000e+02 1.80000000e+01 7.79094857e+01
 6.64000000e+02 1.80000000e+01 7.79485405e+01
 6.65000000e+02 1.80000000e+01 7.79875954e+01
 6.66000000e+02 1.80000000e+01 7.80266502e+01
 6.67000000e+02 1.80000000e+01 7.80657051e+01
 6.68000000e+02 1.80000000e+01 7.81047599e+01
 6.69000000e+02 1.80000000e+01 7.81438148e+01
 6.70000000e+02 1.80000000e+01 7.91828697e+01
 6.71000000e+02 1.80000000e+01 7.92219245e+01
 6.72000000e+02 1.80000000e+01 7.82609794e+01
 6.73000000e+02 1.80000000e+01 7.83000342e+01
 6.74000000e+02 1.80000000e+01 7.83390891e+01
 6.75000000e+02 1.80000000e+01 7.83781439e+01
 6.76000000e+02 1.80000000e+01 7.84171988e+01
 6.77000000e+02 1.80000000e+01 7.84562537e+01
 6.78000000e+02 1.80000000e+01 7.84953085e+01
 6.79000000e+02 1.80000000e+01 7.85343634e+01
 6.80000000e+02 1.80000000e+01 7.85734182e+01
 6.81000000e+02 1.80000000e+01 7.86124731e+01
 6.82000000e+02 1.80000000e+01 7.86515280e+01
 6.83000000e+02 1.80000000e+01 7.96905828e+01
 6.84000000e+02 1.80000000e+01 7.97296377e+01
 6.85000000e+02 1.80000000e+01 7.97686925e+01
 6.86000000e+02 1.80000000e+01 7.98077474e+01
 6.87000000e+02 1.80000000e+01 7.98468022e+01
 6.88000000e+02 1.80000000e+01 7.98858571e+01
 6.89000000e+02 1.80000000e+01 8.09249120e+01
 6.90000000e+02 1.80000000e+01 8.09639668e+01
 6.91000000e+02 1.80000000e+01 8.10030217e+01
 6.92000000e+02 1.80000000e+01 8.00420765e+01
 6.93000000e+02 1.80000000e+01 7.90811314e+01
 6.94000000e+02 1.80000000e+01 7.91201862e+01
 6.95000000e+02 1.80000000e+01 7.91592411e+01
 6.96000000e+02 1.80000000e+01 7.91982960e+01
 6.97000000e+02 1.80000000e+01 7.92373508e+01
 6.98000000e+02 1.80000000e+01 7.92764057e+01
 6.99000000e+02 1.80000000e+01 7.93154605e+01
 7.00000000e+02 1.80000000e+01 7.93545154e+01
