 1.90000000e+01 2.60000000e+01 9.47599705e+00
 2.00000000e+01 2.60000000e+01 9.51674596e+00
 2.10000000e+01 2.60000000e+01 9.55749486e+00
 2.20000000e+01 2.60000000e+01 9.59824376e+00
 2.30000000e+01 2.60000000e+01 8.63899267e+00
 2.40000000e+01 2.60000000e+01 9.67974157e+00
 2.50000000e+01 2.60000000e+01 8.72049047e+00
 2.60000000e+01 2.60000000e+01 9.76123938e+00
 2.70000000e+01 2.60000000e+01 9.80198828e+00
 2.80000000e+01 2.60000000e+01 9.84273719e+00
 2.90000000e+01 2.60000000e+01 1.08834861e+01
 3.00000000e+01 2.60000000e+01 1.19242350e+01
 3.10000000e+01 2.60000000e+01 1.29649839e+01
 3.20000000e+01 2.60000000e+01 1.30057328e+01
 3.50000000e+01 2.60000000e+01 9.12797951e+00
 3.60000000e+01 2.60000000e+01 8.16872842e+00
 3.70000000e+01 2.60000000e+01 7.20947732e+00
 3.80000000e+01 2.60000000e+01 7.25022622e+00
 3.90000000e+01 2.60000000e+01 6.29097513e+00
 4.00000000e+01 2.60000000e+01 7.33172403e+00
 4.10000000e+01 2.60000000e+01 7.37247294e+00
 4.20000000e+01 2.60000000e+01 7.41322184e+00
 4.30000000e+01 2.60000000e+01 7.45397074e+00
 4.40000000e+01 2.60000000e+01 7.49471965e+00
 4.50000000e+01 2.60000000e+01 9.53546855e+00
 4.60000000e+01 2.60000000e+01 9.57621746e+00
 4.70000000e+01 2.60000000e+01 9.61696636e+00
 4.80000000e+01 2.60000000e+01 9.65771526e+00
 4.90000000e+01 2.60000000e+01 8.69846417e+00
 5.00000000e+01 2.60000000e+01 8.73921307e+00
 5.10000000e+01 2.60000000e+01 8.77996197e+00
 5.20000000e+01 2.60000000e+01 8.82071088e+00
 5.30000000e+01 2.60000000e+01 9.86145978e+00
 5.40000000e+01 2.60000000e+01 8.90220869e+00
 5.50000000e+01 2.60000000e+01 6.94295759e+00
 5.60000000e+01 2.60000000e+01 6.98370649e+00
 5.70000000e+01 2.60000000e+01 8.02445540e+00
 5.80000000e+01 2.60000000e+01 8.06520430e+00
 5.90000000e+01 2.60000000e+01 7.10595321e+00
 6.00000000e+01 2.60000000e+01 7.14670211e+00
 6.10000000e+01 2.60000000e+01 7.18745101e+00
 6.20000000e+01 2.60000000e+01 7.22819992e+00
 6.30000000e+01 2.60000000e+01 8.26894882e+00
 6.40000000e+01 2.60000000e+01 8.30969772e+00
 6.50000000e+01 2.60000000e+01 9.35044663e+00
 6.60000000e+01 2.60000000e+01 9.39119553e+00
 6.70000000e+01 2.60000000e+01 9.43194444e+00
 6.80000000e+01 2.60000000e+01 1.04726933e+01
 6.90000000e+01 2.60000000e+01 1.05134422e+01
 7.00000000e+01 2.60000000e+01 1.05541911e+01
 7.10000000e+01 2.60000000e+01 1.15949401e+01
 7.20000000e+01 2.60000000e+01 1.16356890e+01
 7.30000000e+01 2.60000000e+01 1.16764379e+01
 7.40000000e+01 2.60000000e+01 1.17171868e+01
 7.50000000e+01 2.60000000e+01 1.67579357e+01
 7.60000000e+01 2.60000000e+01 1.57986846e+01
 7.70000000e+01 2.60000000e+01 1.58394335e+01
 7.80000000e+01 2.60000000e+01 1.58801824e+01
 7.90000000e+01 2.60000000e+01 1.49209313e+01
 8.00000000e+01 2.60000000e+01 1.49616802e+01
 8.10000000e+01 2.60000000e+01 1.50024291e+01
 8.20000000e+01 2.60000000e+01 1.50431780e+01
 8.30000000e+01 2.60000000e+01 1.60839269e+01
 8.40000000e+01 2.60000000e+01 1.61246758e+01
 8.50000000e+01 2.60000000e+01 1.61654247e+01
 8.60000000e+01 2.60000000e+01 1.62061736e+01
 8.70000000e+01 2.60000000e+01 1.62469225e+01
 8.80000000e+01 2.60000000e+01 1.52876714e+01
 8.90000000e+01 2.60000000e+01 1.53284203e+01
 9.00000000e+01 2.60000000e+01 1.53691692e+01
 9.10000000e+01 2.60000000e+01 1.54099181e+01
 9.20000000e+01 2.60000000e+01 1.54506670e+01
 9.30000000e+01 2.60000000e+01 1.54914159e+01
 9.40000000e+01 2.60000000e+01 1.55321648e+01
 9.50000000e+01 2.60000000e+01 1.65729137e+01
 9.60000000e+01 2.60000000e+01 1.66136626e+01
 9.70000000e+01 2.60000000e+01 1.76544116e+01
 9.80000000e+01 2.60000000e+01 1.76951605e+01
 9.90000000e+01 2.60000000e+01 1.77359094e+01
 1.00000000e+02 2.60000000e+01 1.77766583e+01
 1.01000000e+02 2.60000000e+01 1.78174072e+01
 1.02000000e+02 2.60000000e+01 1.88581561e+01
 1.03000000e+02 2.60000000e+01 1.98989050e+01
 1.04000000e+02 2.60000000e+01 1.99396539e+01
 1.05000000e+02 2.60000000e+01 1.89804028e+01
 1.06000000e+02 2.60000000e+01 1.90211517e+01
 1.07000000e+02 2.60000000e+01 2.00619006e+01
 1.08000000e+02 2.60000000e+01 1.91026495e+01
 1.09000000e+02 2.60000000e+01 2.01433984e+01
 1.10000000e+02 2.60000000e+01 2.01841473e+01
 1.11000000e+02 2.60000000e+01 2.02248962e+01
 1.12000000e+02 2.60000000e+01 2.02656451e+01
 1.13000000e+02 2.60000000e+01 2.03063940e+01
 1.14000000e+02 2.60000000e+01 2.03471429e+01
 1.15000000e+02 2.60000000e+01 1.93878918e+01
 1.16000000e+02 2.60000000e+01 1.94286407e+01
 1.17000000e+02 2.60000000e+01 1.84693896e+01
 1.18000000e+02 2.60000000e+01 1.85101385e+01
 1.19000000e+02 2.60000000e+01 1.85508874e+01
 1.20000000e+02 2.60000000e+01 1.85916363e+01
 1.21000000e+02 2.60000000e+01 1.86323852e+01
 1.22000000e+02 2.60000000e+01 1.86731341e+01
 1.23000000e+02 2.60000000e+01 1.87138831e+01
 1.24000000e+02 2.60000000e+01 1.87546320e+01
 1.25000000e+02 2.60000000e+01 1.87953809e+01
 1.26000000e+02 2.60000000e+01 1.88361298e+01
 1.27000000e+02 2.60000000e+01 1.88768787e+01
 1.28000000e+02 2.60000000e+01 1.89176276e+01
 1.29000000e+02 2.60000000e+01 1.89583765e+01
 1.30000000e+02 2.60000000e+01 1.89991254e+01
 1.31000000e+02 2.60000000e+01 2.00398743e+01
 1.32000000e+02 2.60000000e+01 2.00806232e+01
 1.33000000e+02 2.60000000e+01 2.11213721e+01
 1.34000000e+02 2.60000000e+01 2.11621210e+01
 1.35000000e+02 2.60000000e+01 2.12028699e+01
 1.36000000e+02 2.60000000e+01 2.12436188e+01
 1.37000000e+02 2.60000000e+01 2.02843677e+01
 1.38000000e+02 2.60000000e+01 2.03251166e+01
 1.39000000e+02 2.60000000e+01 2.03658655e+01
 1.40000000e+02 2.60000000e+01 2.04066144e+01
 1.41000000e+02 2.60000000e+01 1.94473633e+01
 1.42000000e+02 2.60000000e+01 1.84881122e+01
 1.43000000e+02 2.60000000e+01 1.85288611e+01
 1.44000000e+02 2.60000000e+01 1.85696100e+01
 1.45000000e+02 2.60000000e+01 1.96103589e+01
 1.46000000e+02 2.60000000e+01 1.96511078e+01
 1.47000000e+02 2.60000000e+01 1.96918567e+01
 1.48000000e+02 2.60000000e+01 1.97326056e+01
 1.49000000e+02 2.60000000e+01 2.07733546e+01
 1.50000000e+02 2.60000000e+01 2.18141035e+01
 1.51000000e+02 2.60000000e+01 2.28548524e+01
 1.52000000e+02 2.60000000e+01 2.28956013e+01
 1.53000000e+02 2.60000000e+01 2.29363502e+01
 1.54000000e+02 2.60000000e+01 2.19770991e+01
 1.55000000e+02 2.60000000e+01 2.30178480e+01
 1.56000000e+02 2.60000000e+01 2.30585969e+01
 1.57000000e+02 2.60000000e+01 2.30993458e+01
 1.58000000e+02 2.60000000e+01 2.21400947e+01
 1.59000000e+02 2.60000000e+01 2.21808436e+01
 1.60000000e+02 2.60000000e+01 2.32215925e+01
 1.61000000e+02 2.60000000e+01 2.22623414e+01
 1.62000000e+02 2.60000000e+01 2.23030903e+01
 1.63000000e+02 2.60000000e+01 2.13438392e+01
 1.64000000e+02 2.60000000e+01 2.03845881e+01
 1.65000000e+02 2.60000000e+01 1.94253370e+01
 1.66000000e+02 2.60000000e+01 1.94660859e+01
 1.67000000e+02 2.60000000e+01 1.95068348e+01
 1.68000000e+02 2.60000000e+01 1.95475837e+01
 1.69000000e+02 2.60000000e+01 2.05883326e+01
 1.70000000e+02 2.60000000e+01 2.06290815e+01
 1.71000000e+02 2.60000000e+01 2.06698304e+01
 1.72000000e+02 2.60000000e+01 2.17105793e+01
 1.73000000e+02 2.60000000e+01 2.27513282e+01
 1.74000000e+02 2.60000000e+01 2.37920771e+01
 1.75000000e+02 2.60000000e+01 2.48328261e+01
 1.76000000e+02 2.60000000e+01 2.48735750e+01
 1.77000000e+02 2.60000000e+01 2.29143239e+01
 1.78000000e+02 2.60000000e+01 2.19550728e+01
 1.79000000e+02 2.60000000e+01 2.19958217e+01
 1.80000000e+02 2.60000000e+01 2.20365706e+01
 1.81000000e+02 2.60000000e+01 2.20773195e+01
 1.82000000e+02 2.60000000e+01 2.21180684e+01
 1.83000000e+02 2.60000000e+01 2.21588173e+01
 1.84000000e+02 2.60000000e+01 2.11995662e+01
 1.85000000e+02 2.60000000e+01 2.02403151e+01
 1.86000000e+02 2.60000000e+01 1.92810640e+01
 1.87000000e+02 2.60000000e+01 2.03218129e+01
 1.88000000e+02 2.60000000e+01 2.03625618e+01
 1.89000000e+02 2.60000000e+01 2.04033107e+01
 1.90000000e+02 2.60000000e+01 1.94440596e+01
 1.91000000e+02 2.60000000e+01 2.04848085e+01
 1.92000000e+02 2.60000000e+01 2.15255574e+01
 1.93000000e+02 2.60000000e+01 2.15663063e+01
 1.94000000e+02 2.60000000e+01 2.16070552e+01
 1.95000000e+02 2.60000000e+01 2.06478041e+01
 1.96000000e+02 2.60000000e+01 2.06885530e+01
 1.97000000e+02 2.60000000e+01 2.07293019e+01
 1.98000000e+02 2.60000000e+01 2.07700508e+01
 1.99000000e+02 2.60000000e+01 2.08107997e+01
 2.00000000e+02 2.60000000e+01 2.08515486e+01
 2.01000000e+02 2.60000000e+01 2.08922976e+01
 2.02000000e+02 2.60000000e+01 2.09330465e+01
 2.03000000e+02 2.60000000e+01 2.09737954e+01
 2.04000000e+02 2.60000000e+01 2.10145443e+01
 2.05000000e+02 2.60000000e+01 2.20552932e+01
 2.06000000e+02 2.60000000e+01 2.30960421e+01
 2.07000000e+02 2.60000000e+01 2.51367910e+01
 2.08000000e+02 2.60000000e+01 2.51775399e+01
 2.09000000e+02 2.60000000e+01 2.52182888e+01
 2.10000000e+02 2.60000000e+01 2.52590377e+01
 2.11000000e+02 2.60000000e+01 2.52997866e+01
 2.12000000e+02 2.60000000e+01 2.43405355e+01
 2.13000000e+02 2.60000000e+01 2.53812844e+01
 2.14000000e+02 2.60000000e+01 2.34220333e+01
 2.15000000e+02 2.60000000e+01 2.44627822e+01
 2.16000000e+02 2.60000000e+01 2.35035311e+01
 2.17000000e+02 2.60000000e+01 2.25442800e+01
 2.18000000e+02 2.60000000e+01 2.05850289e+01
 2.19000000e+02 2.60000000e+01 2.06257778e+01
 2.20000000e+02 2.60000000e+01 2.26665267e+01
 2.21000000e+02 2.60000000e+01 2.27072756e+01
 2.22000000e+02 2.60000000e+01 2.17480245e+01
 2.23000000e+02 2.60000000e+01 2.17887734e+01
 2.24000000e+02 2.60000000e+01 2.28295223e+01
 2.25000000e+02 2.60000000e+01 2.28702712e+01
 2.26000000e+02 2.60000000e+01 2.39110201e+01
 2.27000000e+02 2.60000000e+01 2.39517691e+01
 2.28000000e+02 2.60000000e+01 2.49925180e+01
 2.29000000e+02 2.60000000e+01 2.50332669e+01
 2.30000000e+02 2.60000000e+01 2.40740158e+01
 2.31000000e+02 2.60000000e+01 2.31147647e+01
 2.32000000e+02 2.60000000e+01 2.41555136e+01
 2.33000000e+02 2.60000000e+01 2.31962625e+01
 2.34000000e+02 2.60000000e+01 2.42370114e+01
 2.35000000e+02 2.60000000e+01 2.42777603e+01
 2.36000000e+02 2.60000000e+01 2.43185092e+01
 2.37000000e+02 2.60000000e+01 2.53592581e+01
 2.38000000e+02 2.60000000e+01 2.64000070e+01
 2.39000000e+02 2.60000000e+01 2.54407559e+01
 2.40000000e+02 2.60000000e+01 2.54815048e+01
 2.41000000e+02 2.60000000e+01 2.55222537e+01
 2.42000000e+02 2.60000000e+01 2.45630026e+01
 2.43000000e+02 2.60000000e+01 2.56037515e+01
 2.44000000e+02 2.60000000e+01 2.66445004e+01
 2.45000000e+02 2.60000000e+01 2.56852493e+01
 2.46000000e+02 2.60000000e+01 2.47259982e+01
 2.47000000e+02 2.60000000e+01 2.47667471e+01
 2.48000000e+02 2.60000000e+01 2.48074960e+01
 2.49000000e+02 2.60000000e+01 2.48482449e+01
 2.50000000e+02 2.60000000e+01 2.48889938e+01
 2.51000000e+02 2.60000000e+01 2.49297427e+01
 2.52000000e+02 2.60000000e+01 2.49704916e+01
 2.53000000e+02 2.60000000e+01 2.50112406e+01
 2.54000000e+02 2.60000000e+01 2.50519895e+01
 2.55000000e+02 2.60000000e+01 2.40927384e+01
 2.56000000e+02 2.60000000e+01 2.41334873e+01
 2.57000000e+02 2.60000000e+01 2.41742362e+01
 2.58000000e+02 2.60000000e+01 2.42149851e+01
 2.59000000e+02 2.60000000e+01 2.52557340e+01
 2.60000000e+02 2.60000000e+01 2.52964829e+01
 2.61000000e+02 2.60000000e+01 2.53372318e+01
 2.62000000e+02 2.60000000e+01 2.53779807e+01
 2.63000000e+02 2.60000000e+01 2.54187296e+01
 2.64000000e+02 2.60000000e+01 2.54594785e+01
 2.65000000e+02 2.60000000e+01 2.55002274e+01
 2.66000000e+02 2.60000000e+01 2.65409763e+01
 2.67000000e+02 2.60000000e+01 2.55817252e+01
 2.68000000e+02 2.60000000e+01 2.36224741e+01
 2.69000000e+02 2.60000000e+01 2.46632230e+01
 2.70000000e+02 2.60000000e+01 2.37039719e+01
 2.71000000e+02 2.60000000e+01 2.37447208e+01
 2.72000000e+02 2.60000000e+01 2.37854697e+01
 2.73000000e+02 2.60000000e+01 2.38262186e+01
 2.74000000e+02 2.60000000e+01 2.28669675e+01
 2.75000000e+02 2.60000000e+01 2.19077164e+01
 2.76000000e+02 2.60000000e+01 2.29484653e+01
 2.77000000e+02 2.60000000e+01 2.19892142e+01
 2.78000000e+02 2.60000000e+01 2.30299631e+01
 2.79000000e+02 2.60000000e+01 2.30707121e+01
 2.80000000e+02 2.60000000e+01 2.31114610e+01
 2.81000000e+02 2.60000000e+01 2.41522099e+01
 2.82000000e+02 2.60000000e+01 2.41929588e+01
 2.83000000e+02 2.60000000e+01 2.42337077e+01
 2.84000000e+02 2.60000000e+01 2.42744566e+01
 2.85000000e+02 2.60000000e+01 2.43152055e+01
 2.86000000e+02 2.60000000e+01 2.43559544e+01
 2.87000000e+02 2.60000000e+01 2.43967033e+01
 2.88000000e+02 2.60000000e+01 2.34374522e+01
 2.89000000e+02 2.60000000e+01 2.34782011e+01
 2.90000000e+02 2.60000000e+01 2.35189500e+01
 2.91000000e+02 2.60000000e+01 2.35596989e+01
 2.92000000e+02 2.60000000e+01 2.46004478e+01
 2.93000000e+02 2.60000000e+01 2.46411967e+01
 2.94000000e+02 2.60000000e+01 2.46819456e+01
 2.95000000e+02 2.60000000e+01 2.57226945e+01
 2.96000000e+02 2.60000000e+01 2.57634434e+01
 2.97000000e+02 2.60000000e+01 2.58041923e+01
 2.98000000e+02 2.60000000e+01 2.58449412e+01
 2.99000000e+02 2.60000000e+01 2.58856901e+01
 3.00000000e+02 2.60000000e+01 2.59264390e+01
 3.01000000e+02 2.60000000e+01 2.49671879e+01
 3.02000000e+02 2.60000000e+01 2.50079368e+01
 3.03000000e+02 2.60000000e+01 2.30486857e+01
 3.04000000e+02 2.60000000e+01 2.20894346e+01
 3.05000000e+02 2.60000000e+01 2.11301836e+01
 3.06000000e+02 2.60000000e+01 2.11709325e+01
 3.07000000e+02 2.60000000e+01 2.12116814e+01
 3.08000000e+02 2.60000000e+01 2.12524303e+01
 3.09000000e+02 2.60000000e+01 2.12931792e+01
 3.10000000e+02 2.60000000e+01 2.23339281e+01
 3.11000000e+02 2.60000000e+01 2.13746770e+01
 3.12000000e+02 2.60000000e+01 2.14154259e+01
 3.13000000e+02 2.60000000e+01 2.14561748e+01
 3.14000000e+02 2.60000000e+01 2.24969237e+01
 3.15000000e+02 2.60000000e+01 2.55376726e+01
 3.16000000e+02 2.60000000e+01 2.55784215e+01
 3.17000000e+02 2.60000000e+01 2.56191704e+01
 3.18000000e+02 2.60000000e+01 2.66599193e+01
 3.19000000e+02 2.60000000e+01 2.77006682e+01
 3.20000000e+02 2.60000000e+01 2.77414171e+01
 3.21000000e+02 2.60000000e+01 2.77821660e+01
 3.22000000e+02 2.60000000e+01 2.78229149e+01
 3.23000000e+02 2.60000000e+01 2.78636638e+01
 3.24000000e+02 2.60000000e+01 2.79044127e+01
 3.25000000e+02 2.60000000e+01 2.89451616e+01
 3.26000000e+02 2.60000000e+01 2.79859105e+01
 3.27000000e+02 2.60000000e+01 2.80266594e+01
 3.28000000e+02 2.60000000e+01 2.90674083e+01
 3.29000000e+02 2.60000000e+01 3.01081572e+01
 3.30000000e+02 2.60000000e+01 2.91489061e+01
 3.31000000e+02 2.60000000e+01 2.91896551e+01
 3.32000000e+02 2.60000000e+01 2.92304040e+01
 3.33000000e+02 2.60000000e+01 2.92711529e+01
 3.34000000e+02 2.60000000e+01 2.83119018e+01
 3.35000000e+02 2.60000000e+01 2.83526507e+01
 3.36000000e+02 2.60000000e+01 2.83933996e+01
 3.37000000e+02 2.60000000e+01 2.84341485e+01
 3.38000000e+02 2.60000000e+01 2.84748974e+01
 3.39000000e+02 2.60000000e+01 2.95156463e+01
 3.40000000e+02 2.60000000e+01 2.85563952e+01
 3.41000000e+02 2.60000000e+01 2.85971441e+01
 3.42000000e+02 2.60000000e+01 2.96378930e+01
 3.43000000e+02 2.60000000e+01 3.06786419e+01
 3.44000000e+02 2.60000000e+01 3.17193908e+01
 3.45000000e+02 2.60000000e+01 3.17601397e+01
 3.46000000e+02 2.60000000e+01 3.08008886e+01
 3.47000000e+02 2.60000000e+01 3.08416375e+01
 3.48000000e+02 2.60000000e+01 3.08823864e+01
 3.49000000e+02 2.60000000e+01 3.09231353e+01
 3.50000000e+02 2.60000000e+01 3.09638842e+01
 3.51000000e+02 2.60000000e+01 3.10046331e+01
 3.52000000e+02 2.60000000e+01 3.20453820e+01
 3.53000000e+02 2.60000000e+01 3.20861309e+01
 3.54000000e+02 2.60000000e+01 3.31268798e+01
 3.55000000e+02 2.60000000e+01 3.31676287e+01
 3.56000000e+02 2.60000000e+01 3.22083776e+01
 3.57000000e+02 2.60000000e+01 3.22491266e+01
 3.58000000e+02 2.60000000e+01 3.32898755e+01
 3.59000000e+02 2.60000000e+01 3.33306244e+01
 3.60000000e+02 2.60000000e+01 3.43713733e+01
 3.61000000e+02 2.60000000e+01 3.44121222e+01
 3.62000000e+02 2.60000000e+01 3.44528711e+01
 3.63000000e+02 2.60000000e+01 3.44936200e+01
 3.64000000e+02 2.60000000e+01 3.45343689e+01
 3.65000000e+02 2.60000000e+01 3.45751178e+01
 3.66000000e+02 2.60000000e+01 3.46158667e+01
 3.67000000e+02 2.60000000e+01 3.56566156e+01
 3.68000000e+02 2.60000000e+01 3.56973645e+01
 3.69000000e+02 2.60000000e+01 3.47381134e+01
 3.70000000e+02 2.60000000e+01 3.47788623e+01
 3.71000000e+02 2.60000000e+01 3.48196112e+01
 3.72000000e+02 2.60000000e+01 3.48603601e+01
 3.73000000e+02 2.60000000e+01 3.49011090e+01
 3.74000000e+02 2.60000000e+01 3.49418579e+01
 3.75000000e+02 2.60000000e+01 3.49826068e+01
 3.76000000e+02 2.60000000e+01 3.50233557e+01
 3.77000000e+02 2.60000000e+01 3.50641046e+01
 3.78000000e+02 2.60000000e+01 3.61048535e+01
 3.79000000e+02 2.60000000e+01 3.61456024e+01
 3.80000000e+02 2.60000000e+01 3.41863513e+01
 3.81000000e+02 2.60000000e+01 3.42271002e+01
 3.82000000e+02 2.60000000e+01 3.32678491e+01
 3.83000000e+02 2.60000000e+01 3.13085981e+01
 3.84000000e+02 2.60000000e+01 3.13493470e+01
 3.85000000e+02 2.60000000e+01 3.03900959e+01
 3.86000000e+02 2.60000000e+01 2.94308448e+01
 3.87000000e+02 2.60000000e+01 2.94715937e+01
 3.88000000e+02 2.60000000e+01 3.05123426e+01
 3.89000000e+02 2.60000000e+01 3.05530915e+01
 3.90000000e+02 2.60000000e+01 2.85938404e+01
 3.91000000e+02 2.60000000e+01 2.86345893e+01
 3.92000000e+02 2.60000000e+01 2.86753382e+01
 3.93000000e+02 2.60000000e+01 2.87160871e+01
 3.94000000e+02 2.60000000e+01 2.97568360e+01
 3.95000000e+02 2.60000000e+01 2.87975849e+01
 3.96000000e+02 2.60000000e+01 2.88383338e+01
 3.97000000e+02 2.60000000e+01 2.78790827e+01
 3.98000000e+02 2.60000000e+01 2.79198316e+01
 3.99000000e+02 2.60000000e+01 2.79605805e+01
 4.00000000e+02 2.60000000e+01 2.90013294e+01
 4.01000000e+02 2.60000000e+01 2.90420783e+01
 4.02000000e+02 2.60000000e+01 2.90828272e+01
 4.03000000e+02 2.60000000e+01 2.91235761e+01
 4.04000000e+02 2.60000000e+01 2.91643250e+01
 4.05000000e+02 2.60000000e+01 2.92050739e+01
 4.06000000e+02 2.60000000e+01 3.02458228e+01
 4.07000000e+02 2.60000000e+01 3.02865717e+01
 4.08000000e+02 2.60000000e+01 3.03273206e+01
 4.09000000e+02 2.60000000e+01 3.03680696e+01
 4.10000000e+02 2.60000000e+01 3.04088185e+01
 4.11000000e+02 2.60000000e+01 3.04495674e+01
 4.12000000e+02 2.60000000e+01 3.14903163e+01
 4.13000000e+02 2.60000000e+01 3.25310652e+01
 4.14000000e+02 2.60000000e+01 3.25718141e+01
 4.15000000e+02 2.60000000e+01 3.36125630e+01
 4.16000000e+02 2.60000000e+01 3.46533119e+01
 4.17000000e+02 2.60000000e+01 3.56940608e+01
 4.18000000e+02 2.60000000e+01 3.67348097e+01
 4.19000000e+02 2.60000000e+01 3.67755586e+01
 4.20000000e+02 2.60000000e+01 3.58163075e+01
 4.21000000e+02 2.60000000e+01 3.58570564e+01
 4.22000000e+02 2.60000000e+01 3.68978053e+01
 4.23000000e+02 2.60000000e+01 3.69385542e+01
 4.24000000e+02 2.60000000e+01 3.69793031e+01
 4.25000000e+02 2.60000000e+01 3.70200520e+01
 4.26000000e+02 2.60000000e+01 3.70608009e+01
 4.27000000e+02 2.60000000e+01 3.71015498e+01
 4.28000000e+02 2.60000000e+01 3.71422987e+01
 4.29000000e+02 2.60000000e+01 3.71830476e+01
 4.30000000e+02 2.60000000e+01 3.72237965e+01
 4.31000000e+02 2.60000000e+01 2.12645454e+01
 4.32000000e+02 2.60000000e+01 2.13052943e+01
 4.33000000e+02 2.60000000e+01 2.13460432e+01
 4.34000000e+02 2.60000000e+01 2.03867921e+01
 4.35000000e+02 2.60000000e+01 2.14275411e+01
 4.36000000e+02 2.60000000e+01 2.14682900e+01
 4.37000000e+02 2.60000000e+01 2.15090389e+01
 4.38000000e+02 2.60000000e+01 2.15497878e+01
 4.39000000e+02 2.60000000e+01 2.35905367e+01
 4.40000000e+02 2.60000000e+01 2.56312856e+01
 4.41000000e+02 2.60000000e+01 2.56720345e+01
 4.42000000e+02 2.60000000e+01 2.57127834e+01
 4.43000000e+02 2.60000000e+01 2.37535323e+01
 4.44000000e+02 2.60000000e+01 2.27942812e+01
 4.45000000e+02 2.60000000e+01 2.38350301e+01
 4.46000000e+02 2.60000000e+01 2.28757790e+01
 4.47000000e+02 2.60000000e+01 2.29165279e+01
 4.48000000e+02 2.60000000e+01 2.19572768e+01
 4.49000000e+02 2.60000000e+01 1.99980257e+01
 4.50000000e+02 2.60000000e+01 1.90387746e+01
 4.51000000e+02 2.60000000e+01 1.80795235e+01
 4.52000000e+02 2.60000000e+01 1.81202724e+01
 4.53000000e+02 2.60000000e+01 1.81610213e+01
 4.54000000e+02 2.60000000e+01 1.82017702e+01
 4.55000000e+02 2.60000000e+01 1.92425191e+01
 4.56000000e+02 2.60000000e+01 1.92832680e+01
 4.57000000e+02 2.60000000e+01 1.73240169e+01
 4.58000000e+02 2.60000000e+01 1.63647658e+01
 4.59000000e+02 2.60000000e+01 1.64055147e+01
 4.60000000e+02 2.60000000e+01 1.74462636e+01
 4.61000000e+02 2.60000000e+01 1.94870125e+01
 4.62000000e+02 2.60000000e+01 2.15277615e+01
 4.63000000e+02 2.60000000e+01 2.15685104e+01
 4.64000000e+02 2.60000000e+01 2.36092593e+01
 4.65000000e+02 2.60000000e+01 2.36500082e+01
 4.66000000e+02 2.60000000e+01 2.36907571e+01
 4.67000000e+02 2.60000000e+01 2.37315060e+01
 4.68000000e+02 2.60000000e+01 2.27722549e+01
 4.69000000e+02 2.60000000e+01 2.28130038e+01
 4.70000000e+02 2.60000000e+01 2.58537527e+01
 4.71000000e+02 2.60000000e+01 2.58945016e+01
 4.72000000e+02 2.60000000e+01 2.79352505e+01
 4.73000000e+02 2.60000000e+01 2.69759994e+01
 4.74000000e+02 2.60000000e+01 2.60167483e+01
 4.75000000e+02 2.60000000e+01 2.40574972e+01
 4.76000000e+02 2.60000000e+01 2.30982461e+01
 4.77000000e+02 2.60000000e+01 2.31389950e+01
 4.78000000e+02 2.60000000e+01 2.31797439e+01
 4.79000000e+02 2.60000000e+01 2.32204928e+01
 4.80000000e+02 2.60000000e+01 2.82612417e+01
 4.81000000e+02 2.60000000e+01 2.93019906e+01
 4.82000000e+02 2.60000000e+01 2.93427395e+01
 4.83000000e+02 2.60000000e+01 3.03834884e+01
 4.84000000e+02 2.60000000e+01 3.04242373e+01
 4.85000000e+02 2.60000000e+01 2.84649862e+01
 4.86000000e+02 2.60000000e+01 2.85057351e+01
 4.87000000e+02 2.60000000e+01 2.75464840e+01
 4.88000000e+02 2.60000000e+01 2.75872330e+01
 4.89000000e+02 2.60000000e+01 2.66279819e+01
 4.90000000e+02 2.60000000e+01 2.66687308e+01
 4.91000000e+02 2.60000000e+01 2.77094797e+01
 4.92000000e+02 2.60000000e+01 2.77502286e+01
 4.93000000e+02 2.60000000e+01 2.87909775e+01
 4.94000000e+02 2.60000000e+01 2.88317264e+01
 4.95000000e+02 2.60000000e+01 2.88724753e+01
 4.96000000e+02 2.60000000e+01 2.79132242e+01
 4.97000000e+02 2.60000000e+01 2.79539731e+01
 4.98000000e+02 2.60000000e+01 2.89947220e+01
 4.99000000e+02 2.60000000e+01 3.00354709e+01
 5.00000000e+02 2.60000000e+01 3.00762198e+01
 5.01000000e+02 2.60000000e+01 3.01169687e+01
 5.02000000e+02 2.60000000e+01 2.91577176e+01
 5.03000000e+02 2.60000000e+01 3.01984665e+01
 5.04000000e+02 2.60000000e+01 2.92392154e+01
 5.05000000e+02 2.60000000e+01 2.92799643e+01
 5.06000000e+02 2.60000000e+01 3.03207132e+01
 5.07000000e+02 2.60000000e+01 3.03614621e+01
 5.08000000e+02 2.60000000e+01 3.14022110e+01
 5.09000000e+02 2.60000000e+01 3.34429599e+01
 5.10000000e+02 2.60000000e+01 3.34837088e+01
 5.11000000e+02 2.60000000e+01 3.35244577e+01
 5.12000000e+02 2.60000000e+01 3.35652066e+01
 5.13000000e+02 2.60000000e+01 3.46059555e+01
 5.14000000e+02 2.60000000e+01 3.46467045e+01
 5.15000000e+02 2.60000000e+01 3.56874534e+01
 5.16000000e+02 2.60000000e+01 3.57282023e+01
 5.17000000e+02 2.60000000e+01 3.57689512e+01
 5.18000000e+02 2.60000000e+01 3.58097001e+01
 5.19000000e+02 2.60000000e+01 3.48504490e+01
 5.20000000e+02 2.60000000e+01 3.38911979e+01
 5.21000000e+02 2.60000000e+01 3.29319468e+01
 5.22000000e+02 2.60000000e+01 3.29726957e+01
 5.23000000e+02 2.60000000e+01 3.30134446e+01
 5.24000000e+02 2.60000000e+01 3.40541935e+01
 5.25000000e+02 2.60000000e+01 3.50949424e+01
 5.26000000e+02 2.60000000e+01 3.51356913e+01
 5.27000000e+02 2.60000000e+01 3.61764402e+01
 5.28000000e+02 2.60000000e+01 3.52171891e+01
 5.29000000e+02 2.60000000e+01 3.42579380e+01
 5.30000000e+02 2.60000000e+01 3.42986869e+01
 5.31000000e+02 2.60000000e+01 3.43394358e+01
 5.32000000e+02 2.60000000e+01 3.43801847e+01
 5.33000000e+02 2.60000000e+01 3.44209336e+01
 5.34000000e+02 2.60000000e+01 3.44616825e+01
 5.35000000e+02 2.60000000e+01 3.45024314e+01
 5.36000000e+02 2.60000000e+01 3.35431803e+01
 5.37000000e+02 2.60000000e+01 3.35839292e+01
 5.38000000e+02 2.60000000e+01 3.36246781e+01
 5.39000000e+02 2.60000000e+01 3.36654270e+01
 5.40000000e+02 2.60000000e+01 3.37061760e+01
 5.41000000e+02 2.60000000e+01 3.37469249e+01
 5.42000000e+02 2.60000000e+01 3.37876738e+01
 5.43000000e+02 2.60000000e+01 3.38284227e+01
 5.44000000e+02 2.60000000e+01 3.38691716e+01
 5.45000000e+02 2.60000000e+01 3.39099205e+01
 5.46000000e+02 2.60000000e+01 3.39506694e+01
 5.47000000e+02 2.60000000e+01 3.59914183e+01
 5.48000000e+02 2.60000000e+01 3.80321672e+01
 5.49000000e+02 2.60000000e+01 3.80729161e+01
 5.50000000e+02 2.60000000e+01 3.81136650e+01
 5.51000000e+02 2.60000000e+01 3.71544139e+01
 5.52000000e+02 2.60000000e+01 3.71951628e+01
 5.53000000e+02 2.60000000e+01 3.72359117e+01
 5.54000000e+02 2.60000000e+01 3.82766606e+01
 5.55000000e+02 2.60000000e+01 3.83174095e+01
 5.56000000e+02 2.60000000e+01 3.83581584e+01
 5.57000000e+02 2.60000000e+01 3.93989073e+01
 5.58000000e+02 2.60000000e+01 3.94396562e+01
 5.59000000e+02 2.60000000e+01 3.84804051e+01
 5.60000000e+02 2.60000000e+01 3.75211540e+01
 5.61000000e+02 2.60000000e+01 3.65619029e+01
 5.62000000e+02 2.60000000e+01 3.66026518e+01
 5.63000000e+02 2.60000000e+01 3.66434007e+01
 5.64000000e+02 2.60000000e+01 3.66841496e+01
 5.65000000e+02 2.60000000e+01 3.87248985e+01
 5.66000000e+02 2.60000000e+01 3.97656475e+01
 5.67000000e+02 2.60000000e+01 3.88063964e+01
 5.68000000e+02 2.60000000e+01 4.28471453e+01
 5.69000000e+02 2.60000000e+01 4.68878942e+01
 5.70000000e+02 2.60000000e+01 4.59286431e+01
 5.71000000e+02 2.60000000e+01 4.59693920e+01
 5.72000000e+02 2.60000000e+01 4.60101409e+01
 5.73000000e+02 2.60000000e+01 4.50508898e+01
 5.74000000e+02 2.60000000e+01 4.40916387e+01
 5.75000000e+02 2.60000000e+01 4.41323876e+01
 5.76000000e+02 2.60000000e+01 4.41731365e+01
 5.77000000e+02 2.60000000e+01 4.22138854e+01
 5.78000000e+02 2.60000000e+01 4.22546343e+01
 5.79000000e+02 2.60000000e+01 4.22953832e+01
 5.80000000e+02 2.60000000e+01 4.13361321e+01
 5.81000000e+02 2.60000000e+01 4.03768810e+01
 5.82000000e+02 2.60000000e+01 4.04176299e+01
 5.83000000e+02 2.60000000e+01 4.04583788e+01
 5.84000000e+02 2.60000000e+01 4.14991277e+01
 5.85000000e+02 2.60000000e+01 4.25398766e+01
 5.86000000e+02 2.60000000e+01 4.45806255e+01
 5.87000000e+02 2.60000000e+01 4.46213744e+01
 5.88000000e+02 2.60000000e+01 4.46621233e+01
 5.89000000e+02 2.60000000e+01 4.47028722e+01
 5.90000000e+02 2.60000000e+01 4.37436211e+01
 5.91000000e+02 2.60000000e+01 4.47843700e+01
 5.92000000e+02 2.60000000e+01 4.38251190e+01
 5.93000000e+02 2.60000000e+01 4.48658679e+01
 5.94000000e+02 2.60000000e+01 4.49066168e+01
 5.95000000e+02 2.60000000e+01 4.49473657e+01
 5.96000000e+02 2.60000000e+01 4.59881146e+01
 5.97000000e+02 2.60000000e+01 4.60288635e+01
 5.98000000e+02 2.60000000e+01 4.60696124e+01
 5.99000000e+02 2.60000000e+01 4.61103613e+01
 6.00000000e+02 2.60000000e+01 4.61511102e+01
 6.01000000e+02 2.60000000e+01 4.51918591e+01
 6.02000000e+02 2.60000000e+01 4.62326080e+01
 6.03000000e+02 2.60000000e+01 4.62733569e+01
 6.04000000e+02 2.60000000e+01 4.53141058e+01
 6.05000000e+02 2.60000000e+01 4.63548547e+01
 6.06000000e+02 2.60000000e+01 4.63956036e+01
 6.07000000e+02 2.60000000e+01 4.54363525e+01
 6.08000000e+02 2.60000000e+01 4.64771014e+01
 6.09000000e+02 2.60000000e+01 4.65178503e+01
 6.10000000e+02 2.60000000e+01 4.65585992e+01
 6.11000000e+02 2.60000000e+01 4.65993481e+01
 6.12000000e+02 2.60000000e+01 4.66400970e+01
 6.13000000e+02 2.60000000e+01 4.66808459e+01
 6.14000000e+02 2.60000000e+01 4.67215948e+01
 6.15000000e+02 2.60000000e+01 4.67623437e+01
 6.16000000e+02 2.60000000e+01 4.68030926e+01
 6.17000000e+02 2.60000000e+01 4.78438415e+01
 6.18000000e+02 2.60000000e+01 4.78845905e+01
 6.19000000e+02 2.60000000e+01 4.79253394e+01
 6.20000000e+02 2.60000000e+01 4.89660883e+01
 6.21000000e+02 2.60000000e+01 4.90068372e+01
 6.22000000e+02 2.60000000e+01 5.00475861e+01
 6.23000000e+02 2.60000000e+01 5.00883350e+01
 6.24000000e+02 2.60000000e+01 4.91290839e+01
 6.25000000e+02 2.60000000e+01 5.01698328e+01
 6.26000000e+02 2.60000000e+01 5.02105817e+01
 6.27000000e+02 2.60000000e+01 4.92513306e+01
 6.28000000e+02 2.60000000e+01 4.82920795e+01
 6.29000000e+02 2.60000000e+01 4.83328284e+01
 6.30000000e+02 2.60000000e+01 4.93735773e+01
 6.31000000e+02 2.60000000e+01 5.04143262e+01
 6.32000000e+02 2.60000000e+01 5.04550751e+01
 6.33000000e+02 2.60000000e+01 5.14958240e+01
 6.34000000e+02 2.60000000e+01 5.05365729e+01
 6.35000000e+02 2.60000000e+01 5.05773218e+01
 6.36000000e+02 2.60000000e+01 4.96180707e+01
 6.37000000e+02 2.60000000e+01 4.96588196e+01
 6.38000000e+02 2.60000000e+01 4.96995685e+01
 6.39000000e+02 2.60000000e+01 4.97403174e+01
 6.40000000e+02 2.60000000e+01 4.97810663e+01
 6.41000000e+02 2.60000000e+01 4.98218152e+01
 6.42000000e+02 2.60000000e+01 4.88625641e+01
 6.43000000e+02 2.60000000e+01 4.89033130e+01
 6.44000000e+02 2.60000000e+01 4.99440620e+01
 6.45000000e+02 2.60000000e+01 4.99848109e+01
 6.46000000e+02 2.60000000e+01 5.00255598e+01
 6.47000000e+02 2.60000000e+01 4.90663087e+01
 6.48000000e+02 2.60000000e+01 4.91070576e+01
 6.49000000e+02 2.60000000e+01 5.31478065e+01
 6.50000000e+02 2.60000000e+01 5.31885554e+01
 6.51000000e+02 2.60000000e+01 5.32293043e+01
 6.52000000e+02 2.60000000e+01 5.32700532e+01
 6.53000000e+02 2.60000000e+01 5.33108021e+01
 6.54000000e+02 2.60000000e+01 5.33515510e+01
 6.55000000e+02 2.60000000e+01 5.33922999e+01
 6.56000000e+02 2.60000000e+01 5.34330488e+01
 6.57000000e+02 2.60000000e+01 5.44737977e+01
 6.58000000e+02 2.60000000e+01 5.55145466e+01
 6.59000000e+02 2.60000000e+01 5.55552955e+01
 6.60000000e+02 2.60000000e+01 5.45960444e+01
 6.61000000e+02 2.60000000e+01 5.46367933e+01
 6.62000000e+02 2.60000000e+01 5.36775422e+01
 6.63000000e+02 2.60000000e+01 5.37182911e+01
 6.64000000e+02 2.60000000e+01 5.37590400e+01
 6.65000000e+02 2.60000000e+01 5.67997889e+01
 6.66000000e+02 2.60000000e+01 5.68405378e+01
 6.67000000e+02 2.60000000e+01 5.68812867e+01
 6.68000000e+02 2.60000000e+01 5.69220356e+01
 6.69000000e+02 2.60000000e+01 5.49627845e+01
 6.70000000e+02 2.60000000e+01 5.80035335e+01
 6.71000000e+02 2.60000000e+01 5.80442824e+01
 6.72000000e+02 2.60000000e+01 5.80850313e+01
 6.73000000e+02 2.60000000e+01 5.81257802e+01
 6.74000000e+02 2.60000000e+01 5.81665291e+01
 6.75000000e+02 2.60000000e+01 5.82072780e+01
 6.76000000e+02 2.60000000e+01 5.82480269e+01
 6.77000000e+02 2.60000000e+01 5.82887758e+01
 6.78000000e+02 2.60000000e+01 5.83295247e+01
 6.79000000e+02 2.60000000e+01 5.83702736e+01
 6.80000000e+02 2.60000000e+01 5.94110225e+01
 6.81000000e+02 2.60000000e+01 5.94517714e+01
 6.82000000e+02 2.60000000e+01 5.94925203e+01
 6.83000000e+02 2.60000000e+01 6.15332692e+01
 6.84000000e+02 2.60000000e+01 6.25740181e+01
 6.85000000e+02 2.60000000e+01 6.26147670e+01
 6.86000000e+02 2.60000000e+01 6.26555159e+01
 6.87000000e+02 2.60000000e+01 6.36962648e+01
 6.88000000e+02 2.60000000e+01 6.37370137e+01
 6.89000000e+02 2.60000000e+01 6.47777626e+01
 6.90000000e+02 2.60000000e+01 6.48185115e+01
 6.91000000e+02 2.60000000e+01 6.38592604e+01
 6.92000000e+02 2.60000000e+01 6.39000093e+01
 6.93000000e+02 2.60000000e+01 6.39407582e+01
 6.94000000e+02 2.60000000e+01 6.39815071e+01
 6.95000000e+02 2.60000000e+01 6.50222560e+01
 6.96000000e+02 2.60000000e+01 6.50630050e+01
 6.97000000e+02 2.60000000e+01 6.41037539e+01
 6.98000000e+02 2.60000000e+01 6.41445028e+01
 6.99000000e+02 2.60000000e+01 6.41852517e+01
 7.00000000e+02 2.60000000e+01 6.42260006e+01
 7.01000000e+02 2.60000000e+01 6.62667495e+01
 7.02000000e+02 2.60000000e+01 6.63074984e+01
 7.03000000e+02 2.60000000e+01 6.63482473e+01
 7.04000000e+02 2.60000000e+01 6.73889962e+01
 7.05000000e+02 2.60000000e+01 6.74297451e+01
 7.06000000e+02 2.60000000e+01 6.84704940e+01
 7.07000000e+02 2.60000000e+01 6.85112429e+01
 7.08000000e+02 2.60000000e+01 6.75519918e+01
 7.09000000e+02 2.60000000e+01 6.75927407e+01
 7.10000000e+02 2.60000000e+01 6.76334896e+01
 7.11000000e+02 2.60000000e+01 6.96742385e+01
 7.12000000e+02 2.60000000e+01 7.07149874e+01
 7.13000000e+02 2.60000000e+01 6.97557363e+01
 7.14000000e+02 2.60000000e+01 6.97964852e+01
 7.15000000e+02 2.60000000e+01 6.98372341e+01
 7.16000000e+02 2.60000000e+01 7.28779830e+01
 7.17000000e+02 2.60000000e+01 7.29187319e+01
 7.18000000e+02 2.60000000e+01 7.19594808e+01
 7.19000000e+02 2.60000000e+01 7.00002297e+01
 7.20000000e+02 2.60000000e+01 6.90409786e+01
 7.21000000e+02 2.60000000e+01 6.90817275e+01
 7.22000000e+02 2.60000000e+01 6.91224765e+01
 7.23000000e+02 2.60000000e+01 6.91632254e+01
 7.24000000e+02 2.60000000e+01 7.02039743e+01
 7.25000000e+02 2.60000000e+01 7.02447232e+01
 7.26000000e+02 2.60000000e+01 7.12854721e+01
 7.27000000e+02 2.60000000e+01 7.03262210e+01
 7.28000000e+02 2.60000000e+01 7.03669699e+01
 7.29000000e+02 2.60000000e+01 7.04077188e+01
 7.30000000e+02 2.60000000e+01 7.04484677e+01
 7.31000000e+02 2.60000000e+01 7.14892166e+01
 7.32000000e+02 2.60000000e+01 7.25299655e+01
 7.33000000e+02 2.60000000e+01 7.35707144e+01
 7.34000000e+02 2.60000000e+01 7.36114633e+01
