 3.19000000e+02 1.70000000e+01 5.00712700e+01
 3.20000000e+02 1.70000000e+01 5.00348269e+01
 3.21000000e+02 1.70000000e+01 4.99983838e+01
 3.22000000e+02 1.70000000e+01 4.99619407e+01
 3.23000000e+02 1.70000000e+01 4.89254976e+01
 3.24000000e+02 1.70000000e+01 4.98890545e+01
 3.25000000e+02 1.70000000e+01 4.88526114e+01
 3.26000000e+02 1.70000000e+01 4.88161684e+01
 3.27000000e+02 1.70000000e+01 4.87797253e+01
 3.28000000e+02 1.70000000e+01 4.97432822e+01
 3.29000000e+02 1.70000000e+01 4.97068391e+01
 3.30000000e+02 1.70000000e+01 4.96703960e+01
 3.31000000e+02 1.70000000e+01 4.96339529e+01
 3.32000000e+02 1.70000000e+01 4.95975098e+01
 3.33000000e+02 1.70000000e+01 4.95610668e+01
 3.34000000e+02 1.70000000e+01 4.95246237e+01
 3.35000000e+02 1.70000000e+01 4.94881806e+01
 3.36000000e+02 1.70000000e+01 4.94517375e+01
 3.37000000e+02 1.70000000e+01 4.94152944e+01
 3.38000000e+02 1.70000000e+01 4.93788513e+01
 3.39000000e+02 1.70000000e+01 4.93424082e+01
 3.40000000e+02 1.70000000e+01 4.93059652e+01
 3.41000000e+02 1.70000000e+01 4.92695221e+01
 3.42000000e+02 1.70000000e+01 4.92330790e+01
 3.43000000e+02 1.70000000e+01 5.01966359e+01
 3.44000000e+02 1.70000000e+01 5.01601928e+01
 3.45000000e+02 1.70000000e+01 5.01237497e+01
 3.46000000e+02 1.70000000e+01 4.90873066e+01
 3.47000000e+02 1.70000000e+01 4.90508636e+01
 3.48000000e+02 1.70000000e+01 4.90144205e+01
 3.49000000e+02 1.70000000e+01 4.89779774e+01
 3.50000000e+02 1.70000000e+01 4.89415343e+01
 3.51000000e+02 1.70000000e+01 4.89050912e+01
 3.52000000e+02 1.70000000e+01 4.88686481e+01
 3.53000000e+02 1.70000000e+01 4.88322050e+01
 3.54000000e+02 1.70000000e+01 4.87957620e+01
 3.55000000e+02 1.70000000e+01 4.87593189e+01
 3.56000000e+02 1.70000000e+01 4.87228758e+01
 3.57000000e+02 1.70000000e+01 4.86864327e+01
 3.58000000e+02 1.70000000e+01 4.86499896e+01
 3.59000000e+02 1.70000000e+01 4.76135465e+01
 3.60000000e+02 1.70000000e+01 4.85771034e+01
 3.61000000e+02 1.70000000e+01 4.95406604e+01
 3.62000000e+02 1.70000000e+01 4.95042173e+01
 3.63000000e+02 1.70000000e+01 4.94677742e+01
 3.64000000e+02 1.70000000e+01 4.94313311e+01
 3.65000000e+02 1.70000000e+01 4.93948880e+01
 3.66000000e+02 1.70000000e+01 4.83584449e+01
 3.67000000e+02 1.70000000e+01 4.83220018e+01
 3.68000000e+02 1.70000000e+01 4.82855587e+01
 3.69000000e+02 1.70000000e+01 4.82491157e+01
 3.70000000e+02 1.70000000e+01 4.82126726e+01
 3.71000000e+02 1.70000000e+01 4.81762295e+01
 3.72000000e+02 1.70000000e+01 4.81397864e+01
 3.73000000e+02 1.70000000e+01 4.81033433e+01
 3.74000000e+02 1.70000000e+01 4.80669002e+01
 3.75000000e+02 1.70000000e+01 4.80304571e+01
 3.76000000e+02 1.70000000e+01 4.79940141e+01
 3.77000000e+02 1.70000000e+01 4.79575710e+01
 3.78000000e+02 1.70000000e+01 4.79211279e+01
 3.79000000e+02 1.70000000e+01 4.78846848e+01
 3.80000000e+02 1.70000000e+01 4.78482417e+01
 3.81000000e+02 1.70000000e+01 4.78117986e+01
 3.82000000e+02 1.70000000e+01 4.77753555e+01
 3.83000000e+02 1.70000000e+01 4.77389125e+01
 3.84000000e+02 1.70000000e+01 4.87024694e+01
 3.85000000e+02 1.70000000e+01 4.86660263e+01
 3.86000000e+02 1.70000000e+01 4.86295832e+01
 3.87000000e+02 1.70000000e+01 4.85931401e+01
 3.88000000e+02 1.70000000e+01 4.85566970e+01
 3.89000000e+02 1.70000000e+01 4.85202539e+01
 3.90000000e+02 1.70000000e+01 4.74838109e+01
 3.91000000e+02 1.70000000e+01 4.84473678e+01
 3.92000000e+02 1.70000000e+01 4.84109247e+01
 3.93000000e+02 1.70000000e+01 4.73744816e+01
 3.94000000e+02 1.70000000e+01 4.73380385e+01
 3.95000000e+02 1.70000000e+01 4.73015954e+01
 3.96000000e+02 1.70000000e+01 4.82651523e+01
 3.97000000e+02 1.70000000e+01 4.82287093e+01
 3.98000000e+02 1.70000000e+01 4.81922662e+01
 3.99000000e+02 1.70000000e+01 4.81558231e+01
 4.00000000e+02 1.70000000e+01 4.81193800e+01
 4.01000000e+02 1.70000000e+01 4.70829369e+01
 4.02000000e+02 1.70000000e+01 4.80464938e+01
 4.03000000e+02 1.70000000e+01 4.80100507e+01
 4.04000000e+02 1.70000000e+01 4.79736077e+01
 4.05000000e+02 1.70000000e+01 4.69371646e+01
 4.06000000e+02 1.70000000e+01 4.69007215e+01
 4.07000000e+02 1.70000000e+01 4.68642784e+01
 4.08000000e+02 1.70000000e+01 4.68278353e+01
 4.09000000e+02 1.70000000e+01 4.67913922e+01
 4.10000000e+02 1.70000000e+01 4.67549491e+01
 4.11000000e+02 1.70000000e+01 4.77185061e+01
 4.12000000e+02 1.70000000e+01 4.66820630e+01
 4.13000000e+02 1.70000000e+01 4.66456199e+01
 4.14000000e+02 1.70000000e+01 4.66091768e+01
 4.15000000e+02 1.70000000e+01 4.65727337e+01
 4.16000000e+02 1.70000000e+01 4.75362906e+01
 4.17000000e+02 1.70000000e+01 4.74998475e+01
 4.18000000e+02 1.70000000e+01 4.74634045e+01
 4.19000000e+02 1.70000000e+01 4.74269614e+01
 4.20000000e+02 1.70000000e+01 4.63905183e+01
 4.21000000e+02 1.70000000e+01 4.63540752e+01
 4.22000000e+02 1.70000000e+01 4.63176321e+01
 4.23000000e+02 1.70000000e+01 4.62811890e+01
 4.24000000e+02 1.70000000e+01 4.62447459e+01
 4.25000000e+02 1.70000000e+01 4.62083029e+01
 4.26000000e+02 1.70000000e+01 4.61718598e+01
 4.27000000e+02 1.70000000e+01 4.61354167e+01
 4.28000000e+02 1.70000000e+01 4.60989736e+01
 4.29000000e+02 1.70000000e+01 4.60625305e+01
 4.30000000e+02 1.70000000e+01 4.60260874e+01
 4.31000000e+02 1.70000000e+01 4.59896443e+01
 4.32000000e+02 1.70000000e+01 4.59532012e+01
 4.33000000e+02 1.70000000e+01 4.59167582e+01
 4.34000000e+02 1.70000000e+01 4.58803151e+01
 4.35000000e+02 1.70000000e+01 4.58438720e+01
 4.36000000e+02 1.70000000e+01 4.58074289e+01
 4.37000000e+02 1.70000000e+01 4.57709858e+01
 4.38000000e+02 1.70000000e+01 4.57345427e+01
 4.39000000e+02 1.70000000e+01 4.56980996e+01
 4.40000000e+02 1.70000000e+01 4.56616566e+01
 4.41000000e+02 1.70000000e+01 4.56252135e+01
 4.42000000e+02 1.70000000e+01 4.55887704e+01
 4.43000000e+02 1.70000000e+01 4.55523273e+01
 4.44000000e+02 1.70000000e+01 4.45158842e+01
 4.45000000e+02 1.70000000e+01 4.44794411e+01
 4.46000000e+02 1.70000000e+01 4.44429980e+01
 4.47000000e+02 1.70000000e+01 4.44065550e+01
 4.48000000e+02 1.70000000e+01 4.43701119e+01
 4.49000000e+02 1.70000000e+01 4.43336688e+01
 4.50000000e+02 1.70000000e+01 4.32972257e+01
 4.51000000e+02 1.70000000e+01 4.32607826e+01
 4.52000000e+02 1.70000000e+01 4.42243395e+01
 4.53000000e+02 1.70000000e+01 4.41878964e+01
 4.54000000e+02 1.70000000e+01 4.41514534e+01
 4.55000000e+02 1.70000000e+01 4.41150103e+01
 4.56000000e+02 1.70000000e+01 4.40785672e+01
 4.57000000e+02 1.70000000e+01 4.40421241e+01
 4.58000000e+02 1.70000000e+01 4.40056810e+01
 4.59000000e+02 1.70000000e+01 4.39692379e+01
 4.60000000e+02 1.70000000e+01 4.39327948e+01
 4.61000000e+02 1.70000000e+01 4.38963518e+01
 4.62000000e+02 1.70000000e+01 4.38599087e+01
 4.63000000e+02 1.70000000e+01 4.48234656e+01
 4.64000000e+02 1.70000000e+01 4.37870225e+01
 4.65000000e+02 1.70000000e+01 4.37505794e+01
 4.66000000e+02 1.70000000e+01 4.37141363e+01
 4.67000000e+02 1.70000000e+01 4.36776932e+01
 4.68000000e+02 1.70000000e+01 4.36412502e+01
 4.69000000e+02 1.70000000e+01 4.36048071e+01
 4.70000000e+02 1.70000000e+01 4.35683640e+01
 4.71000000e+02 1.70000000e+01 4.35319209e+01
 4.72000000e+02 1.70000000e+01 4.34954778e+01
 4.73000000e+02 1.70000000e+01 4.24590347e+01
 4.74000000e+02 1.70000000e+01 4.24225916e+01
 4.75000000e+02 1.70000000e+01 4.13861486e+01
 4.76000000e+02 1.70000000e+01 4.23497055e+01
 4.77000000e+02 1.70000000e+01 4.13132624e+01
 4.78000000e+02 1.70000000e+01 4.12768193e+01
 4.79000000e+02 1.70000000e+01 4.12403762e+01
 4.80000000e+02 1.70000000e+01 4.12039331e+01
 4.81000000e+02 1.70000000e+01 4.11674900e+01
 4.82000000e+02 1.70000000e+01 4.11310470e+01
 4.83000000e+02 1.70000000e+01 4.10946039e+01
 4.84000000e+02 1.70000000e+01 4.10581608e+01
 4.85000000e+02 1.70000000e+01 4.10217177e+01
 4.86000000e+02 1.70000000e+01 4.19852746e+01
 4.87000000e+02 1.70000000e+01 4.19488315e+01
 4.88000000e+02 1.70000000e+01 4.19123884e+01
 4.89000000e+02 1.70000000e+01 4.08759454e+01
 4.90000000e+02 1.70000000e+01 4.08395023e+01
 4.91000000e+02 1.70000000e+01 4.08030592e+01
 4.92000000e+02 1.70000000e+01 4.07666161e+01
 4.93000000e+02 1.70000000e+01 4.07301730e+01
 4.94000000e+02 1.70000000e+01 3.96937299e+01
 4.95000000e+02 1.70000000e+01 4.06572868e+01
 4.96000000e+02 1.70000000e+01 4.06208438e+01
 4.97000000e+02 1.70000000e+01 4.05844007e+01
 4.98000000e+02 1.70000000e+01 4.05479576e+01
 4.99000000e+02 1.70000000e+01 4.05115145e+01
 5.00000000e+02 1.70000000e+01 3.94750714e+01
 5.01000000e+02 1.70000000e+01 3.94386283e+01
 5.02000000e+02 1.70000000e+01 3.94021852e+01
 5.03000000e+02 1.70000000e+01 3.93657421e+01
 5.04000000e+02 1.70000000e+01 3.83292991e+01
 5.05000000e+02 1.70000000e+01 3.82928560e+01
 5.06000000e+02 1.70000000e+01 3.72564129e+01
 5.07000000e+02 1.70000000e+01 3.72199698e+01
 5.08000000e+02 1.70000000e+01 3.71835267e+01
 5.09000000e+02 1.70000000e+01 3.71470836e+01
 5.10000000e+02 1.70000000e+01 3.61106405e+01
 5.11000000e+02 1.70000000e+01 3.60741975e+01
 5.12000000e+02 1.70000000e+01 3.60377544e+01
 5.13000000e+02 1.70000000e+01 3.60013113e+01
 5.14000000e+02 1.70000000e+01 3.49648682e+01
 5.15000000e+02 1.70000000e+01 3.49284251e+01
 5.16000000e+02 1.70000000e+01 3.38919820e+01
 5.17000000e+02 1.70000000e+01 3.38555389e+01
 5.18000000e+02 1.70000000e+01 3.38190959e+01
 5.19000000e+02 1.70000000e+01 3.47826528e+01
 5.20000000e+02 1.70000000e+01 3.37462097e+01
 5.21000000e+02 1.70000000e+01 3.47097666e+01
 5.22000000e+02 1.70000000e+01 3.46733235e+01
 5.23000000e+02 1.70000000e+01 3.36368804e+01
 5.24000000e+02 1.70000000e+01 3.36004373e+01
 5.25000000e+02 1.70000000e+01 3.35639943e+01
 5.26000000e+02 1.70000000e+01 3.35275512e+01
 5.27000000e+02 1.70000000e+01 3.34911081e+01
 5.28000000e+02 1.70000000e+01 3.34546650e+01
 5.29000000e+02 1.70000000e+01 3.24182219e+01
 5.30000000e+02 1.70000000e+01 3.23817788e+01
 5.31000000e+02 1.70000000e+01 3.33453357e+01
 5.32000000e+02 1.70000000e+01 3.33088927e+01
 5.33000000e+02 1.70000000e+01 3.32724496e+01
 5.34000000e+02 1.70000000e+01 3.22360065e+01
 5.35000000e+02 1.70000000e+01 3.21995634e+01
 5.36000000e+02 1.70000000e+01 3.21631203e+01
 5.37000000e+02 1.70000000e+01 3.21266772e+01
 5.38000000e+02 1.70000000e+01 3.20902341e+01
 5.39000000e+02 1.70000000e+01 3.10537911e+01
 5.40000000e+02 1.70000000e+01 3.10173480e+01
 5.41000000e+02 1.70000000e+01 3.09809049e+01
 5.42000000e+02 1.70000000e+01 3.09444618e+01
 5.43000000e+02 1.70000000e+01 3.09080187e+01
 5.44000000e+02 1.70000000e+01 3.08715756e+01
 5.45000000e+02 1.70000000e+01 2.98351325e+01
 5.46000000e+02 1.70000000e+01 2.97986895e+01
 5.47000000e+02 1.70000000e+01 2.97622464e+01
 5.48000000e+02 1.70000000e+01 2.97258033e+01
 5.49000000e+02 1.70000000e+01 2.96893602e+01
 5.50000000e+02 1.70000000e+01 2.86529171e+01
 5.51000000e+02 1.70000000e+01 2.86164740e+01
 5.52000000e+02 1.70000000e+01 2.85800309e+01
 5.53000000e+02 1.70000000e+01 2.85435879e+01
 5.54000000e+02 1.70000000e+01 2.85071448e+01
 5.55000000e+02 1.70000000e+01 2.94707017e+01
 5.56000000e+02 1.70000000e+01 2.94342586e+01
 5.57000000e+02 1.70000000e+01 2.83978155e+01
 5.58000000e+02 1.70000000e+01 2.83613724e+01
 5.59000000e+02 1.70000000e+01 2.73249293e+01
 5.60000000e+02 1.70000000e+01 2.72884863e+01
 5.61000000e+02 1.70000000e+01 2.72520432e+01
 5.62000000e+02 1.70000000e+01 2.62156001e+01
 5.63000000e+02 1.70000000e+01 2.61791570e+01
 5.64000000e+02 1.70000000e+01 2.61427139e+01
 5.65000000e+02 1.70000000e+01 2.51062708e+01
 5.66000000e+02 1.70000000e+01 2.40698277e+01
 5.67000000e+02 1.70000000e+01 2.40333846e+01
 5.68000000e+02 1.70000000e+01 2.39969416e+01
 5.69000000e+02 1.70000000e+01 2.39604985e+01
 5.70000000e+02 1.70000000e+01 2.39240554e+01
 5.71000000e+02 1.70000000e+01 2.38876123e+01
 5.72000000e+02 1.70000000e+01 2.28511692e+01
 5.73000000e+02 1.70000000e+01 2.28147261e+01
 5.74000000e+02 1.70000000e+01 2.27782830e+01
 5.75000000e+02 1.70000000e+01 2.27418400e+01
 5.76000000e+02 1.70000000e+01 2.27053969e+01
 5.77000000e+02 1.70000000e+01 2.26689538e+01
 5.78000000e+02 1.70000000e+01 2.16325107e+01
 5.79000000e+02 1.70000000e+01 2.15960676e+01
 5.80000000e+02 1.70000000e+01 2.15596245e+01
 5.81000000e+02 1.70000000e+01 2.05231814e+01
 5.82000000e+02 1.70000000e+01 2.04867384e+01
 5.83000000e+02 1.70000000e+01 2.04502953e+01
 5.84000000e+02 1.70000000e+01 2.04138522e+01
 5.85000000e+02 1.70000000e+01 2.03774091e+01
 5.86000000e+02 1.70000000e+01 2.03409660e+01
 5.87000000e+02 1.70000000e+01 2.03045229e+01
 5.88000000e+02 1.70000000e+01 2.02680798e+01
 5.89000000e+02 1.70000000e+01 2.02316368e+01
 5.90000000e+02 1.70000000e+01 2.01951937e+01
 5.91000000e+02 1.70000000e+01 1.91587506e+01
 5.92000000e+02 1.70000000e+01 1.91223075e+01
 5.93000000e+02 1.70000000e+01 1.90858644e+01
 5.94000000e+02 1.70000000e+01 1.90494213e+01
 5.95000000e+02 1.70000000e+01 1.90129782e+01
 5.96000000e+02 1.70000000e+01 1.89765352e+01
 5.97000000e+02 1.70000000e+01 1.89400921e+01
 5.98000000e+02 1.70000000e+01 1.89036490e+01
 5.99000000e+02 1.70000000e+01 1.88672059e+01
 6.00000000e+02 1.70000000e+01 1.88307628e+01
 6.01000000e+02 1.70000000e+01 1.87943197e+01
 6.02000000e+02 1.70000000e+01 1.87578766e+01
 6.03000000e+02 1.70000000e+01 1.87214336e+01
 6.04000000e+02 1.70000000e+01 1.86849905e+01
 6.05000000e+02 1.70000000e+01 1.76485474e+01
 6.06000000e+02 1.70000000e+01 1.76121043e+01
 6.07000000e+02 1.70000000e+01 1.75756612e+01
 6.08000000e+02 1.70000000e+01 1.75392181e+01
 6.09000000e+02 1.70000000e+01 1.75027750e+01
 6.10000000e+02 1.70000000e+01 1.74663320e+01
 6.11000000e+02 1.70000000e+01 1.74298889e+01
 6.12000000e+02 1.70000000e+01 1.73934458e+01
 6.13000000e+02 1.70000000e+01 1.73570027e+01
 6.14000000e+02 1.70000000e+01 1.73205596e+01
 6.15000000e+02 1.70000000e+01 1.72841165e+01
 6.16000000e+02 1.70000000e+01 1.72476734e+01
 6.17000000e+02 1.70000000e+01 1.62112304e+01
 6.18000000e+02 1.70000000e+01 1.61747873e+01
 6.19000000e+02 1.70000000e+01 1.71383442e+01
 6.20000000e+02 1.70000000e+01 1.71019011e+01
 6.21000000e+02 1.70000000e+01 1.70654580e+01
 6.22000000e+02 1.70000000e+01 1.70290149e+01
 6.23000000e+02 1.70000000e+01 1.59925718e+01
 6.24000000e+02 1.70000000e+01 1.59561288e+01
 6.25000000e+02 1.70000000e+01 1.59196857e+01
 6.26000000e+02 1.70000000e+01 1.58832426e+01
 6.27000000e+02 1.70000000e+01 1.58467995e+01
 6.28000000e+02 1.70000000e+01 1.58103564e+01
 6.29000000e+02 1.70000000e+01 1.57739133e+01
 6.30000000e+02 1.70000000e+01 1.57374702e+01
 6.31000000e+02 1.70000000e+01 1.67010272e+01
 6.32000000e+02 1.70000000e+01 1.66645841e+01
 6.33000000e+02 1.70000000e+01 1.66281410e+01
 6.34000000e+02 1.70000000e+01 1.65916979e+01
 6.35000000e+02 1.70000000e+01 1.65552548e+01
 6.36000000e+02 1.70000000e+01 1.65188117e+01
 6.37000000e+02 1.70000000e+01 1.64823686e+01
 6.38000000e+02 1.70000000e+01 1.64459255e+01
 6.39000000e+02 1.70000000e+01 1.64094825e+01
 6.40000000e+02 1.70000000e+01 1.63730394e+01
 6.41000000e+02 1.70000000e+01 1.63365963e+01
 6.42000000e+02 1.70000000e+01 1.63001532e+01
 6.43000000e+02 1.70000000e+01 1.72637101e+01
 6.44000000e+02 1.70000000e+01 1.72272670e+01
 6.45000000e+02 1.70000000e+01 1.71908239e+01
 6.46000000e+02 1.70000000e+01 1.71543809e+01
 6.47000000e+02 1.70000000e+01 1.71179378e+01
 6.48000000e+02 1.70000000e+01 1.70814947e+01
 6.49000000e+02 1.70000000e+01 1.70450516e+01
 6.50000000e+02 1.70000000e+01 1.70086085e+01
 6.51000000e+02 1.70000000e+01 1.69721654e+01
 6.52000000e+02 1.70000000e+01 1.69357223e+01
 6.53000000e+02 1.70000000e+01 1.68992793e+01
 6.54000000e+02 1.70000000e+01 1.68628362e+01
 6.55000000e+02 1.70000000e+01 1.68263931e+01
 6.56000000e+02 1.70000000e+01 1.67899500e+01
 6.57000000e+02 1.70000000e+01 1.67535069e+01
 6.58000000e+02 1.70000000e+01 1.67170638e+01
 6.59000000e+02 1.70000000e+01 1.66806207e+01
 6.60000000e+02 1.70000000e+01 1.66441777e+01
 6.61000000e+02 1.70000000e+01 1.66077346e+01
 6.62000000e+02 1.70000000e+01 1.65712915e+01
 6.63000000e+02 1.70000000e+01 1.65348484e+01
 6.64000000e+02 1.70000000e+01 1.64984053e+01
 6.65000000e+02 1.70000000e+01 1.64619622e+01
 6.66000000e+02 1.70000000e+01 1.64255191e+01
 6.67000000e+02 1.70000000e+01 1.73890761e+01
 6.68000000e+02 1.70000000e+01 1.83526330e+01
 6.69000000e+02 1.70000000e+01 1.83161899e+01
 6.70000000e+02 1.70000000e+01 1.82797468e+01
 6.71000000e+02 1.70000000e+01 1.82433037e+01
 6.72000000e+02 1.70000000e+01 1.82068606e+01
 6.73000000e+02 1.70000000e+01 1.81704175e+01
 6.74000000e+02 1.70000000e+01 1.81339745e+01
 6.75000000e+02 1.70000000e+01 1.80975314e+01
 6.76000000e+02 1.70000000e+01 1.90610883e+01
 6.77000000e+02 1.70000000e+01 1.90246452e+01
 6.78000000e+02 1.70000000e+01 1.89882021e+01
 6.79000000e+02 1.70000000e+01 1.99517590e+01
 6.80000000e+02 1.70000000e+01 1.99153159e+01
 6.81000000e+02 1.70000000e+01 2.08788729e+01
 6.82000000e+02 1.70000000e+01 2.08424298e+01
 6.83000000e+02 1.70000000e+01 2.08059867e+01
 6.84000000e+02 1.70000000e+01 2.07695436e+01
 6.85000000e+02 1.70000000e+01 2.07331005e+01
 6.86000000e+02 1.70000000e+01 2.06966574e+01
 6.87000000e+02 1.70000000e+01 2.06602143e+01
 6.88000000e+02 1.70000000e+01 2.16237713e+01
 6.89000000e+02 1.70000000e+01 2.25873282e+01
 6.90000000e+02 1.70000000e+01 2.25508851e+01
 6.91000000e+02 1.70000000e+01 2.25144420e+01
 6.92000000e+02 1.70000000e+01 2.24779989e+01
 6.93000000e+02 1.70000000e+01 2.24415558e+01
 6.94000000e+02 1.70000000e+01 2.14051127e+01
 6.95000000e+02 1.70000000e+01 2.23686697e+01
 6.96000000e+02 1.70000000e+01 2.23322266e+01
 6.97000000e+02 1.70000000e+01 2.22957835e+01
 6.98000000e+02 1.70000000e+01 2.22593404e+01
 6.99000000e+02 1.70000000e+01 2.32228973e+01
 7.00000000e+02 1.70000000e+01 2.21864542e+01
 7.01000000e+02 1.70000000e+01 2.21500111e+01
 7.02000000e+02 1.70000000e+01 2.31135680e+01
 7.03000000e+02 1.70000000e+01 2.30771250e+01
 7.04000000e+02 1.70000000e+01 2.40406819e+01
 7.05000000e+02 1.70000000e+01 2.40042388e+01
 7.06000000e+02 1.70000000e+01 2.39677957e+01
 7.07000000e+02 1.70000000e+01 2.39313526e+01
 7.08000000e+02 1.70000000e+01 2.48949095e+01
 7.09000000e+02 1.70000000e+01 2.48584664e+01
 7.10000000e+02 1.70000000e+01 2.48220234e+01
 7.11000000e+02 1.70000000e+01 2.47855803e+01
 7.12000000e+02 1.70000000e+01 2.47491372e+01
 7.13000000e+02 1.70000000e+01 2.47126941e+01
 7.14000000e+02 1.70000000e+01 2.46762510e+01
 7.15000000e+02 1.70000000e+01 2.56398079e+01
 7.16000000e+02 1.70000000e+01 2.56033648e+01
 7.17000000e+02 1.70000000e+01 2.65669218e+01
 7.18000000e+02 1.70000000e+01 2.65304787e+01
 7.19000000e+02 1.70000000e+01 2.74940356e+01
 7.20000000e+02 1.70000000e+01 2.74575925e+01
 7.21000000e+02 1.70000000e+01 2.74211494e+01
 7.22000000e+02 1.70000000e+01 2.73847063e+01
 7.23000000e+02 1.70000000e+01 2.73482632e+01
 7.24000000e+02 1.70000000e+01 2.73118202e+01
 7.25000000e+02 1.70000000e+01 2.82753771e+01
 7.26000000e+02 1.70000000e+01 2.72389340e+01
 7.27000000e+02 1.70000000e+01 2.82024909e+01
 7.28000000e+02 1.70000000e+01 2.81660478e+01
 7.29000000e+02 1.70000000e+01 2.81296047e+01
 7.30000000e+02 1.70000000e+01 2.90931616e+01
 7.31000000e+02 1.70000000e+01 2.90567186e+01
 7.32000000e+02 1.70000000e+01 2.90202755e+01
 7.33000000e+02 1.70000000e+01 2.99838324e+01
 7.34000000e+02 1.70000000e+01 2.99473893e+01
 7.35000000e+02 1.70000000e+01 3.09109462e+01
 7.36000000e+02 1.70000000e+01 3.08745031e+01
 7.37000000e+02 1.70000000e+01 3.18380600e+01
 7.38000000e+02 1.70000000e+01 3.18016170e+01
 7.39000000e+02 1.70000000e+01 3.17651739e+01
 7.40000000e+02 1.70000000e+01 3.17287308e+01
 7.41000000e+02 1.70000000e+01 3.16922877e+01
 7.42000000e+02 1.70000000e+01 3.16558446e+01
 7.43000000e+02 1.70000000e+01 3.16194015e+01
 7.44000000e+02 1.70000000e+01 3.15829584e+01
 7.45000000e+02 1.70000000e+01 3.25465154e+01
 7.46000000e+02 1.70000000e+01 3.25100723e+01
 7.47000000e+02 1.70000000e+01 3.24736292e+01
 7.48000000e+02 1.70000000e+01 3.24371861e+01
 7.49000000e+02 1.70000000e+01 3.24007430e+01
 7.50000000e+02 1.70000000e+01 3.33642999e+01
 7.51000000e+02 1.70000000e+01 3.23278568e+01
 7.52000000e+02 1.70000000e+01 3.22914138e+01
 7.53000000e+02 1.70000000e+01 3.22549707e+01
 7.54000000e+02 1.70000000e+01 3.22185276e+01
 7.55000000e+02 1.70000000e+01 3.21820845e+01
 7.56000000e+02 1.70000000e+01 3.31456414e+01
 7.57000000e+02 1.70000000e+01 3.31091983e+01
 7.58000000e+02 1.70000000e+01 3.30727552e+01
 7.59000000e+02 1.70000000e+01 3.20363122e+01
 7.60000000e+02 1.70000000e+01 3.29998691e+01
 7.61000000e+02 1.70000000e+01 3.29634260e+01
 7.62000000e+02 1.70000000e+01 3.19269829e+01
 7.63000000e+02 1.70000000e+01 3.28905398e+01
 7.64000000e+02 1.70000000e+01 3.28540967e+01
