 2.26000000e+02 1.80000000e+01 3.44604769e+01
 2.27000000e+02 1.80000000e+01 3.44240339e+01
 2.28000000e+02 1.80000000e+01 3.43875908e+01
 2.29000000e+02 1.80000000e+01 3.43511477e+01
 2.30000000e+02 1.80000000e+01 3.43147046e+01
 2.31000000e+02 1.80000000e+01 3.42782615e+01
 2.32000000e+02 1.80000000e+01 3.42418184e+01
 2.33000000e+02 1.80000000e+01 3.52053753e+01
 2.34000000e+02 1.80000000e+01 3.51689323e+01
 2.35000000e+02 1.80000000e+01 3.51324892e+01
 2.36000000e+02 1.80000000e+01 3.40960461e+01
 2.37000000e+02 1.80000000e+01 3.40596030e+01
 2.38000000e+02 1.80000000e+01 3.40231599e+01
 2.39000000e+02 1.80000000e+01 3.39867168e+01
 2.40000000e+02 1.80000000e+01 3.39502737e+01
 2.41000000e+02 1.80000000e+01 3.39138307e+01
 2.42000000e+02 1.80000000e+01 3.38773876e+01
 2.43000000e+02 1.80000000e+01 3.48409445e+01
 2.44000000e+02 1.80000000e+01 3.38045014e+01
 2.45000000e+02 1.80000000e+01 3.37680583e+01
 2.46000000e+02 1.80000000e+01 3.47316152e+01
 2.47000000e+02 1.80000000e+01 3.46951721e+01
 2.48000000e+02 1.80000000e+01 3.46587291e+01
 2.49000000e+02 1.80000000e+01 3.46222860e+01
 2.50000000e+02 1.80000000e+01 3.45858429e+01
 2.51000000e+02 1.80000000e+01 3.35493998e+01
 2.52000000e+02 1.80000000e+01 3.35129567e+01
 2.53000000e+02 1.80000000e+01 3.44765136e+01
 2.67000000e+02 1.80000000e+01 3.59663104e+01
 2.68000000e+02 1.80000000e+01 3.59298673e+01
 2.69000000e+02 1.80000000e+01 3.58934243e+01
 2.70000000e+02 1.80000000e+01 3.58569812e+01
 2.71000000e+02 1.80000000e+01 3.58205381e+01
 2.72000000e+02 1.80000000e+01 3.57840950e+01
 2.73000000e+02 1.80000000e+01 3.57476519e+01
 2.74000000e+02 1.80000000e+01 3.57112088e+01
 2.75000000e+02 1.80000000e+01 3.66747657e+01
 2.76000000e+02 1.80000000e+01 3.66383227e+01
 2.77000000e+02 1.80000000e+01 3.66018796e+01
 2.78000000e+02 1.80000000e+01 3.65654365e+01
 2.79000000e+02 1.80000000e+01 3.65289934e+01
 2.80000000e+02 1.80000000e+01 3.64925503e+01
 2.81000000e+02 1.80000000e+01 3.64561072e+01
 2.82000000e+02 1.80000000e+01 3.64196641e+01
 2.83000000e+02 1.80000000e+01 3.73832211e+01
 2.84000000e+02 1.80000000e+01 3.73467780e+01
 2.85000000e+02 1.80000000e+01 3.73103349e+01
 2.86000000e+02 1.80000000e+01 3.72738918e+01
 2.87000000e+02 1.80000000e+01 3.72374487e+01
 2.88000000e+02 1.80000000e+01 3.72010056e+01
 2.98000000e+02 1.80000000e+01 3.98365748e+01
 2.99000000e+02 1.80000000e+01 3.98001317e+01
 3.00000000e+02 1.80000000e+01 3.97636886e+01
 3.01000000e+02 1.80000000e+01 4.07272455e+01
 3.02000000e+02 1.80000000e+01 4.06908024e+01
 3.03000000e+02 1.80000000e+01 4.06543593e+01
 3.04000000e+02 1.80000000e+01 4.06179162e+01
 3.05000000e+02 1.80000000e+01 4.05814732e+01
 3.06000000e+02 1.80000000e+01 4.15450301e+01
 3.07000000e+02 1.80000000e+01 4.15085870e+01
 3.08000000e+02 1.80000000e+01 4.14721439e+01
 3.09000000e+02 1.80000000e+01 4.14357008e+01
 3.10000000e+02 1.80000000e+01 4.13992577e+01
 3.11000000e+02 1.80000000e+01 4.13628146e+01
 3.12000000e+02 1.80000000e+01 4.13263716e+01
 3.13000000e+02 1.80000000e+01 4.22899285e+01
 3.14000000e+02 1.80000000e+01 4.22534854e+01
 3.15000000e+02 1.80000000e+01 4.22170423e+01
 3.16000000e+02 1.80000000e+01 4.21805992e+01
 3.17000000e+02 1.80000000e+01 4.21441561e+01
 3.18000000e+02 1.80000000e+01 4.21077130e+01
 3.19000000e+02 1.80000000e+01 4.20712700e+01
 3.20000000e+02 1.80000000e+01 4.20348269e+01
 3.21000000e+02 1.80000000e+01 4.19983838e+01
 3.22000000e+02 1.80000000e+01 4.29619407e+01
 3.23000000e+02 1.80000000e+01 4.29254976e+01
 3.24000000e+02 1.80000000e+01 4.28890545e+01
 3.25000000e+02 1.80000000e+01 4.28526114e+01
 3.26000000e+02 1.80000000e+01 4.28161684e+01
 3.66000000e+02 1.80000000e+01 4.33584449e+01
 3.67000000e+02 1.80000000e+01 4.33220018e+01
 3.68000000e+02 1.80000000e+01 4.32855587e+01
 3.69000000e+02 1.80000000e+01 4.22491157e+01
 3.70000000e+02 1.80000000e+01 4.22126726e+01
 3.71000000e+02 1.80000000e+01 4.21762295e+01
 3.72000000e+02 1.80000000e+01 4.21397864e+01
 3.73000000e+02 1.80000000e+01 4.21033433e+01
 3.74000000e+02 1.80000000e+01 4.20669002e+01
 3.75000000e+02 1.80000000e+01 4.20304571e+01
 3.76000000e+02 1.80000000e+01 4.19940141e+01
 3.77000000e+02 1.80000000e+01 4.19575710e+01
 3.78000000e+02 1.80000000e+01 4.19211279e+01
 3.79000000e+02 1.80000000e+01 4.18846848e+01
 3.80000000e+02 1.80000000e+01 4.18482417e+01
 3.81000000e+02 1.80000000e+01 4.28117986e+01
 3.82000000e+02 1.80000000e+01 4.27753555e+01
 3.83000000e+02 1.80000000e+01 4.27389125e+01
 3.84000000e+02 1.80000000e+01 4.27024694e+01
 3.85000000e+02 1.80000000e+01 4.26660263e+01
 3.86000000e+02 1.80000000e+01 4.26295832e+01
 3.87000000e+02 1.80000000e+01 4.25931401e+01
 3.88000000e+02 1.80000000e+01 4.25566970e+01
 3.89000000e+02 1.80000000e+01 4.25202539e+01
 3.90000000e+02 1.80000000e+01 4.24838109e+01
 3.91000000e+02 1.80000000e+01 4.34473678e+01
 3.92000000e+02 1.80000000e+01 4.34109247e+01
 3.93000000e+02 1.80000000e+01 4.43744816e+01
 3.94000000e+02 1.80000000e+01 4.43380385e+01
 3.95000000e+02 1.80000000e+01 4.43015954e+01
 3.96000000e+02 1.80000000e+01 4.32651523e+01
 3.97000000e+02 1.80000000e+01 4.42287093e+01
 3.98000000e+02 1.80000000e+01 4.41922662e+01
 3.99000000e+02 1.80000000e+01 4.41558231e+01
 4.00000000e+02 1.80000000e+01 4.41193800e+01
 4.01000000e+02 1.80000000e+01 4.40829369e+01
 4.02000000e+02 1.80000000e+01 4.40464938e+01
 4.03000000e+02 1.80000000e+01 4.50100507e+01
 4.04000000e+02 1.80000000e+01 4.49736077e+01
 4.05000000e+02 1.80000000e+01 4.49371646e+01
 4.06000000e+02 1.80000000e+01 4.49007215e+01
 4.07000000e+02 1.80000000e+01 4.48642784e+01
 4.08000000e+02 1.80000000e+01 4.38278353e+01
 4.09000000e+02 1.80000000e+01 4.37913922e+01
 4.10000000e+02 1.80000000e+01 4.47549491e+01
 4.11000000e+02 1.80000000e+01 4.37185061e+01
 4.12000000e+02 1.80000000e+01 4.36820630e+01
 4.13000000e+02 1.80000000e+01 4.46456199e+01
 4.14000000e+02 1.80000000e+01 4.46091768e+01
 4.15000000e+02 1.80000000e+01 4.45727337e+01
 4.16000000e+02 1.80000000e+01 4.45362906e+01
 4.17000000e+02 1.80000000e+01 4.34998475e+01
 4.18000000e+02 1.80000000e+01 4.44634045e+01
 4.19000000e+02 1.80000000e+01 4.44269614e+01
 4.20000000e+02 1.80000000e+01 4.43905183e+01
 4.21000000e+02 1.80000000e+01 4.43540752e+01
 4.22000000e+02 1.80000000e+01 4.33176321e+01
 4.23000000e+02 1.80000000e+01 4.32811890e+01
 4.24000000e+02 1.80000000e+01 4.32447459e+01
 4.25000000e+02 1.80000000e+01 4.32083029e+01
 4.26000000e+02 1.80000000e+01 4.31718598e+01
 4.27000000e+02 1.80000000e+01 4.31354167e+01
 4.28000000e+02 1.80000000e+01 4.20989736e+01
 4.29000000e+02 1.80000000e+01 4.20625305e+01
 4.30000000e+02 1.80000000e+01 4.20260874e+01
 4.31000000e+02 1.80000000e+01 4.19896443e+01
 4.32000000e+02 1.80000000e+01 4.19532012e+01
 4.33000000e+02 1.80000000e+01 4.19167582e+01
 4.34000000e+02 1.80000000e+01 4.18803151e+01
 4.35000000e+02 1.80000000e+01 4.18438720e+01
 4.36000000e+02 1.80000000e+01 4.18074289e+01
 4.37000000e+02 1.80000000e+01 4.17709858e+01
 4.38000000e+02 1.80000000e+01 4.07345427e+01
 4.39000000e+02 1.80000000e+01 4.16980996e+01
 4.40000000e+02 1.80000000e+01 4.16616566e+01
 4.41000000e+02 1.80000000e+01 4.16252135e+01
 4.42000000e+02 1.80000000e+01 4.05887704e+01
 4.43000000e+02 1.80000000e+01 4.05523273e+01
 4.44000000e+02 1.80000000e+01 4.05158842e+01
 4.45000000e+02 1.80000000e+01 4.04794411e+01
 4.46000000e+02 1.80000000e+01 4.04429980e+01
 4.47000000e+02 1.80000000e+01 4.04065550e+01
 4.48000000e+02 1.80000000e+01 4.13701119e+01
 4.49000000e+02 1.80000000e+01 4.23336688e+01
 4.50000000e+02 1.80000000e+01 4.22972257e+01
 4.51000000e+02 1.80000000e+01 4.32607826e+01
 4.52000000e+02 1.80000000e+01 4.32243395e+01
 4.53000000e+02 1.80000000e+01 4.31878964e+01
 4.54000000e+02 1.80000000e+01 4.31514534e+01
 4.55000000e+02 1.80000000e+01 4.41150103e+01
 4.56000000e+02 1.80000000e+01 4.40785672e+01
 4.57000000e+02 1.80000000e+01 4.40421241e+01
 4.58000000e+02 1.80000000e+01 4.40056810e+01
 4.59000000e+02 1.80000000e+01 4.39692379e+01
 4.60000000e+02 1.80000000e+01 4.49327948e+01
 4.61000000e+02 1.80000000e+01 4.48963518e+01
 4.62000000e+02 1.80000000e+01 4.48599087e+01
 4.63000000e+02 1.80000000e+01 4.48234656e+01
 4.64000000e+02 1.80000000e+01 4.47870225e+01
 4.65000000e+02 1.80000000e+01 4.47505794e+01
 4.66000000e+02 1.80000000e+01 4.47141363e+01
 4.67000000e+02 1.80000000e+01 4.46776932e+01
 4.68000000e+02 1.80000000e+01 4.56412502e+01
 4.69000000e+02 1.80000000e+01 4.56048071e+01
 4.70000000e+02 1.80000000e+01 4.55683640e+01
 4.71000000e+02 1.80000000e+01 4.55319209e+01
 4.72000000e+02 1.80000000e+01 4.54954778e+01
 4.73000000e+02 1.80000000e+01 4.54590347e+01
 4.74000000e+02 1.80000000e+01 4.54225916e+01
 4.75000000e+02 1.80000000e+01 4.53861486e+01
 4.76000000e+02 1.80000000e+01 4.53497055e+01
 4.77000000e+02 1.80000000e+01 4.53132624e+01
 4.78000000e+02 1.80000000e+01 4.62768193e+01
 4.79000000e+02 1.80000000e+01 4.52403762e+01
 4.80000000e+02 1.80000000e+01 4.52039331e+01
 4.81000000e+02 1.80000000e+01 4.51674900e+01
 4.82000000e+02 1.80000000e+01 4.51310470e+01
 4.83000000e+02 1.80000000e+01 4.50946039e+01
 4.84000000e+02 1.80000000e+01 4.50581608e+01
 4.85000000e+02 1.80000000e+01 4.50217177e+01
 4.86000000e+02 1.80000000e+01 4.49852746e+01
 4.87000000e+02 1.80000000e+01 4.39488315e+01
 4.88000000e+02 1.80000000e+01 4.39123884e+01
 4.89000000e+02 1.80000000e+01 4.38759454e+01
 4.90000000e+02 1.80000000e+01 4.38395023e+01
 4.91000000e+02 1.80000000e+01 4.38030592e+01
 4.92000000e+02 1.80000000e+01 4.37666161e+01
 4.93000000e+02 1.80000000e+01 4.37301730e+01
 4.94000000e+02 1.80000000e+01 4.36937299e+01
 4.95000000e+02 1.80000000e+01 4.36572868e+01
 4.96000000e+02 1.80000000e+01 4.36208438e+01
 4.97000000e+02 1.80000000e+01 4.35844007e+01
 4.98000000e+02 1.80000000e+01 4.35479576e+01
 4.99000000e+02 1.80000000e+01 4.35115145e+01
 5.00000000e+02 1.80000000e+01 4.34750714e+01
 5.01000000e+02 1.80000000e+01 4.34386283e+01
 5.02000000e+02 1.80000000e+01 4.34021852e+01
 5.03000000e+02 1.80000000e+01 4.33657421e+01
 5.04000000e+02 1.80000000e+01 4.33292991e+01
 5.05000000e+02 1.80000000e+01 4.22928560e+01
 5.06000000e+02 1.80000000e+01 4.22564129e+01
 5.07000000e+02 1.80000000e+01 4.22199698e+01
 5.08000000e+02 1.80000000e+01 4.21835267e+01
 5.09000000e+02 1.80000000e+01 4.21470836e+01
 5.10000000e+02 1.80000000e+01 4.11106405e+01
 5.11000000e+02 1.80000000e+01 4.10741975e+01
 5.12000000e+02 1.80000000e+01 4.10377544e+01
 5.13000000e+02 1.80000000e+01 4.20013113e+01
 5.14000000e+02 1.80000000e+01 4.09648682e+01
 5.15000000e+02 1.80000000e+01 4.09284251e+01
 5.16000000e+02 1.80000000e+01 4.08919820e+01
 5.17000000e+02 1.80000000e+01 4.08555389e+01
 5.18000000e+02 1.80000000e+01 3.98190959e+01
 5.19000000e+02 1.80000000e+01 3.97826528e+01
 5.20000000e+02 1.80000000e+01 3.97462097e+01
 5.21000000e+02 1.80000000e+01 3.97097666e+01
 5.22000000e+02 1.80000000e+01 3.96733235e+01
 5.23000000e+02 1.80000000e+01 3.96368804e+01
 5.24000000e+02 1.80000000e+01 3.86004373e+01
 5.25000000e+02 1.80000000e+01 3.85639943e+01
 5.26000000e+02 1.80000000e+01 3.85275512e+01
 5.27000000e+02 1.80000000e+01 3.84911081e+01
 5.28000000e+02 1.80000000e+01 3.84546650e+01
 5.29000000e+02 1.80000000e+01 3.84182219e+01
 5.30000000e+02 1.80000000e+01 3.73817788e+01
 5.31000000e+02 1.80000000e+01 3.73453357e+01
 5.32000000e+02 1.80000000e+01 3.73088927e+01
 5.33000000e+02 1.80000000e+01 3.82724496e+01
 5.34000000e+02 1.80000000e+01 3.82360065e+01
 5.35000000e+02 1.80000000e+01 3.81995634e+01
 5.36000000e+02 1.80000000e+01 3.71631203e+01
 5.37000000e+02 1.80000000e+01 3.71266772e+01
 5.38000000e+02 1.80000000e+01 3.60902341e+01
 5.39000000e+02 1.80000000e+01 3.60537911e+01
 5.40000000e+02 1.80000000e+01 3.60173480e+01
 5.41000000e+02 1.80000000e+01 3.59809049e+01
 5.42000000e+02 1.80000000e+01 3.59444618e+01
 5.43000000e+02 1.80000000e+01 3.49080187e+01
 5.44000000e+02 1.80000000e+01 3.48715756e+01
 5.45000000e+02 1.80000000e+01 3.48351325e+01
 5.46000000e+02 1.80000000e+01 3.37986895e+01
 5.47000000e+02 1.80000000e+01 3.37622464e+01
 5.48000000e+02 1.80000000e+01 3.37258033e+01
 5.49000000e+02 1.80000000e+01 3.36893602e+01
 5.50000000e+02 1.80000000e+01 3.36529171e+01
 5.51000000e+02 1.80000000e+01 3.26164740e+01
 5.52000000e+02 1.80000000e+01 3.25800309e+01
 5.53000000e+02 1.80000000e+01 3.25435879e+01
 5.54000000e+02 1.80000000e+01 3.25071448e+01
 5.55000000e+02 1.80000000e+01 3.24707017e+01
 5.56000000e+02 1.80000000e+01 3.24342586e+01
 5.57000000e+02 1.80000000e+01 3.23978155e+01
 5.58000000e+02 1.80000000e+01 3.13613724e+01
 5.59000000e+02 1.80000000e+01 3.13249293e+01
 5.60000000e+02 1.80000000e+01 3.12884863e+01
 5.61000000e+02 1.80000000e+01 3.02520432e+01
 5.62000000e+02 1.80000000e+01 3.02156001e+01
 5.63000000e+02 1.80000000e+01 3.01791570e+01
 5.64000000e+02 1.80000000e+01 2.91427139e+01
 5.65000000e+02 1.80000000e+01 2.91062708e+01
 5.66000000e+02 1.80000000e+01 2.90698277e+01
 5.67000000e+02 1.80000000e+01 2.90333846e+01
 5.68000000e+02 1.80000000e+01 2.89969416e+01
 5.69000000e+02 1.80000000e+01 2.89604985e+01
 5.70000000e+02 1.80000000e+01 2.89240554e+01
 5.71000000e+02 1.80000000e+01 2.78876123e+01
 5.72000000e+02 1.80000000e+01 2.88511692e+01
 5.73000000e+02 1.80000000e+01 2.88147261e+01
 5.74000000e+02 1.80000000e+01 2.87782830e+01
 5.75000000e+02 1.80000000e+01 2.87418400e+01
 5.76000000e+02 1.80000000e+01 2.87053969e+01
 5.77000000e+02 1.80000000e+01 2.86689538e+01
 5.78000000e+02 1.80000000e+01 2.86325107e+01
 5.79000000e+02 1.80000000e+01 2.85960676e+01
 5.80000000e+02 1.80000000e+01 2.85596245e+01
 5.81000000e+02 1.80000000e+01 2.85231814e+01
 5.82000000e+02 1.80000000e+01 2.84867384e+01
 5.83000000e+02 1.80000000e+01 2.84502953e+01
 5.84000000e+02 1.80000000e+01 2.94138522e+01
 5.85000000e+02 1.80000000e+01 2.93774091e+01
 5.86000000e+02 1.80000000e+01 2.93409660e+01
 5.87000000e+02 1.80000000e+01 2.93045229e+01
 5.88000000e+02 1.80000000e+01 2.82680798e+01
 5.89000000e+02 1.80000000e+01 2.92316368e+01
 5.90000000e+02 1.80000000e+01 2.91951937e+01
 5.91000000e+02 1.80000000e+01 2.81587506e+01
 5.92000000e+02 1.80000000e+01 2.91223075e+01
 5.93000000e+02 1.80000000e+01 2.90858644e+01
 5.94000000e+02 1.80000000e+01 2.90494213e+01
 5.95000000e+02 1.80000000e+01 2.90129782e+01
 5.96000000e+02 1.80000000e+01 2.89765352e+01
 5.97000000e+02 1.80000000e+01 2.79400921e+01
 5.98000000e+02 1.80000000e+01 2.79036490e+01
 5.99000000e+02 1.80000000e+01 2.88672059e+01
 6.00000000e+02 1.80000000e+01 2.88307628e+01
 6.01000000e+02 1.80000000e+01 2.87943197e+01
 6.02000000e+02 1.80000000e+01 2.87578766e+01
 6.03000000e+02 1.80000000e+01 2.87214336e+01
 6.04000000e+02 1.80000000e+01 2.76849905e+01
 6.05000000e+02 1.80000000e+01 2.76485474e+01
 6.06000000e+02 1.80000000e+01 2.76121043e+01
 6.07000000e+02 1.80000000e+01 2.75756612e+01
 6.08000000e+02 1.80000000e+01 2.65392181e+01
 6.09000000e+02 1.80000000e+01 2.65027750e+01
 6.10000000e+02 1.80000000e+01 2.64663320e+01
 6.11000000e+02 1.80000000e+01 2.64298889e+01
 6.12000000e+02 1.80000000e+01 2.53934458e+01
 6.13000000e+02 1.80000000e+01 2.53570027e+01
 6.14000000e+02 1.80000000e+01 2.63205596e+01
 6.15000000e+02 1.80000000e+01 2.62841165e+01
 6.16000000e+02 1.80000000e+01 2.62476734e+01
 6.17000000e+02 1.80000000e+01 2.62112304e+01
 6.18000000e+02 1.80000000e+01 2.61747873e+01
 6.19000000e+02 1.80000000e+01 2.61383442e+01
 6.20000000e+02 1.80000000e+01 2.61019011e+01
 6.21000000e+02 1.80000000e+01 2.60654580e+01
 6.22000000e+02 1.80000000e+01 2.70290149e+01
 6.23000000e+02 1.80000000e+01 2.59925718e+01
 6.24000000e+02 1.80000000e+01 2.69561288e+01
 6.25000000e+02 1.80000000e+01 2.69196857e+01
 6.26000000e+02 1.80000000e+01 2.68832426e+01
 6.27000000e+02 1.80000000e+01 2.68467995e+01
 6.28000000e+02 1.80000000e+01 2.68103564e+01
 6.29000000e+02 1.80000000e+01 2.67739133e+01
 6.30000000e+02 1.80000000e+01 2.67374702e+01
 6.31000000e+02 1.80000000e+01 2.67010272e+01
 6.32000000e+02 1.80000000e+01 2.66645841e+01
 6.33000000e+02 1.80000000e+01 2.66281410e+01
 6.34000000e+02 1.80000000e+01 2.65916979e+01
 6.35000000e+02 1.80000000e+01 2.65552548e+01
 6.36000000e+02 1.80000000e+01 2.65188117e+01
 6.37000000e+02 1.80000000e+01 2.64823686e+01
 6.38000000e+02 1.80000000e+01 2.64459255e+01
 6.39000000e+02 1.80000000e+01 2.54094825e+01
 6.40000000e+02 1.80000000e+01 2.53730394e+01
 6.41000000e+02 1.80000000e+01 2.53365963e+01
 6.42000000e+02 1.80000000e+01 2.53001532e+01
 6.43000000e+02 1.80000000e+01 2.52637101e+01
 6.44000000e+02 1.80000000e+01 2.42272670e+01
 6.45000000e+02 1.80000000e+01 2.51908239e+01
 6.46000000e+02 1.80000000e+01 2.51543809e+01
 6.47000000e+02 1.80000000e+01 2.51179378e+01
 6.48000000e+02 1.80000000e+01 2.50814947e+01
 6.49000000e+02 1.80000000e+01 2.50450516e+01
 6.50000000e+02 1.80000000e+01 2.50086085e+01
 6.51000000e+02 1.80000000e+01 2.49721654e+01
 6.52000000e+02 1.80000000e+01 2.49357223e+01
 6.53000000e+02 1.80000000e+01 2.48992793e+01
 6.54000000e+02 1.80000000e+01 2.38628362e+01
 6.55000000e+02 1.80000000e+01 2.38263931e+01
 6.56000000e+02 1.80000000e+01 2.37899500e+01
 6.57000000e+02 1.80000000e+01 2.37535069e+01
 6.58000000e+02 1.80000000e+01 2.37170638e+01
 6.59000000e+02 1.80000000e+01 2.36806207e+01
 6.60000000e+02 1.80000000e+01 2.26441777e+01
 6.61000000e+02 1.80000000e+01 2.26077346e+01
 6.62000000e+02 1.80000000e+01 2.35712915e+01
 6.63000000e+02 1.80000000e+01 2.35348484e+01
 6.64000000e+02 1.80000000e+01 2.34984053e+01
 6.65000000e+02 1.80000000e+01 2.34619622e+01
 6.66000000e+02 1.80000000e+01 2.34255191e+01
 6.67000000e+02 1.80000000e+01 2.33890761e+01
 6.68000000e+02 1.80000000e+01 2.33526330e+01
 6.69000000e+02 1.80000000e+01 2.33161899e+01
 6.70000000e+02 1.80000000e+01 2.32797468e+01
 6.71000000e+02 1.80000000e+01 2.42433037e+01
 6.72000000e+02 1.80000000e+01 2.42068606e+01
 6.73000000e+02 1.80000000e+01 2.51704175e+01
 6.74000000e+02 1.80000000e+01 2.51339745e+01
 6.75000000e+02 1.80000000e+01 2.50975314e+01
 6.76000000e+02 1.80000000e+01 2.50610883e+01
 6.77000000e+02 1.80000000e+01 2.60246452e+01
 6.78000000e+02 1.80000000e+01 2.69882021e+01
 6.79000000e+02 1.80000000e+01 2.69517590e+01
 6.80000000e+02 1.80000000e+01 2.69153159e+01
 6.81000000e+02 1.80000000e+01 2.68788729e+01
 6.82000000e+02 1.80000000e+01 2.78424298e+01
 6.83000000e+02 1.80000000e+01 2.78059867e+01
 6.84000000e+02 1.80000000e+01 2.77695436e+01
 6.85000000e+02 1.80000000e+01 2.77331005e+01
 6.86000000e+02 1.80000000e+01 2.76966574e+01
 6.87000000e+02 1.80000000e+01 2.76602143e+01
 6.88000000e+02 1.80000000e+01 2.76237713e+01
 6.89000000e+02 1.80000000e+01 2.75873282e+01
 6.90000000e+02 1.80000000e+01 2.75508851e+01
 6.91000000e+02 1.80000000e+01 2.75144420e+01
 6.92000000e+02 1.80000000e+01 2.74779989e+01
 6.93000000e+02 1.80000000e+01 2.84415558e+01
 6.94000000e+02 1.80000000e+01 2.84051127e+01
 6.95000000e+02 1.80000000e+01 2.83686697e+01
 6.96000000e+02 1.80000000e+01 2.83322266e+01
 6.97000000e+02 1.80000000e+01 2.82957835e+01
 6.98000000e+02 1.80000000e+01 2.92593404e+01
 6.99000000e+02 1.80000000e+01 2.92228973e+01
 7.00000000e+02 1.80000000e+01 2.91864542e+01
 7.01000000e+02 1.80000000e+01 2.91500111e+01
 7.02000000e+02 1.80000000e+01 2.91135680e+01
 7.03000000e+02 1.80000000e+01 2.90771250e+01
 7.04000000e+02 1.80000000e+01 2.90406819e+01
 7.05000000e+02 1.80000000e+01 2.90042388e+01
 7.06000000e+02 1.80000000e+01 2.89677957e+01
 7.07000000e+02 1.80000000e+01 2.99313526e+01
 7.08000000e+02 1.80000000e+01 2.98949095e+01
 7.09000000e+02 1.80000000e+01 2.98584664e+01
 7.10000000e+02 1.80000000e+01 2.98220234e+01
 7.11000000e+02 1.80000000e+01 3.07855803e+01
 7.12000000e+02 1.80000000e+01 3.07491372e+01
 7.13000000e+02 1.80000000e+01 3.07126941e+01
 7.14000000e+02 1.80000000e+01 3.06762510e+01
 7.15000000e+02 1.80000000e+01 3.06398079e+01
 7.16000000e+02 1.80000000e+01 3.06033648e+01
 7.17000000e+02 1.80000000e+01 3.05669218e+01
 7.18000000e+02 1.80000000e+01 3.05304787e+01
 7.19000000e+02 1.80000000e+01 3.04940356e+01
 7.20000000e+02 1.80000000e+01 2.94575925e+01
 7.21000000e+02 1.80000000e+01 3.04211494e+01
 7.22000000e+02 1.80000000e+01 3.13847063e+01
 7.23000000e+02 1.80000000e+01 3.13482632e+01
 7.24000000e+02 1.80000000e+01 3.13118202e+01
 7.25000000e+02 1.80000000e+01 3.22753771e+01
 7.26000000e+02 1.80000000e+01 3.32389340e+01
 7.27000000e+02 1.80000000e+01 3.32024909e+01
 7.28000000e+02 1.80000000e+01 3.31660478e+01
 7.29000000e+02 1.80000000e+01 3.31296047e+01
 7.30000000e+02 1.80000000e+01 3.30931616e+01
 7.31000000e+02 1.80000000e+01 3.30567186e+01
 7.32000000e+02 1.80000000e+01 3.30202755e+01
 7.33000000e+02 1.80000000e+01 3.29838324e+01
 7.34000000e+02 1.80000000e+01 3.29473893e+01
 7.35000000e+02 1.80000000e+01 3.29109462e+01
 7.36000000e+02 1.80000000e+01 3.28745031e+01
 7.37000000e+02 1.80000000e+01 3.28380600e+01
 7.38000000e+02 1.80000000e+01 3.28016170e+01
 7.39000000e+02 1.80000000e+01 3.27651739e+01
 7.40000000e+02 1.80000000e+01 3.37287308e+01
 7.41000000e+02 1.80000000e+01 3.36922877e+01
 7.42000000e+02 1.80000000e+01 3.36558446e+01
 7.43000000e+02 1.80000000e+01 3.36194015e+01
 7.44000000e+02 1.80000000e+01 3.35829584e+01
 7.45000000e+02 1.80000000e+01 3.45465154e+01
 7.46000000e+02 1.80000000e+01 3.45100723e+01
 7.47000000e+02 1.80000000e+01 3.44736292e+01
 7.48000000e+02 1.80000000e+01 3.34371861e+01
 7.49000000e+02 1.80000000e+01 3.44007430e+01
 7.50000000e+02 1.80000000e+01 3.43642999e+01
 7.51000000e+02 1.80000000e+01 3.33278568e+01
 7.52000000e+02 1.80000000e+01 3.42914138e+01
 7.53000000e+02 1.80000000e+01 3.42549707e+01
 7.54000000e+02 1.80000000e+01 3.42185276e+01
 7.55000000e+02 1.80000000e+01 3.41820845e+01
 7.56000000e+02 1.80000000e+01 3.41456414e+01
 7.57000000e+02 1.80000000e+01 3.41091983e+01
 7.58000000e+02 1.80000000e+01 3.40727552e+01
 7.59000000e+02 1.80000000e+01 3.40363122e+01
 7.60000000e+02 1.80000000e+01 3.39998691e+01
 7.61000000e+02 1.80000000e+01 3.39634260e+01
 7.62000000e+02 1.80000000e+01 3.39269829e+01
 7.63000000e+02 1.80000000e+01 3.48905398e+01
 7.64000000e+02 1.80000000e+01 3.48540967e+01
