 1.00000000e+00 1.30000000e+01 3.47425168e+01
 2.00000000e+00 1.30000000e+01 3.47832657e+01
 3.00000000e+00 1.30000000e+01 3.48240146e+01
 4.00000000e+00 1.30000000e+01 3.48647635e+01
 5.00000000e+00 1.30000000e+01 3.59055124e+01
 6.00000000e+00 1.30000000e+01 3.49462613e+01
 7.00000000e+00 1.30000000e+01 3.49870102e+01
 8.00000000e+00 1.30000000e+01 3.40277591e+01
 9.00000000e+00 1.30000000e+01 3.40685080e+01
 1.00000000e+01 1.30000000e+01 3.51092569e+01
 1.10000000e+01 1.30000000e+01 3.51500058e+01
 1.20000000e+01 1.30000000e+01 3.51907547e+01
 1.30000000e+01 1.30000000e+01 3.42315036e+01
 1.40000000e+01 1.30000000e+01 3.42722525e+01
 1.50000000e+01 1.30000000e+01 3.43130014e+01
 1.60000000e+01 1.30000000e+01 3.53537503e+01
 1.70000000e+01 1.30000000e+01 3.53944992e+01
 1.80000000e+01 1.30000000e+01 3.54352481e+01
 1.90000000e+01 1.30000000e+01 3.54759971e+01
 2.00000000e+01 1.30000000e+01 3.55167460e+01
 2.10000000e+01 1.30000000e+01 3.55574949e+01
 2.20000000e+01 1.30000000e+01 3.45982438e+01
 2.30000000e+01 1.30000000e+01 3.46389927e+01
 2.40000000e+01 1.30000000e+01 3.36797416e+01
 2.50000000e+01 1.30000000e+01 3.37204905e+01
 2.60000000e+01 1.30000000e+01 3.37612394e+01
 2.70000000e+01 1.30000000e+01 3.38019883e+01
 2.80000000e+01 1.30000000e+01 3.38427372e+01
 2.90000000e+01 1.30000000e+01 3.48834861e+01
 3.00000000e+01 1.30000000e+01 3.49242350e+01
 3.10000000e+01 1.30000000e+01 3.39649839e+01
 3.20000000e+01 1.30000000e+01 3.40057328e+01
 3.30000000e+01 1.30000000e+01 3.40464817e+01
 3.40000000e+01 1.30000000e+01 3.40872306e+01
 3.50000000e+01 1.30000000e+01 3.51279795e+01
 3.60000000e+01 1.30000000e+01 3.51687284e+01
 3.70000000e+01 1.30000000e+01 3.52094773e+01
 3.80000000e+01 1.30000000e+01 3.52502262e+01
 3.90000000e+01 1.30000000e+01 3.52909751e+01
 4.00000000e+01 1.30000000e+01 3.53317240e+01
 4.10000000e+01 1.30000000e+01 3.53724729e+01
 4.20000000e+01 1.30000000e+01 3.54132218e+01
 4.30000000e+01 1.30000000e+01 3.54539707e+01
 4.40000000e+01 1.30000000e+01 3.44947196e+01
 4.50000000e+01 1.30000000e+01 3.55354686e+01
 4.60000000e+01 1.30000000e+01 3.55762175e+01
 4.70000000e+01 1.30000000e+01 3.46169664e+01
 4.80000000e+01 1.30000000e+01 3.56577153e+01
 4.90000000e+01 1.30000000e+01 3.56984642e+01
 5.00000000e+01 1.30000000e+01 3.57392131e+01
 5.10000000e+01 1.30000000e+01 3.47799620e+01
 5.20000000e+01 1.30000000e+01 3.48207109e+01
 5.30000000e+01 1.30000000e+01 3.48614598e+01
 5.40000000e+01 1.30000000e+01 3.49022087e+01
 5.50000000e+01 1.30000000e+01 3.49429576e+01
 5.60000000e+01 1.30000000e+01 3.49837065e+01
 5.70000000e+01 1.30000000e+01 3.50244554e+01
 5.80000000e+01 1.30000000e+01 3.50652043e+01
 5.90000000e+01 1.30000000e+01 3.41059532e+01
 6.00000000e+01 1.30000000e+01 3.41467021e+01
 6.10000000e+01 1.30000000e+01 3.51874510e+01
 6.20000000e+01 1.30000000e+01 3.52281999e+01
 6.30000000e+01 1.30000000e+01 3.52689488e+01
 6.40000000e+01 1.30000000e+01 3.43096977e+01
 6.50000000e+01 1.30000000e+01 3.43504466e+01
 6.60000000e+01 1.30000000e+01 3.43911955e+01
 6.70000000e+01 1.30000000e+01 3.44319444e+01
 6.80000000e+01 1.30000000e+01 3.44726933e+01
 6.90000000e+01 1.30000000e+01 3.45134422e+01
 7.00000000e+01 1.30000000e+01 3.45541911e+01
 7.10000000e+01 1.30000000e+01 3.45949401e+01
 7.20000000e+01 1.30000000e+01 3.46356890e+01
 7.30000000e+01 1.30000000e+01 3.56764379e+01
 7.40000000e+01 1.30000000e+01 3.57171868e+01
 7.50000000e+01 1.30000000e+01 3.47579357e+01
 7.60000000e+01 1.30000000e+01 3.47986846e+01
 7.70000000e+01 1.30000000e+01 3.58394335e+01
 7.80000000e+01 1.30000000e+01 3.58801824e+01
 7.90000000e+01 1.30000000e+01 3.59209313e+01
 8.00000000e+01 1.30000000e+01 3.59616802e+01
 8.10000000e+01 1.30000000e+01 3.60024291e+01
 8.20000000e+01 1.30000000e+01 3.60431780e+01
 8.30000000e+01 1.30000000e+01 3.50839269e+01
 8.40000000e+01 1.30000000e+01 3.51246758e+01
 8.50000000e+01 1.30000000e+01 3.51654247e+01
 8.60000000e+01 1.30000000e+01 3.62061736e+01
 8.70000000e+01 1.30000000e+01 3.62469225e+01
 8.80000000e+01 1.30000000e+01 3.62876714e+01
 8.90000000e+01 1.30000000e+01 3.63284203e+01
 9.00000000e+01 1.30000000e+01 3.63691692e+01
 9.10000000e+01 1.30000000e+01 3.64099181e+01
 9.20000000e+01 1.30000000e+01 3.64506670e+01
 9.30000000e+01 1.30000000e+01 3.64914159e+01
 9.40000000e+01 1.30000000e+01 3.65321648e+01
 9.50000000e+01 1.30000000e+01 3.55729137e+01
 9.60000000e+01 1.30000000e+01 3.56136626e+01
 9.70000000e+01 1.30000000e+01 3.56544116e+01
 9.80000000e+01 1.30000000e+01 3.56951605e+01
 9.90000000e+01 1.30000000e+01 3.67359094e+01
 1.00000000e+02 1.30000000e+01 3.67766583e+01
 1.01000000e+02 1.30000000e+01 3.58174072e+01
 1.02000000e+02 1.30000000e+01 3.58581561e+01
 1.03000000e+02 1.30000000e+01 3.58989050e+01
 1.04000000e+02 1.30000000e+01 3.59396539e+01
 1.05000000e+02 1.30000000e+01 3.59804028e+01
 1.06000000e+02 1.30000000e+01 3.60211517e+01
 1.07000000e+02 1.30000000e+01 3.60619006e+01
 1.08000000e+02 1.30000000e+01 3.51026495e+01
 1.09000000e+02 1.30000000e+01 3.51433984e+01
 1.10000000e+02 1.30000000e+01 3.51841473e+01
 1.11000000e+02 1.30000000e+01 3.52248962e+01
 1.12000000e+02 1.30000000e+01 3.52656451e+01
 1.13000000e+02 1.30000000e+01 3.53063940e+01
 1.14000000e+02 1.30000000e+01 3.43471429e+01
 1.15000000e+02 1.30000000e+01 3.53878918e+01
 1.16000000e+02 1.30000000e+01 3.54286407e+01
 1.17000000e+02 1.30000000e+01 3.54693896e+01
 1.18000000e+02 1.30000000e+01 3.55101385e+01
 1.19000000e+02 1.30000000e+01 3.35508874e+01
 1.20000000e+02 1.30000000e+01 3.35916363e+01
 1.21000000e+02 1.30000000e+01 3.36323852e+01
 1.22000000e+02 1.30000000e+01 3.36731341e+01
 1.23000000e+02 1.30000000e+01 3.27138831e+01
 1.24000000e+02 1.30000000e+01 3.27546320e+01
 1.25000000e+02 1.30000000e+01 3.27953809e+01
 1.26000000e+02 1.30000000e+01 3.38361298e+01
 1.27000000e+02 1.30000000e+01 3.38768787e+01
 1.28000000e+02 1.30000000e+01 3.59176276e+01
 1.29000000e+02 1.30000000e+01 3.59583765e+01
 1.30000000e+02 1.30000000e+01 3.69991254e+01
 1.31000000e+02 1.30000000e+01 3.70398743e+01
 1.32000000e+02 1.30000000e+01 3.70806232e+01
 1.33000000e+02 1.30000000e+01 3.71213721e+01
 1.34000000e+02 1.30000000e+01 3.61621210e+01
 1.35000000e+02 1.30000000e+01 3.62028699e+01
 1.36000000e+02 1.30000000e+01 3.62436188e+01
 1.37000000e+02 1.30000000e+01 3.62843677e+01
 1.38000000e+02 1.30000000e+01 3.63251166e+01
 1.39000000e+02 1.30000000e+01 3.63658655e+01
 1.40000000e+02 1.30000000e+01 3.64066144e+01
 1.41000000e+02 1.30000000e+01 3.64473633e+01
 1.42000000e+02 1.30000000e+01 3.64881122e+01
 1.43000000e+02 1.30000000e+01 3.65288611e+01
 1.44000000e+02 1.30000000e+01 3.65696100e+01
 1.45000000e+02 1.30000000e+01 3.66103589e+01
 1.46000000e+02 1.30000000e+01 3.76511078e+01
 1.47000000e+02 1.30000000e+01 3.86918567e+01
 1.48000000e+02 1.30000000e+01 3.87326056e+01
 1.49000000e+02 1.30000000e+01 3.87733546e+01
 1.50000000e+02 1.30000000e+01 3.88141035e+01
 1.51000000e+02 1.30000000e+01 3.78548524e+01
 1.52000000e+02 1.30000000e+01 3.78956013e+01
 1.53000000e+02 1.30000000e+01 3.79363502e+01
 1.54000000e+02 1.30000000e+01 3.69770991e+01
 1.55000000e+02 1.30000000e+01 3.70178480e+01
 1.56000000e+02 1.30000000e+01 3.70585969e+01
 1.57000000e+02 1.30000000e+01 3.70993458e+01
 1.58000000e+02 1.30000000e+01 3.71400947e+01
 1.59000000e+02 1.30000000e+01 3.71808436e+01
 1.60000000e+02 1.30000000e+01 3.72215925e+01
 1.94000000e+02 1.30000000e+01 3.26070552e+01
 1.95000000e+02 1.30000000e+01 3.26478041e+01
 1.96000000e+02 1.30000000e+01 3.26885530e+01
 1.97000000e+02 1.30000000e+01 3.27293019e+01
 1.98000000e+02 1.30000000e+01 3.37700508e+01
 1.99000000e+02 1.30000000e+01 3.28107997e+01
 2.00000000e+02 1.30000000e+01 3.28515486e+01
 2.01000000e+02 1.30000000e+01 3.38922976e+01
 2.02000000e+02 1.30000000e+01 3.39330465e+01
 2.03000000e+02 1.30000000e+01 3.39737954e+01
 2.04000000e+02 1.30000000e+01 3.40145443e+01
 2.05000000e+02 1.30000000e+01 3.50552932e+01
 2.06000000e+02 1.30000000e+01 3.60960421e+01
 2.07000000e+02 1.30000000e+01 3.71367910e+01
 2.08000000e+02 1.30000000e+01 3.71775399e+01
 2.09000000e+02 1.30000000e+01 3.82182888e+01
 2.10000000e+02 1.30000000e+01 4.02590377e+01
 2.11000000e+02 1.30000000e+01 4.12997866e+01
 2.12000000e+02 1.30000000e+01 4.13405355e+01
 2.13000000e+02 1.30000000e+01 4.23812844e+01
 2.14000000e+02 1.30000000e+01 4.34220333e+01
 2.15000000e+02 1.30000000e+01 4.34627822e+01
 2.16000000e+02 1.30000000e+01 4.35035311e+01
 2.17000000e+02 1.30000000e+01 4.35442800e+01
 2.18000000e+02 1.30000000e+01 4.25850289e+01
 2.19000000e+02 1.30000000e+01 4.36257778e+01
 2.20000000e+02 1.30000000e+01 4.36665267e+01
 2.21000000e+02 1.30000000e+01 4.37072756e+01
 2.22000000e+02 1.30000000e+01 4.37480245e+01
 2.23000000e+02 1.30000000e+01 4.37887734e+01
 2.24000000e+02 1.30000000e+01 4.38295223e+01
 2.25000000e+02 1.30000000e+01 4.38702712e+01
 2.26000000e+02 1.30000000e+01 4.29110201e+01
 2.27000000e+02 1.30000000e+01 4.29517691e+01
 2.28000000e+02 1.30000000e+01 4.29925180e+01
 2.29000000e+02 1.30000000e+01 4.40332669e+01
 2.30000000e+02 1.30000000e+01 4.40740158e+01
 2.31000000e+02 1.30000000e+01 4.31147647e+01
 2.32000000e+02 1.30000000e+01 4.31555136e+01
 2.33000000e+02 1.30000000e+01 4.31962625e+01
 2.34000000e+02 1.30000000e+01 4.32370114e+01
 2.35000000e+02 1.30000000e+01 4.32777603e+01
 2.36000000e+02 1.30000000e+01 4.43185092e+01
 2.37000000e+02 1.30000000e+01 4.43592581e+01
 2.38000000e+02 1.30000000e+01 4.44000070e+01
 2.39000000e+02 1.30000000e+01 4.44407559e+01
 2.40000000e+02 1.30000000e+01 4.44815048e+01
 2.41000000e+02 1.30000000e+01 4.55222537e+01
 2.42000000e+02 1.30000000e+01 4.55630026e+01
 2.43000000e+02 1.30000000e+01 4.56037515e+01
 2.44000000e+02 1.30000000e+01 4.56445004e+01
 2.45000000e+02 1.30000000e+01 4.56852493e+01
 2.46000000e+02 1.30000000e+01 4.57259982e+01
 2.47000000e+02 1.30000000e+01 4.57667471e+01
 2.48000000e+02 1.30000000e+01 4.58074960e+01
 2.49000000e+02 1.30000000e+01 4.58482449e+01
 2.50000000e+02 1.30000000e+01 4.58889938e+01
 2.51000000e+02 1.30000000e+01 4.49297427e+01
 2.52000000e+02 1.30000000e+01 4.49704916e+01
 2.53000000e+02 1.30000000e+01 4.50112406e+01
 2.54000000e+02 1.30000000e+01 4.40519895e+01
 2.55000000e+02 1.30000000e+01 4.40927384e+01
 2.56000000e+02 1.30000000e+01 4.41334873e+01
 2.57000000e+02 1.30000000e+01 4.41742362e+01
 2.58000000e+02 1.30000000e+01 4.52149851e+01
 2.59000000e+02 1.30000000e+01 4.52557340e+01
 2.60000000e+02 1.30000000e+01 4.42964829e+01
 2.61000000e+02 1.30000000e+01 4.33372318e+01
 2.62000000e+02 1.30000000e+01 4.23779807e+01
 2.63000000e+02 1.30000000e+01 4.24187296e+01
 2.64000000e+02 1.30000000e+01 4.24594785e+01
 2.65000000e+02 1.30000000e+01 4.15002274e+01
 2.66000000e+02 1.30000000e+01 4.05409763e+01
 2.67000000e+02 1.30000000e+01 3.95817252e+01
 2.68000000e+02 1.30000000e+01 3.76224741e+01
 2.69000000e+02 1.30000000e+01 3.66632230e+01
 2.70000000e+02 1.30000000e+01 3.67039719e+01
 2.71000000e+02 1.30000000e+01 3.57447208e+01
 2.72000000e+02 1.30000000e+01 3.57854697e+01
 2.73000000e+02 1.30000000e+01 3.58262186e+01
 2.74000000e+02 1.30000000e+01 3.48669675e+01
 2.75000000e+02 1.30000000e+01 3.49077164e+01
 2.76000000e+02 1.30000000e+01 3.49484653e+01
 2.77000000e+02 1.30000000e+01 3.39892142e+01
 2.78000000e+02 1.30000000e+01 3.40299631e+01
 2.79000000e+02 1.30000000e+01 3.30707121e+01
 2.80000000e+02 1.30000000e+01 3.31114610e+01
 2.81000000e+02 1.30000000e+01 3.31522099e+01
 2.82000000e+02 1.30000000e+01 3.31929588e+01
 2.83000000e+02 1.30000000e+01 3.22337077e+01
 2.84000000e+02 1.30000000e+01 3.12744566e+01
 2.85000000e+02 1.30000000e+01 3.13152055e+01
 2.86000000e+02 1.30000000e+01 3.13559544e+01
 2.87000000e+02 1.30000000e+01 3.13967033e+01
 2.88000000e+02 1.30000000e+01 3.04374522e+01
 2.89000000e+02 1.30000000e+01 3.04782011e+01
 2.90000000e+02 1.30000000e+01 3.05189500e+01
 2.91000000e+02 1.30000000e+01 3.05596989e+01
 2.92000000e+02 1.30000000e+01 3.06004478e+01
 2.93000000e+02 1.30000000e+01 3.06411967e+01
 2.94000000e+02 1.30000000e+01 3.06819456e+01
 2.95000000e+02 1.30000000e+01 3.07226945e+01
 2.96000000e+02 1.30000000e+01 2.97634434e+01
 2.97000000e+02 1.30000000e+01 2.98041923e+01
 2.98000000e+02 1.30000000e+01 2.98449412e+01
 2.99000000e+02 1.30000000e+01 2.98856901e+01
 3.00000000e+02 1.30000000e+01 2.89264390e+01
 3.01000000e+02 1.30000000e+01 2.89671879e+01
 3.02000000e+02 1.30000000e+01 2.90079368e+01
 3.03000000e+02 1.30000000e+01 2.90486857e+01
 3.04000000e+02 1.30000000e+01 2.90894346e+01
 3.05000000e+02 1.30000000e+01 2.81301836e+01
 3.06000000e+02 1.30000000e+01 2.81709325e+01
 3.07000000e+02 1.30000000e+01 2.82116814e+01
 3.08000000e+02 1.30000000e+01 2.72524303e+01
 3.09000000e+02 1.30000000e+01 2.62931792e+01
 3.10000000e+02 1.30000000e+01 2.53339281e+01
 3.11000000e+02 1.30000000e+01 2.13746770e+01
 3.12000000e+02 1.30000000e+01 1.94154259e+01
 3.13000000e+02 1.30000000e+01 1.94561748e+01
 3.14000000e+02 1.30000000e+01 2.04969237e+01
 3.15000000e+02 1.30000000e+01 1.95376726e+01
 3.16000000e+02 1.30000000e+01 2.05784215e+01
 3.17000000e+02 1.30000000e+01 2.26191704e+01
 3.18000000e+02 1.30000000e+01 2.26599193e+01
 3.19000000e+02 1.30000000e+01 2.37006682e+01
 3.20000000e+02 1.30000000e+01 2.37414171e+01
 3.21000000e+02 1.30000000e+01 2.27821660e+01
 3.22000000e+02 1.30000000e+01 2.28229149e+01
 3.23000000e+02 1.30000000e+01 2.18636638e+01
 3.24000000e+02 1.30000000e+01 2.09044127e+01
 3.25000000e+02 1.30000000e+01 1.69451616e+01
 3.26000000e+02 1.30000000e+01 1.79859105e+01
 3.27000000e+02 1.30000000e+01 1.90266594e+01
 3.28000000e+02 1.30000000e+01 2.20674083e+01
 3.29000000e+02 1.30000000e+01 2.21081572e+01
 3.30000000e+02 1.30000000e+01 2.41489061e+01
 3.31000000e+02 1.30000000e+01 2.31896551e+01
 3.32000000e+02 1.30000000e+01 2.12304040e+01
 3.33000000e+02 1.30000000e+01 2.92711529e+01
 3.34000000e+02 1.30000000e+01 3.13119018e+01
 3.35000000e+02 1.30000000e+01 3.23526507e+01
 3.36000000e+02 1.30000000e+01 3.33933996e+01
 3.37000000e+02 1.30000000e+01 3.44341485e+01
 3.38000000e+02 1.30000000e+01 2.74748974e+01
 3.39000000e+02 1.30000000e+01 2.85156463e+01
 3.40000000e+02 1.30000000e+01 2.45563952e+01
 3.41000000e+02 1.30000000e+01 2.35971441e+01
 3.42000000e+02 1.30000000e+01 2.26378930e+01
 3.43000000e+02 1.30000000e+01 2.26786419e+01
 3.44000000e+02 1.30000000e+01 2.67193908e+01
 3.45000000e+02 1.30000000e+01 2.97601397e+01
 3.46000000e+02 1.30000000e+01 3.38008886e+01
 3.47000000e+02 1.30000000e+01 2.88416375e+01
 3.48000000e+02 1.30000000e+01 2.98823864e+01
 3.49000000e+02 1.30000000e+01 3.39231353e+01
 3.50000000e+02 1.30000000e+01 3.59638842e+01
 3.51000000e+02 1.30000000e+01 3.80046331e+01
 3.52000000e+02 1.30000000e+01 4.00453820e+01
 3.53000000e+02 1.30000000e+01 4.20861309e+01
 3.54000000e+02 1.30000000e+01 4.41268798e+01
 3.55000000e+02 1.30000000e+01 4.71676287e+01
 3.56000000e+02 1.30000000e+01 5.02083776e+01
 3.57000000e+02 1.30000000e+01 5.02491266e+01
 3.58000000e+02 1.30000000e+01 5.02898755e+01
 3.59000000e+02 1.30000000e+01 5.23306244e+01
 3.60000000e+02 1.30000000e+01 5.13713733e+01
 3.61000000e+02 1.30000000e+01 5.14121222e+01
 3.62000000e+02 1.30000000e+01 5.14528711e+01
 3.63000000e+02 1.30000000e+01 5.04936200e+01
 3.64000000e+02 1.30000000e+01 5.05343689e+01
 3.65000000e+02 1.30000000e+01 5.05751178e+01
 3.66000000e+02 1.30000000e+01 4.96158667e+01
 3.67000000e+02 1.30000000e+01 4.96566156e+01
 3.68000000e+02 1.30000000e+01 4.96973645e+01
 3.69000000e+02 1.30000000e+01 4.97381134e+01
 3.70000000e+02 1.30000000e+01 4.77788623e+01
 3.71000000e+02 1.30000000e+01 4.78196112e+01
 3.72000000e+02 1.30000000e+01 4.78603601e+01
 3.73000000e+02 1.30000000e+01 4.79011090e+01
 3.74000000e+02 1.30000000e+01 4.79418579e+01
 3.75000000e+02 1.30000000e+01 4.59826068e+01
 3.76000000e+02 1.30000000e+01 4.60233557e+01
 3.77000000e+02 1.30000000e+01 4.60641046e+01
 3.78000000e+02 1.30000000e+01 4.61048535e+01
 3.79000000e+02 1.30000000e+01 4.61456024e+01
 3.80000000e+02 1.30000000e+01 4.61863513e+01
 3.81000000e+02 1.30000000e+01 4.52271002e+01
 3.82000000e+02 1.30000000e+01 4.52678491e+01
 3.83000000e+02 1.30000000e+01 4.53085981e+01
 3.84000000e+02 1.30000000e+01 4.63493470e+01
 3.85000000e+02 1.30000000e+01 4.63900959e+01
 3.86000000e+02 1.30000000e+01 4.64308448e+01
 3.87000000e+02 1.30000000e+01 4.54715937e+01
 3.88000000e+02 1.30000000e+01 4.55123426e+01
 3.89000000e+02 1.30000000e+01 4.55530915e+01
 3.90000000e+02 1.30000000e+01 4.55938404e+01
 3.91000000e+02 1.30000000e+01 4.56345893e+01
 3.92000000e+02 1.30000000e+01 4.56753382e+01
 3.93000000e+02 1.30000000e+01 4.57160871e+01
 3.94000000e+02 1.30000000e+01 4.57568360e+01
 3.95000000e+02 1.30000000e+01 4.57975849e+01
 3.96000000e+02 1.30000000e+01 4.68383338e+01
 3.97000000e+02 1.30000000e+01 4.78790827e+01
 3.98000000e+02 1.30000000e+01 4.69198316e+01
 3.99000000e+02 1.30000000e+01 4.69605805e+01
 4.00000000e+02 1.30000000e+01 4.70013294e+01
 4.01000000e+02 1.30000000e+01 4.60420783e+01
 4.02000000e+02 1.30000000e+01 4.60828272e+01
 4.03000000e+02 1.30000000e+01 4.61235761e+01
 4.04000000e+02 1.30000000e+01 4.61643250e+01
 4.07000000e+02 1.30000000e+01 5.02865717e+01
 4.08000000e+02 1.30000000e+01 5.03273206e+01
 4.09000000e+02 1.30000000e+01 5.03680696e+01
 4.10000000e+02 1.30000000e+01 4.94088185e+01
 4.11000000e+02 1.30000000e+01 4.94495674e+01
 4.12000000e+02 1.30000000e+01 5.04903163e+01
 4.13000000e+02 1.30000000e+01 4.95310652e+01
 4.14000000e+02 1.30000000e+01 4.95718141e+01
 4.15000000e+02 1.30000000e+01 4.96125630e+01
 4.16000000e+02 1.30000000e+01 4.96533119e+01
 4.17000000e+02 1.30000000e+01 4.96940608e+01
 4.18000000e+02 1.30000000e+01 4.97348097e+01
 4.19000000e+02 1.30000000e+01 5.07755586e+01
 4.20000000e+02 1.30000000e+01 5.18163075e+01
 4.21000000e+02 1.30000000e+01 5.18570564e+01
 4.22000000e+02 1.30000000e+01 5.18978053e+01
 4.23000000e+02 1.30000000e+01 5.59385542e+01
 4.24000000e+02 1.30000000e+01 5.59793031e+01
 4.25000000e+02 1.30000000e+01 5.70200520e+01
 4.26000000e+02 1.30000000e+01 5.70608009e+01
 4.27000000e+02 1.30000000e+01 5.61015498e+01
 4.28000000e+02 1.30000000e+01 5.61422987e+01
 4.29000000e+02 1.30000000e+01 5.71830476e+01
 4.30000000e+02 1.30000000e+01 5.42237965e+01
 4.31000000e+02 1.30000000e+01 5.42645454e+01
 4.32000000e+02 1.30000000e+01 5.33052943e+01
 4.33000000e+02 1.30000000e+01 5.33460432e+01
 4.34000000e+02 1.30000000e+01 5.43867921e+01
 4.35000000e+02 1.30000000e+01 5.44275411e+01
 4.36000000e+02 1.30000000e+01 5.44682900e+01
 4.37000000e+02 1.30000000e+01 5.45090389e+01
 4.38000000e+02 1.30000000e+01 5.45497878e+01
 4.39000000e+02 1.30000000e+01 5.55905367e+01
 4.40000000e+02 1.30000000e+01 5.56312856e+01
 4.41000000e+02 1.30000000e+01 5.56720345e+01
 4.42000000e+02 1.30000000e+01 5.57127834e+01
 4.43000000e+02 1.30000000e+01 5.67535323e+01
 4.44000000e+02 1.30000000e+01 5.67942812e+01
 4.45000000e+02 1.30000000e+01 5.58350301e+01
 4.46000000e+02 1.30000000e+01 5.58757790e+01
 4.47000000e+02 1.30000000e+01 5.39165279e+01
 4.48000000e+02 1.30000000e+01 5.39572768e+01
 4.49000000e+02 1.30000000e+01 5.29980257e+01
 4.50000000e+02 1.30000000e+01 5.30387746e+01
 4.51000000e+02 1.30000000e+01 5.30795235e+01
 4.52000000e+02 1.30000000e+01 5.31202724e+01
 4.53000000e+02 1.30000000e+01 5.31610213e+01
 4.54000000e+02 1.30000000e+01 5.32017702e+01
 4.55000000e+02 1.30000000e+01 5.22425191e+01
 4.56000000e+02 1.30000000e+01 5.22832680e+01
 4.57000000e+02 1.30000000e+01 5.23240169e+01
 4.58000000e+02 1.30000000e+01 5.23647658e+01
 4.59000000e+02 1.30000000e+01 5.24055147e+01
 4.60000000e+02 1.30000000e+01 5.24462636e+01
 4.61000000e+02 1.30000000e+01 5.24870125e+01
 4.62000000e+02 1.30000000e+01 5.25277615e+01
 4.63000000e+02 1.30000000e+01 5.25685104e+01
 4.64000000e+02 1.30000000e+01 5.26092593e+01
 4.65000000e+02 1.30000000e+01 5.16500082e+01
 4.66000000e+02 1.30000000e+01 5.16907571e+01
 4.67000000e+02 1.30000000e+01 5.17315060e+01
 4.68000000e+02 1.30000000e+01 6.47722549e+01
 4.69000000e+02 1.30000000e+01 6.48130038e+01
 4.70000000e+02 1.30000000e+01 6.38537527e+01
 4.71000000e+02 1.30000000e+01 6.28945016e+01
 4.72000000e+02 1.30000000e+01 6.49352505e+01
 4.73000000e+02 1.30000000e+01 6.49759994e+01
 4.74000000e+02 1.30000000e+01 6.60167483e+01
 4.75000000e+02 1.30000000e+01 6.60574972e+01
 4.76000000e+02 1.30000000e+01 6.50982461e+01
 4.77000000e+02 1.30000000e+01 6.51389950e+01
 4.78000000e+02 1.30000000e+01 6.61797439e+01
 4.79000000e+02 1.30000000e+01 6.62204928e+01
 4.80000000e+02 1.30000000e+01 6.52612417e+01
 4.81000000e+02 1.30000000e+01 6.53019906e+01
 4.82000000e+02 1.30000000e+01 6.73427395e+01
 4.83000000e+02 1.30000000e+01 6.73834884e+01
 4.84000000e+02 1.30000000e+01 6.74242373e+01
 4.85000000e+02 1.30000000e+01 6.84649862e+01
 4.86000000e+02 1.30000000e+01 6.75057351e+01
 4.87000000e+02 1.30000000e+01 6.75464840e+01
 4.88000000e+02 1.30000000e+01 6.85872330e+01
 4.89000000e+02 1.30000000e+01 6.96279819e+01
 4.90000000e+02 1.30000000e+01 6.86687308e+01
 4.91000000e+02 1.30000000e+01 6.87094797e+01
 4.92000000e+02 1.30000000e+01 6.87502286e+01
 4.93000000e+02 1.30000000e+01 6.87909775e+01
 4.94000000e+02 1.30000000e+01 6.88317264e+01
 4.95000000e+02 1.30000000e+01 6.98724753e+01
 4.96000000e+02 1.30000000e+01 6.99132242e+01
 4.97000000e+02 1.30000000e+01 6.99539731e+01
 4.98000000e+02 1.30000000e+01 6.99947220e+01
 4.99000000e+02 1.30000000e+01 7.00354709e+01
 5.00000000e+02 1.30000000e+01 7.00762198e+01
 5.01000000e+02 1.30000000e+01 7.01169687e+01
 5.02000000e+02 1.30000000e+01 7.01577176e+01
 5.03000000e+02 1.30000000e+01 7.01984665e+01
 5.04000000e+02 1.30000000e+01 6.92392154e+01
 5.05000000e+02 1.30000000e+01 7.02799643e+01
 5.06000000e+02 1.30000000e+01 7.03207132e+01
 5.07000000e+02 1.30000000e+01 7.03614621e+01
 5.08000000e+02 1.30000000e+01 7.04022110e+01
 5.09000000e+02 1.30000000e+01 7.04429599e+01
 5.10000000e+02 1.30000000e+01 7.14837088e+01
 5.11000000e+02 1.30000000e+01 7.15244577e+01
 5.12000000e+02 1.30000000e+01 7.15652066e+01
 5.13000000e+02 1.30000000e+01 7.16059555e+01
 5.14000000e+02 1.30000000e+01 7.26467045e+01
 5.15000000e+02 1.30000000e+01 7.26874534e+01
 5.16000000e+02 1.30000000e+01 7.37282023e+01
 5.17000000e+02 1.30000000e+01 7.37689512e+01
 5.18000000e+02 1.30000000e+01 7.38097001e+01
 5.19000000e+02 1.30000000e+01 7.48504490e+01
 5.20000000e+02 1.30000000e+01 7.48911979e+01
 5.21000000e+02 1.30000000e+01 7.49319468e+01
 5.22000000e+02 1.30000000e+01 7.49726957e+01
 5.23000000e+02 1.30000000e+01 7.50134446e+01
 5.24000000e+02 1.30000000e+01 7.40541935e+01
 5.25000000e+02 1.30000000e+01 7.40949424e+01
 5.26000000e+02 1.30000000e+01 7.41356913e+01
 5.27000000e+02 1.30000000e+01 7.51764402e+01
 5.28000000e+02 1.30000000e+01 7.42171891e+01
 5.29000000e+02 1.30000000e+01 7.52579380e+01
 5.30000000e+02 1.30000000e+01 7.52986869e+01
 5.31000000e+02 1.30000000e+01 7.63394358e+01
 5.32000000e+02 1.30000000e+01 7.63801847e+01
 5.33000000e+02 1.30000000e+01 7.64209336e+01
 5.34000000e+02 1.30000000e+01 7.64616825e+01
 5.35000000e+02 1.30000000e+01 7.65024314e+01
 5.36000000e+02 1.30000000e+01 7.65431803e+01
 5.37000000e+02 1.30000000e+01 7.65839292e+01
 5.38000000e+02 1.30000000e+01 7.56246781e+01
 5.39000000e+02 1.30000000e+01 7.56654270e+01
 5.40000000e+02 1.30000000e+01 7.57061760e+01
 5.41000000e+02 1.30000000e+01 7.67469249e+01
 5.42000000e+02 1.30000000e+01 7.77876738e+01
 5.43000000e+02 1.30000000e+01 7.78284227e+01
 5.44000000e+02 1.30000000e+01 7.68691716e+01
 5.45000000e+02 1.30000000e+01 7.69099205e+01
 5.46000000e+02 1.30000000e+01 7.69506694e+01
 5.47000000e+02 1.30000000e+01 7.79914183e+01
 5.48000000e+02 1.30000000e+01 7.80321672e+01
 5.49000000e+02 1.30000000e+01 7.80729161e+01
 5.50000000e+02 1.30000000e+01 7.81136650e+01
 5.51000000e+02 1.30000000e+01 7.91544139e+01
 5.52000000e+02 1.30000000e+01 7.91951628e+01
 5.53000000e+02 1.30000000e+01 8.02359117e+01
 5.54000000e+02 1.30000000e+01 8.02766606e+01
 5.55000000e+02 1.30000000e+01 8.03174095e+01
 5.56000000e+02 1.30000000e+01 8.03581584e+01
 5.57000000e+02 1.30000000e+01 8.03989073e+01
 5.58000000e+02 1.30000000e+01 8.04396562e+01
 5.59000000e+02 1.30000000e+01 8.04804051e+01
 5.60000000e+02 1.30000000e+01 8.05211540e+01
 5.61000000e+02 1.30000000e+01 8.05619029e+01
 5.62000000e+02 1.30000000e+01 8.16026518e+01
 5.63000000e+02 1.30000000e+01 8.06434007e+01
 5.64000000e+02 1.30000000e+01 8.06841496e+01
 5.65000000e+02 1.30000000e+01 8.07248985e+01
 5.66000000e+02 1.30000000e+01 8.27656475e+01
 5.67000000e+02 1.30000000e+01 8.28063964e+01
 5.68000000e+02 1.30000000e+01 8.18471453e+01
 5.69000000e+02 1.30000000e+01 8.18878942e+01
 5.70000000e+02 1.30000000e+01 8.19286431e+01
 5.71000000e+02 1.30000000e+01 8.19693920e+01
 5.72000000e+02 1.30000000e+01 8.20101409e+01
 5.73000000e+02 1.30000000e+01 8.20508898e+01
 5.74000000e+02 1.30000000e+01 8.20916387e+01
 5.75000000e+02 1.30000000e+01 8.21323876e+01
 5.76000000e+02 1.30000000e+01 8.21731365e+01
 5.77000000e+02 1.30000000e+01 8.22138854e+01
 5.78000000e+02 1.30000000e+01 8.12546343e+01
 5.79000000e+02 1.30000000e+01 8.12953832e+01
 5.80000000e+02 1.30000000e+01 8.13361321e+01
 5.81000000e+02 1.30000000e+01 8.23768810e+01
 5.82000000e+02 1.30000000e+01 8.34176299e+01
 5.83000000e+02 1.30000000e+01 8.34583788e+01
 5.84000000e+02 1.30000000e+01 8.34991277e+01
 5.85000000e+02 1.30000000e+01 8.45398766e+01
 5.86000000e+02 1.30000000e+01 8.45806255e+01
 5.87000000e+02 1.30000000e+01 8.46213744e+01
 5.88000000e+02 1.30000000e+01 8.46621233e+01
 5.89000000e+02 1.30000000e+01 8.57028722e+01
 5.90000000e+02 1.30000000e+01 8.57436211e+01
 5.91000000e+02 1.30000000e+01 8.57843700e+01
 5.92000000e+02 1.30000000e+01 8.68251190e+01
 5.93000000e+02 1.30000000e+01 8.68658679e+01
 5.94000000e+02 1.30000000e+01 8.59066168e+01
 5.95000000e+02 1.30000000e+01 8.59473657e+01
 5.96000000e+02 1.30000000e+01 8.59881146e+01
 5.97000000e+02 1.30000000e+01 8.60288635e+01
 5.98000000e+02 1.30000000e+01 8.60696124e+01
 5.99000000e+02 1.30000000e+01 8.61103613e+01
 6.00000000e+02 1.30000000e+01 8.61511102e+01
 6.01000000e+02 1.30000000e+01 8.51918591e+01
 6.02000000e+02 1.30000000e+01 8.72326080e+01
 6.03000000e+02 1.30000000e+01 8.82733569e+01
 6.04000000e+02 1.30000000e+01 8.73141058e+01
 6.05000000e+02 1.30000000e+01 8.73548547e+01
 6.06000000e+02 1.30000000e+01 8.63956036e+01
 6.07000000e+02 1.30000000e+01 8.64363525e+01
 6.08000000e+02 1.30000000e+01 8.64771014e+01
 6.09000000e+02 1.30000000e+01 8.65178503e+01
 6.10000000e+02 1.30000000e+01 8.65585992e+01
 6.11000000e+02 1.30000000e+01 8.65993481e+01
 6.12000000e+02 1.30000000e+01 8.66400970e+01
 6.13000000e+02 1.30000000e+01 8.56808459e+01
 6.20000000e+02 1.30000000e+01 8.69660883e+01
 6.21000000e+02 1.30000000e+01 8.70068372e+01
 6.22000000e+02 1.30000000e+01 8.60475861e+01
 6.23000000e+02 1.30000000e+01 8.60883350e+01
 6.24000000e+02 1.30000000e+01 8.61290839e+01
 6.25000000e+02 1.30000000e+01 8.61698328e+01
 6.26000000e+02 1.30000000e+01 8.62105817e+01
 6.27000000e+02 1.30000000e+01 8.62513306e+01
 6.28000000e+02 1.30000000e+01 8.62920795e+01
 6.29000000e+02 1.30000000e+01 8.63328284e+01
 6.30000000e+02 1.30000000e+01 8.63735773e+01
 6.31000000e+02 1.30000000e+01 8.64143262e+01
 6.32000000e+02 1.30000000e+01 8.64550751e+01
 6.33000000e+02 1.30000000e+01 8.74958240e+01
 6.34000000e+02 1.30000000e+01 8.75365729e+01
 6.35000000e+02 1.30000000e+01 8.75773218e+01
 6.36000000e+02 1.30000000e+01 8.76180707e+01
 6.37000000e+02 1.30000000e+01 8.76588196e+01
 6.38000000e+02 1.30000000e+01 8.86995685e+01
 6.39000000e+02 1.30000000e+01 8.87403174e+01
 6.40000000e+02 1.30000000e+01 8.97810663e+01
 6.47000000e+02 1.30000000e+01 8.80663087e+01
 6.48000000e+02 1.30000000e+01 8.81070576e+01
 6.49000000e+02 1.30000000e+01 8.81478065e+01
 6.50000000e+02 1.30000000e+01 8.71885554e+01
 6.51000000e+02 1.30000000e+01 8.82293043e+01
 6.52000000e+02 1.30000000e+01 8.82700532e+01
 6.53000000e+02 1.30000000e+01 8.83108021e+01
 6.54000000e+02 1.30000000e+01 8.83515510e+01
 6.55000000e+02 1.30000000e+01 8.73922999e+01
 6.56000000e+02 1.30000000e+01 8.74330488e+01
 6.57000000e+02 1.30000000e+01 8.74737977e+01
 6.58000000e+02 1.30000000e+01 8.75145466e+01
 6.59000000e+02 1.30000000e+01 8.75552955e+01
 6.60000000e+02 1.30000000e+01 8.65960444e+01
 6.61000000e+02 1.30000000e+01 8.66367933e+01
 6.62000000e+02 1.30000000e+01 8.76775422e+01
 6.63000000e+02 1.30000000e+01 8.77182911e+01
 6.64000000e+02 1.30000000e+01 8.67590400e+01
 6.65000000e+02 1.30000000e+01 8.67997889e+01
 6.66000000e+02 1.30000000e+01 8.78405378e+01
 6.67000000e+02 1.30000000e+01 8.88812867e+01
 6.68000000e+02 1.30000000e+01 8.89220356e+01
 6.69000000e+02 1.30000000e+01 8.89627845e+01
 6.70000000e+02 1.30000000e+01 8.90035335e+01
 6.71000000e+02 1.30000000e+01 8.90442824e+01
 6.72000000e+02 1.30000000e+01 8.90850313e+01
 6.73000000e+02 1.30000000e+01 8.91257802e+01
 6.74000000e+02 1.30000000e+01 8.91665291e+01
 6.75000000e+02 1.30000000e+01 8.92072780e+01
 6.76000000e+02 1.30000000e+01 8.92480269e+01
 6.77000000e+02 1.30000000e+01 8.92887758e+01
 6.78000000e+02 1.30000000e+01 8.93295247e+01
 6.79000000e+02 1.30000000e+01 8.93702736e+01
 6.80000000e+02 1.30000000e+01 8.94110225e+01
 6.81000000e+02 1.30000000e+01 8.94517714e+01
 6.82000000e+02 1.30000000e+01 9.04925203e+01
 6.83000000e+02 1.30000000e+01 9.05332692e+01
 6.84000000e+02 1.30000000e+01 9.05740181e+01
 6.85000000e+02 1.30000000e+01 9.06147670e+01
 6.86000000e+02 1.30000000e+01 9.16555159e+01
 6.87000000e+02 1.30000000e+01 9.16962648e+01
 6.88000000e+02 1.30000000e+01 9.17370137e+01
 6.89000000e+02 1.30000000e+01 9.27777626e+01
 6.90000000e+02 1.30000000e+01 9.28185115e+01
 6.91000000e+02 1.30000000e+01 9.38592604e+01
 6.92000000e+02 1.30000000e+01 9.39000093e+01
 7.33000000e+02 1.30000000e+01 9.35707144e+01
 7.34000000e+02 1.30000000e+01 9.36114633e+01
 7.35000000e+02 1.30000000e+01 9.36522122e+01
 7.36000000e+02 1.30000000e+01 9.26929611e+01
 7.37000000e+02 1.30000000e+01 9.37337100e+01
 7.38000000e+02 1.30000000e+01 9.47744589e+01
 7.39000000e+02 1.30000000e+01 9.38152078e+01
 7.40000000e+02 1.30000000e+01 9.38559567e+01
 7.41000000e+02 1.30000000e+01 9.38967056e+01
 7.42000000e+02 1.30000000e+01 9.39374545e+01
 7.43000000e+02 1.30000000e+01 9.49782034e+01
 7.44000000e+02 1.30000000e+01 9.50189523e+01
 7.45000000e+02 1.30000000e+01 9.60597012e+01
 7.46000000e+02 1.30000000e+01 9.71004501e+01
 7.47000000e+02 1.30000000e+01 9.61411990e+01
 7.48000000e+02 1.30000000e+01 9.41819480e+01
 7.49000000e+02 1.30000000e+01 9.42226969e+01
 7.50000000e+02 1.30000000e+01 9.42634458e+01
 7.51000000e+02 1.30000000e+01 9.63041947e+01
