 1.00000000e+00 9.00000000e+00 3.97425168e+01
 2.00000000e+00 9.00000000e+00 3.97832657e+01
 3.00000000e+00 9.00000000e+00 3.98240146e+01
 4.00000000e+00 9.00000000e+00 3.88647635e+01
 5.00000000e+00 9.00000000e+00 3.89055124e+01
 6.00000000e+00 9.00000000e+00 3.89462613e+01
 7.00000000e+00 9.00000000e+00 3.99870102e+01
 8.00000000e+00 9.00000000e+00 3.90277591e+01
 9.00000000e+00 9.00000000e+00 4.00685080e+01
 1.00000000e+01 9.00000000e+00 4.01092569e+01
 1.10000000e+01 9.00000000e+00 4.11500058e+01
 1.20000000e+01 9.00000000e+00 4.11907547e+01
 1.30000000e+01 9.00000000e+00 4.02315036e+01
 1.40000000e+01 9.00000000e+00 4.02722525e+01
 1.50000000e+01 9.00000000e+00 4.03130014e+01
 1.60000000e+01 9.00000000e+00 4.03537503e+01
 1.70000000e+01 9.00000000e+00 4.03944992e+01
 1.80000000e+01 9.00000000e+00 3.94352481e+01
 1.90000000e+01 9.00000000e+00 3.94759971e+01
 2.00000000e+01 9.00000000e+00 3.95167460e+01
 2.10000000e+01 9.00000000e+00 3.95574949e+01
 2.20000000e+01 9.00000000e+00 3.95982438e+01
 2.30000000e+01 9.00000000e+00 3.96389927e+01
 2.40000000e+01 9.00000000e+00 3.96797416e+01
 2.50000000e+01 9.00000000e+00 3.97204905e+01
 2.60000000e+01 9.00000000e+00 3.97612394e+01
 2.70000000e+01 9.00000000e+00 4.08019883e+01
 2.80000000e+01 9.00000000e+00 3.98427372e+01
 2.90000000e+01 9.00000000e+00 3.98834861e+01
 3.00000000e+01 9.00000000e+00 3.99242350e+01
 3.10000000e+01 9.00000000e+00 3.99649839e+01
 3.20000000e+01 9.00000000e+00 4.00057328e+01
 3.30000000e+01 9.00000000e+00 4.00464817e+01
 3.40000000e+01 9.00000000e+00 4.00872306e+01
 3.50000000e+01 9.00000000e+00 4.01279795e+01
 3.60000000e+01 9.00000000e+00 4.01687284e+01
 3.70000000e+01 9.00000000e+00 4.02094773e+01
 3.80000000e+01 9.00000000e+00 4.02502262e+01
 3.90000000e+01 9.00000000e+00 4.02909751e+01
 4.00000000e+01 9.00000000e+00 4.03317240e+01
 4.10000000e+01 9.00000000e+00 4.13724729e+01
 4.20000000e+01 9.00000000e+00 4.14132218e+01
 4.30000000e+01 9.00000000e+00 4.14539707e+01
 4.40000000e+01 9.00000000e+00 4.14947196e+01
 4.50000000e+01 9.00000000e+00 4.15354686e+01
 4.60000000e+01 9.00000000e+00 4.15762175e+01
 4.70000000e+01 9.00000000e+00 4.16169664e+01
 4.80000000e+01 9.00000000e+00 4.06577153e+01
 4.90000000e+01 9.00000000e+00 4.06984642e+01
 5.00000000e+01 9.00000000e+00 4.07392131e+01
 5.10000000e+01 9.00000000e+00 4.07799620e+01
 5.20000000e+01 9.00000000e+00 4.08207109e+01
 5.30000000e+01 9.00000000e+00 4.08614598e+01
 5.40000000e+01 9.00000000e+00 4.09022087e+01
 5.50000000e+01 9.00000000e+00 4.19429576e+01
 5.60000000e+01 9.00000000e+00 4.09837065e+01
 5.70000000e+01 9.00000000e+00 4.10244554e+01
 5.80000000e+01 9.00000000e+00 4.10652043e+01
 5.90000000e+01 9.00000000e+00 4.11059532e+01
 6.00000000e+01 9.00000000e+00 4.01467021e+01
 6.10000000e+01 9.00000000e+00 4.01874510e+01
 6.20000000e+01 9.00000000e+00 4.12281999e+01
 6.30000000e+01 9.00000000e+00 4.02689488e+01
 6.40000000e+01 9.00000000e+00 4.03096977e+01
 6.50000000e+01 9.00000000e+00 4.03504466e+01
 6.60000000e+01 9.00000000e+00 3.93911955e+01
 6.70000000e+01 9.00000000e+00 3.94319444e+01
 6.80000000e+01 9.00000000e+00 3.94726933e+01
 6.90000000e+01 9.00000000e+00 3.95134422e+01
 7.00000000e+01 9.00000000e+00 4.05541911e+01
 7.10000000e+01 9.00000000e+00 4.05949401e+01
 7.20000000e+01 9.00000000e+00 4.06356890e+01
 7.30000000e+01 9.00000000e+00 4.06764379e+01
 7.40000000e+01 9.00000000e+00 4.17171868e+01
 7.50000000e+01 9.00000000e+00 4.17579357e+01
 7.60000000e+01 9.00000000e+00 4.07986846e+01
 7.70000000e+01 9.00000000e+00 4.08394335e+01
 7.80000000e+01 9.00000000e+00 4.08801824e+01
 7.90000000e+01 9.00000000e+00 3.99209313e+01
 8.00000000e+01 9.00000000e+00 4.09616802e+01
 8.10000000e+01 9.00000000e+00 4.10024291e+01
 8.20000000e+01 9.00000000e+00 4.00431780e+01
 8.30000000e+01 9.00000000e+00 4.10839269e+01
 8.40000000e+01 9.00000000e+00 4.11246758e+01
 8.50000000e+01 9.00000000e+00 4.11654247e+01
 8.60000000e+01 9.00000000e+00 4.02061736e+01
 8.70000000e+01 9.00000000e+00 4.02469225e+01
 8.80000000e+01 9.00000000e+00 4.12876714e+01
 8.90000000e+01 9.00000000e+00 4.03284203e+01
 9.00000000e+01 9.00000000e+00 4.13691692e+01
 9.10000000e+01 9.00000000e+00 4.14099181e+01
 9.20000000e+01 9.00000000e+00 4.14506670e+01
 9.30000000e+01 9.00000000e+00 4.14914159e+01
 9.40000000e+01 9.00000000e+00 4.15321648e+01
 9.50000000e+01 9.00000000e+00 4.15729137e+01
 9.60000000e+01 9.00000000e+00 4.16136626e+01
 9.70000000e+01 9.00000000e+00 4.16544116e+01
 9.80000000e+01 9.00000000e+00 4.16951605e+01
 9.90000000e+01 9.00000000e+00 4.17359094e+01
 1.00000000e+02 9.00000000e+00 4.17766583e+01
 1.01000000e+02 9.00000000e+00 4.08174072e+01
 1.02000000e+02 9.00000000e+00 4.08581561e+01
 1.03000000e+02 9.00000000e+00 4.08989050e+01
 1.04000000e+02 9.00000000e+00 3.99396539e+01
 1.05000000e+02 9.00000000e+00 3.99804028e+01
 1.06000000e+02 9.00000000e+00 4.00211517e+01
 1.07000000e+02 9.00000000e+00 4.00619006e+01
 1.08000000e+02 9.00000000e+00 4.01026495e+01
 1.09000000e+02 9.00000000e+00 4.11433984e+01
 1.10000000e+02 9.00000000e+00 4.01841473e+01
 1.11000000e+02 9.00000000e+00 4.02248962e+01
 1.12000000e+02 9.00000000e+00 4.02656451e+01
 1.13000000e+02 9.00000000e+00 4.03063940e+01
 1.14000000e+02 9.00000000e+00 4.03471429e+01
 1.15000000e+02 9.00000000e+00 4.03878918e+01
 1.16000000e+02 9.00000000e+00 4.04286407e+01
 1.17000000e+02 9.00000000e+00 4.04693896e+01
 1.18000000e+02 9.00000000e+00 4.05101385e+01
 1.19000000e+02 9.00000000e+00 4.05508874e+01
 1.20000000e+02 9.00000000e+00 4.05916363e+01
 1.21000000e+02 9.00000000e+00 4.06323852e+01
 1.22000000e+02 9.00000000e+00 3.96731341e+01
 1.23000000e+02 9.00000000e+00 3.97138831e+01
 1.24000000e+02 9.00000000e+00 3.97546320e+01
 1.25000000e+02 9.00000000e+00 3.97953809e+01
 1.26000000e+02 9.00000000e+00 3.98361298e+01
 1.27000000e+02 9.00000000e+00 3.98768787e+01
 1.28000000e+02 9.00000000e+00 3.89176276e+01
 1.29000000e+02 9.00000000e+00 3.79583765e+01
 1.30000000e+02 9.00000000e+00 3.69991254e+01
 1.31000000e+02 9.00000000e+00 3.70398743e+01
 1.32000000e+02 9.00000000e+00 3.60806232e+01
 1.33000000e+02 9.00000000e+00 3.61213721e+01
 1.34000000e+02 9.00000000e+00 3.61621210e+01
 1.35000000e+02 9.00000000e+00 3.52028699e+01
 1.36000000e+02 9.00000000e+00 3.62436188e+01
 1.37000000e+02 9.00000000e+00 3.62843677e+01
 1.38000000e+02 9.00000000e+00 3.63251166e+01
 1.39000000e+02 9.00000000e+00 3.63658655e+01
 1.40000000e+02 9.00000000e+00 3.74066144e+01
 1.41000000e+02 9.00000000e+00 3.74473633e+01
 1.42000000e+02 9.00000000e+00 3.84881122e+01
 1.43000000e+02 9.00000000e+00 3.85288611e+01
 1.44000000e+02 9.00000000e+00 3.85696100e+01
 1.45000000e+02 9.00000000e+00 3.86103589e+01
 1.46000000e+02 9.00000000e+00 3.86511078e+01
 1.47000000e+02 9.00000000e+00 3.76918567e+01
 1.48000000e+02 9.00000000e+00 3.77326056e+01
 1.49000000e+02 9.00000000e+00 3.77733546e+01
 1.50000000e+02 9.00000000e+00 3.88141035e+01
 1.51000000e+02 9.00000000e+00 3.88548524e+01
 1.52000000e+02 9.00000000e+00 3.78956013e+01
 1.53000000e+02 9.00000000e+00 3.89363502e+01
 1.54000000e+02 9.00000000e+00 3.99770991e+01
 1.55000000e+02 9.00000000e+00 4.00178480e+01
 1.56000000e+02 9.00000000e+00 4.10585969e+01
 1.57000000e+02 9.00000000e+00 4.10993458e+01
 1.58000000e+02 9.00000000e+00 4.11400947e+01
 1.59000000e+02 9.00000000e+00 4.11808436e+01
 1.60000000e+02 9.00000000e+00 4.12215925e+01
 1.61000000e+02 9.00000000e+00 4.02623414e+01
 1.62000000e+02 9.00000000e+00 4.03030903e+01
 1.63000000e+02 9.00000000e+00 4.03438392e+01
 1.64000000e+02 9.00000000e+00 4.03845881e+01
 1.65000000e+02 9.00000000e+00 4.04253370e+01
 1.66000000e+02 9.00000000e+00 4.04660859e+01
 1.67000000e+02 9.00000000e+00 4.05068348e+01
 1.68000000e+02 9.00000000e+00 4.05475837e+01
 1.69000000e+02 9.00000000e+00 4.15883326e+01
 1.70000000e+02 9.00000000e+00 4.16290815e+01
 1.71000000e+02 9.00000000e+00 4.16698304e+01
 1.72000000e+02 9.00000000e+00 4.17105793e+01
 1.73000000e+02 9.00000000e+00 4.17513282e+01
 1.74000000e+02 9.00000000e+00 4.07920771e+01
 1.75000000e+02 9.00000000e+00 4.08328261e+01
 1.76000000e+02 9.00000000e+00 4.08735750e+01
 1.77000000e+02 9.00000000e+00 4.09143239e+01
 1.78000000e+02 9.00000000e+00 3.99550728e+01
 1.79000000e+02 9.00000000e+00 4.09958217e+01
 1.80000000e+02 9.00000000e+00 4.10365706e+01
 1.81000000e+02 9.00000000e+00 4.10773195e+01
 1.82000000e+02 9.00000000e+00 4.11180684e+01
 1.83000000e+02 9.00000000e+00 4.11588173e+01
 1.84000000e+02 9.00000000e+00 4.31995662e+01
 1.85000000e+02 9.00000000e+00 4.32403151e+01
 1.86000000e+02 9.00000000e+00 4.32810640e+01
 1.87000000e+02 9.00000000e+00 4.23218129e+01
 1.88000000e+02 9.00000000e+00 4.33625618e+01
 1.89000000e+02 9.00000000e+00 4.24033107e+01
 1.90000000e+02 9.00000000e+00 4.34440596e+01
 1.91000000e+02 9.00000000e+00 4.24848085e+01
 1.92000000e+02 9.00000000e+00 4.15255574e+01
 1.93000000e+02 9.00000000e+00 4.25663063e+01
 1.94000000e+02 9.00000000e+00 4.26070552e+01
 1.95000000e+02 9.00000000e+00 4.36478041e+01
 1.96000000e+02 9.00000000e+00 4.36885530e+01
 1.97000000e+02 9.00000000e+00 4.37293019e+01
 1.98000000e+02 9.00000000e+00 4.37700508e+01
 1.99000000e+02 9.00000000e+00 4.38107997e+01
 2.00000000e+02 9.00000000e+00 4.38515486e+01
 2.01000000e+02 9.00000000e+00 4.28922976e+01
 2.02000000e+02 9.00000000e+00 4.19330465e+01
 2.03000000e+02 9.00000000e+00 4.19737954e+01
 2.04000000e+02 9.00000000e+00 4.20145443e+01
 2.05000000e+02 9.00000000e+00 4.20552932e+01
 2.06000000e+02 9.00000000e+00 4.40960421e+01
 2.07000000e+02 9.00000000e+00 4.51367910e+01
 2.08000000e+02 9.00000000e+00 4.51775399e+01
 2.09000000e+02 9.00000000e+00 4.52182888e+01
 2.10000000e+02 9.00000000e+00 4.42590377e+01
 2.11000000e+02 9.00000000e+00 4.42997866e+01
 2.12000000e+02 9.00000000e+00 4.43405355e+01
 2.13000000e+02 9.00000000e+00 4.53812844e+01
 2.14000000e+02 9.00000000e+00 4.54220333e+01
 2.15000000e+02 9.00000000e+00 4.14627822e+01
 2.16000000e+02 9.00000000e+00 4.15035311e+01
 2.17000000e+02 9.00000000e+00 4.25442800e+01
 2.18000000e+02 9.00000000e+00 4.35850289e+01
 2.19000000e+02 9.00000000e+00 4.46257778e+01
 2.20000000e+02 9.00000000e+00 4.46665267e+01
 2.21000000e+02 9.00000000e+00 4.47072756e+01
 2.22000000e+02 9.00000000e+00 4.57480245e+01
 2.23000000e+02 9.00000000e+00 4.57887734e+01
 2.24000000e+02 9.00000000e+00 4.58295223e+01
 2.25000000e+02 9.00000000e+00 4.68702712e+01
 2.26000000e+02 9.00000000e+00 4.69110201e+01
 2.27000000e+02 9.00000000e+00 4.69517691e+01
 2.28000000e+02 9.00000000e+00 4.59925180e+01
 2.29000000e+02 9.00000000e+00 4.60332669e+01
 2.30000000e+02 9.00000000e+00 4.50740158e+01
 2.31000000e+02 9.00000000e+00 4.51147647e+01
 2.32000000e+02 9.00000000e+00 4.51555136e+01
 2.33000000e+02 9.00000000e+00 4.51962625e+01
 2.34000000e+02 9.00000000e+00 4.52370114e+01
 2.35000000e+02 9.00000000e+00 4.52777603e+01
 2.36000000e+02 9.00000000e+00 4.63185092e+01
 2.37000000e+02 9.00000000e+00 4.63592581e+01
 2.38000000e+02 9.00000000e+00 4.64000070e+01
 2.39000000e+02 9.00000000e+00 4.64407559e+01
 2.40000000e+02 9.00000000e+00 4.64815048e+01
 2.41000000e+02 9.00000000e+00 4.75222537e+01
 2.42000000e+02 9.00000000e+00 4.75630026e+01
 2.43000000e+02 9.00000000e+00 4.76037515e+01
 2.44000000e+02 9.00000000e+00 4.66445004e+01
 2.45000000e+02 9.00000000e+00 4.66852493e+01
 2.46000000e+02 9.00000000e+00 4.67259982e+01
 2.47000000e+02 9.00000000e+00 4.77667471e+01
 2.48000000e+02 9.00000000e+00 4.78074960e+01
 2.49000000e+02 9.00000000e+00 4.88482449e+01
 2.50000000e+02 9.00000000e+00 4.98889938e+01
 2.51000000e+02 9.00000000e+00 4.99297427e+01
 2.52000000e+02 9.00000000e+00 4.99704916e+01
 2.53000000e+02 9.00000000e+00 5.00112406e+01
 2.54000000e+02 9.00000000e+00 4.70519895e+01
 2.55000000e+02 9.00000000e+00 4.60927384e+01
 2.56000000e+02 9.00000000e+00 4.61334873e+01
 2.57000000e+02 9.00000000e+00 4.61742362e+01
 2.58000000e+02 9.00000000e+00 4.52149851e+01
 2.59000000e+02 9.00000000e+00 4.32557340e+01
 2.60000000e+02 9.00000000e+00 4.32964829e+01
 2.61000000e+02 9.00000000e+00 4.33372318e+01
 2.62000000e+02 9.00000000e+00 4.33779807e+01
 2.63000000e+02 9.00000000e+00 4.34187296e+01
 2.64000000e+02 9.00000000e+00 4.34594785e+01
 2.65000000e+02 9.00000000e+00 4.35002274e+01
 2.66000000e+02 9.00000000e+00 4.35409763e+01
 2.67000000e+02 9.00000000e+00 4.25817252e+01
 2.68000000e+02 9.00000000e+00 4.26224741e+01
 2.69000000e+02 9.00000000e+00 4.36632230e+01
 2.70000000e+02 9.00000000e+00 4.47039719e+01
 2.71000000e+02 9.00000000e+00 4.57447208e+01
 2.72000000e+02 9.00000000e+00 4.57854697e+01
 2.73000000e+02 9.00000000e+00 4.58262186e+01
 2.74000000e+02 9.00000000e+00 4.58669675e+01
 2.75000000e+02 9.00000000e+00 4.69077164e+01
 2.76000000e+02 9.00000000e+00 4.79484653e+01
 2.77000000e+02 9.00000000e+00 4.79892142e+01
 2.78000000e+02 9.00000000e+00 4.70299631e+01
 2.79000000e+02 9.00000000e+00 4.70707121e+01
 2.80000000e+02 9.00000000e+00 4.71114610e+01
 2.81000000e+02 9.00000000e+00 4.71522099e+01
 2.82000000e+02 9.00000000e+00 4.81929588e+01
 2.83000000e+02 9.00000000e+00 4.82337077e+01
 2.84000000e+02 9.00000000e+00 4.92744566e+01
 2.85000000e+02 9.00000000e+00 4.93152055e+01
 2.86000000e+02 9.00000000e+00 4.93559544e+01
 2.87000000e+02 9.00000000e+00 4.93967033e+01
 2.88000000e+02 9.00000000e+00 4.94374522e+01
 2.89000000e+02 9.00000000e+00 5.04782011e+01
 2.90000000e+02 9.00000000e+00 5.05189500e+01
 2.91000000e+02 9.00000000e+00 5.05596989e+01
 2.92000000e+02 9.00000000e+00 5.06004478e+01
 2.93000000e+02 9.00000000e+00 5.06411967e+01
 2.94000000e+02 9.00000000e+00 5.06819456e+01
 2.95000000e+02 9.00000000e+00 5.07226945e+01
 2.96000000e+02 9.00000000e+00 5.07634434e+01
 2.97000000e+02 9.00000000e+00 5.08041923e+01
 2.98000000e+02 9.00000000e+00 5.08449412e+01
 2.99000000e+02 9.00000000e+00 5.08856901e+01
 3.00000000e+02 9.00000000e+00 5.19264390e+01
 3.01000000e+02 9.00000000e+00 5.09671879e+01
 3.02000000e+02 9.00000000e+00 5.10079368e+01
 3.03000000e+02 9.00000000e+00 5.10486857e+01
 3.04000000e+02 9.00000000e+00 5.00894346e+01
 3.05000000e+02 9.00000000e+00 5.11301836e+01
 3.06000000e+02 9.00000000e+00 5.11709325e+01
 3.07000000e+02 9.00000000e+00 5.12116814e+01
 3.08000000e+02 9.00000000e+00 5.12524303e+01
 3.09000000e+02 9.00000000e+00 5.12931792e+01
 3.10000000e+02 9.00000000e+00 5.03339281e+01
 3.11000000e+02 9.00000000e+00 4.93746770e+01
 3.12000000e+02 9.00000000e+00 4.94154259e+01
 3.13000000e+02 9.00000000e+00 4.84561748e+01
 3.14000000e+02 9.00000000e+00 4.74969237e+01
 3.15000000e+02 9.00000000e+00 4.75376726e+01
 3.16000000e+02 9.00000000e+00 4.65784215e+01
 3.17000000e+02 9.00000000e+00 4.76191704e+01
 3.18000000e+02 9.00000000e+00 4.76599193e+01
 3.19000000e+02 9.00000000e+00 4.77006682e+01
 3.20000000e+02 9.00000000e+00 4.77414171e+01
 3.21000000e+02 9.00000000e+00 4.77821660e+01
 3.22000000e+02 9.00000000e+00 4.78229149e+01
 3.23000000e+02 9.00000000e+00 4.88636638e+01
 3.24000000e+02 9.00000000e+00 4.89044127e+01
 3.25000000e+02 9.00000000e+00 4.99451616e+01
 3.26000000e+02 9.00000000e+00 5.29859105e+01
 3.27000000e+02 9.00000000e+00 5.40266594e+01
 3.28000000e+02 9.00000000e+00 5.30674083e+01
 3.29000000e+02 9.00000000e+00 5.21081572e+01
 3.30000000e+02 9.00000000e+00 5.31489061e+01
 3.31000000e+02 9.00000000e+00 5.41896551e+01
 3.32000000e+02 9.00000000e+00 5.32304040e+01
 3.33000000e+02 9.00000000e+00 5.32711529e+01
 3.34000000e+02 9.00000000e+00 5.33119018e+01
 3.35000000e+02 9.00000000e+00 5.33526507e+01
 3.36000000e+02 9.00000000e+00 5.33933996e+01
 3.37000000e+02 9.00000000e+00 5.34341485e+01
 3.38000000e+02 9.00000000e+00 5.34748974e+01
 3.39000000e+02 9.00000000e+00 5.25156463e+01
 3.40000000e+02 9.00000000e+00 5.25563952e+01
 3.41000000e+02 9.00000000e+00 5.25971441e+01
 3.42000000e+02 9.00000000e+00 5.26378930e+01
 3.43000000e+02 9.00000000e+00 5.26786419e+01
 3.44000000e+02 9.00000000e+00 5.37193908e+01
 3.45000000e+02 9.00000000e+00 5.37601397e+01
 3.46000000e+02 9.00000000e+00 5.38008886e+01
 3.47000000e+02 9.00000000e+00 5.28416375e+01
 3.48000000e+02 9.00000000e+00 5.38823864e+01
 3.49000000e+02 9.00000000e+00 5.49231353e+01
 3.50000000e+02 9.00000000e+00 5.59638842e+01
 3.51000000e+02 9.00000000e+00 5.60046331e+01
 3.52000000e+02 9.00000000e+00 5.50453820e+01
 3.53000000e+02 9.00000000e+00 5.50861309e+01
 3.54000000e+02 9.00000000e+00 5.51268798e+01
 3.55000000e+02 9.00000000e+00 5.41676287e+01
 3.56000000e+02 9.00000000e+00 5.42083776e+01
 3.57000000e+02 9.00000000e+00 5.42491266e+01
 3.58000000e+02 9.00000000e+00 5.42898755e+01
 3.59000000e+02 9.00000000e+00 5.43306244e+01
 3.60000000e+02 9.00000000e+00 5.43713733e+01
 3.61000000e+02 9.00000000e+00 5.44121222e+01
 3.62000000e+02 9.00000000e+00 5.54528711e+01
 3.63000000e+02 9.00000000e+00 5.54936200e+01
 3.64000000e+02 9.00000000e+00 5.65343689e+01
 3.65000000e+02 9.00000000e+00 5.65751178e+01
 3.66000000e+02 9.00000000e+00 5.66158667e+01
 3.67000000e+02 9.00000000e+00 5.66566156e+01
 3.68000000e+02 9.00000000e+00 5.76973645e+01
 3.69000000e+02 9.00000000e+00 5.67381134e+01
 3.70000000e+02 9.00000000e+00 5.67788623e+01
 3.71000000e+02 9.00000000e+00 5.68196112e+01
 3.72000000e+02 9.00000000e+00 5.58603601e+01
 3.73000000e+02 9.00000000e+00 5.59011090e+01
 3.74000000e+02 9.00000000e+00 5.59418579e+01
 3.75000000e+02 9.00000000e+00 5.79826068e+01
 3.76000000e+02 9.00000000e+00 5.80233557e+01
 3.77000000e+02 9.00000000e+00 5.80641046e+01
 3.78000000e+02 9.00000000e+00 5.81048535e+01
 3.79000000e+02 9.00000000e+00 5.81456024e+01
 3.80000000e+02 9.00000000e+00 5.81863513e+01
 3.81000000e+02 9.00000000e+00 5.92271002e+01
 3.82000000e+02 9.00000000e+00 5.92678491e+01
 3.83000000e+02 9.00000000e+00 5.93085981e+01
 3.84000000e+02 9.00000000e+00 5.93493470e+01
 3.85000000e+02 9.00000000e+00 5.83900959e+01
 3.86000000e+02 9.00000000e+00 5.74308448e+01
 3.87000000e+02 9.00000000e+00 5.94715937e+01
 3.88000000e+02 9.00000000e+00 6.05123426e+01
 3.89000000e+02 9.00000000e+00 6.05530915e+01
 3.90000000e+02 9.00000000e+00 6.05938404e+01
 3.91000000e+02 9.00000000e+00 5.96345893e+01
 3.92000000e+02 9.00000000e+00 5.86753382e+01
 3.93000000e+02 9.00000000e+00 5.87160871e+01
 3.94000000e+02 9.00000000e+00 5.97568360e+01
 3.95000000e+02 9.00000000e+00 5.97975849e+01
 3.96000000e+02 9.00000000e+00 5.98383338e+01
 3.97000000e+02 9.00000000e+00 5.98790827e+01
 3.98000000e+02 9.00000000e+00 6.09198316e+01
 3.99000000e+02 9.00000000e+00 6.09605805e+01
 4.00000000e+02 9.00000000e+00 6.10013294e+01
 4.01000000e+02 9.00000000e+00 6.10420783e+01
 4.02000000e+02 9.00000000e+00 6.10828272e+01
 4.03000000e+02 9.00000000e+00 6.11235761e+01
 4.04000000e+02 9.00000000e+00 6.21643250e+01
 4.05000000e+02 9.00000000e+00 6.22050739e+01
 4.06000000e+02 9.00000000e+00 6.22458228e+01
 4.07000000e+02 9.00000000e+00 6.22865717e+01
 4.08000000e+02 9.00000000e+00 6.23273206e+01
 4.09000000e+02 9.00000000e+00 6.23680696e+01
 4.10000000e+02 9.00000000e+00 6.24088185e+01
 4.11000000e+02 9.00000000e+00 6.14495674e+01
 4.12000000e+02 9.00000000e+00 6.14903163e+01
 4.13000000e+02 9.00000000e+00 6.25310652e+01
 4.14000000e+02 9.00000000e+00 6.25718141e+01
 4.15000000e+02 9.00000000e+00 6.16125630e+01
 4.16000000e+02 9.00000000e+00 6.16533119e+01
 4.17000000e+02 9.00000000e+00 6.16940608e+01
 4.18000000e+02 9.00000000e+00 6.17348097e+01
 4.19000000e+02 9.00000000e+00 6.07755586e+01
 4.20000000e+02 9.00000000e+00 6.18163075e+01
 4.21000000e+02 9.00000000e+00 6.18570564e+01
 4.22000000e+02 9.00000000e+00 6.18978053e+01
 4.23000000e+02 9.00000000e+00 6.09385542e+01
 4.24000000e+02 9.00000000e+00 6.09793031e+01
 4.25000000e+02 9.00000000e+00 6.20200520e+01
 4.26000000e+02 9.00000000e+00 6.20608009e+01
 4.27000000e+02 9.00000000e+00 6.21015498e+01
 4.28000000e+02 9.00000000e+00 6.31422987e+01
 4.29000000e+02 9.00000000e+00 6.41830476e+01
 4.30000000e+02 9.00000000e+00 6.42237965e+01
 4.31000000e+02 9.00000000e+00 6.42645454e+01
 4.32000000e+02 9.00000000e+00 6.53052943e+01
 4.33000000e+02 9.00000000e+00 6.43460432e+01
 4.34000000e+02 9.00000000e+00 6.43867921e+01
 4.35000000e+02 9.00000000e+00 6.54275411e+01
 4.36000000e+02 9.00000000e+00 6.54682900e+01
 4.37000000e+02 9.00000000e+00 6.55090389e+01
 4.38000000e+02 9.00000000e+00 6.55497878e+01
 4.39000000e+02 9.00000000e+00 6.55905367e+01
 4.40000000e+02 9.00000000e+00 6.56312856e+01
 4.41000000e+02 9.00000000e+00 6.56720345e+01
 4.42000000e+02 9.00000000e+00 6.67127834e+01
 4.43000000e+02 9.00000000e+00 6.77535323e+01
 4.44000000e+02 9.00000000e+00 6.87942812e+01
 4.45000000e+02 9.00000000e+00 6.88350301e+01
 4.46000000e+02 9.00000000e+00 6.78757790e+01
 4.47000000e+02 9.00000000e+00 6.79165279e+01
 4.48000000e+02 9.00000000e+00 6.69572768e+01
 4.49000000e+02 9.00000000e+00 6.69980257e+01
 4.50000000e+02 9.00000000e+00 6.60387746e+01
 4.51000000e+02 9.00000000e+00 6.60795235e+01
 4.52000000e+02 9.00000000e+00 6.61202724e+01
 4.53000000e+02 9.00000000e+00 6.71610213e+01
 4.54000000e+02 9.00000000e+00 6.72017702e+01
 4.55000000e+02 9.00000000e+00 6.72425191e+01
 4.56000000e+02 9.00000000e+00 6.82832680e+01
 4.57000000e+02 9.00000000e+00 6.73240169e+01
 4.58000000e+02 9.00000000e+00 6.93647658e+01
 4.59000000e+02 9.00000000e+00 6.94055147e+01
 4.60000000e+02 9.00000000e+00 6.84462636e+01
 4.61000000e+02 9.00000000e+00 6.84870125e+01
 4.62000000e+02 9.00000000e+00 6.85277615e+01
 4.63000000e+02 9.00000000e+00 6.85685104e+01
 4.64000000e+02 9.00000000e+00 6.86092593e+01
 4.65000000e+02 9.00000000e+00 6.86500082e+01
 4.66000000e+02 9.00000000e+00 6.86907571e+01
 4.67000000e+02 9.00000000e+00 6.87315060e+01
 4.68000000e+02 9.00000000e+00 7.07722549e+01
 4.69000000e+02 9.00000000e+00 7.18130038e+01
 4.70000000e+02 9.00000000e+00 7.18537527e+01
 4.71000000e+02 9.00000000e+00 7.18945016e+01
 4.72000000e+02 9.00000000e+00 7.19352505e+01
 4.73000000e+02 9.00000000e+00 7.19759994e+01
 4.74000000e+02 9.00000000e+00 7.20167483e+01
 4.75000000e+02 9.00000000e+00 7.20574972e+01
 4.76000000e+02 9.00000000e+00 7.20982461e+01
 4.77000000e+02 9.00000000e+00 7.21389950e+01
 4.78000000e+02 9.00000000e+00 7.31797439e+01
 4.79000000e+02 9.00000000e+00 7.32204928e+01
 4.80000000e+02 9.00000000e+00 7.32612417e+01
 4.81000000e+02 9.00000000e+00 7.33019906e+01
 4.82000000e+02 9.00000000e+00 7.33427395e+01
 4.83000000e+02 9.00000000e+00 7.23834884e+01
 4.92000000e+02 9.00000000e+00 7.07502286e+01
 4.93000000e+02 9.00000000e+00 7.07909775e+01
 4.94000000e+02 9.00000000e+00 7.08317264e+01
 4.95000000e+02 9.00000000e+00 6.98724753e+01
 4.96000000e+02 9.00000000e+00 6.99132242e+01
 4.97000000e+02 9.00000000e+00 6.99539731e+01
 4.98000000e+02 9.00000000e+00 6.99947220e+01
 4.99000000e+02 9.00000000e+00 7.00354709e+01
 5.00000000e+02 9.00000000e+00 7.00762198e+01
 5.01000000e+02 9.00000000e+00 7.01169687e+01
 5.02000000e+02 9.00000000e+00 7.11577176e+01
 5.03000000e+02 9.00000000e+00 7.11984665e+01
 5.04000000e+02 9.00000000e+00 7.12392154e+01
 5.05000000e+02 9.00000000e+00 7.12799643e+01
 5.06000000e+02 9.00000000e+00 7.13207132e+01
 5.07000000e+02 9.00000000e+00 7.23614621e+01
 5.08000000e+02 9.00000000e+00 7.34022110e+01
 5.09000000e+02 9.00000000e+00 7.34429599e+01
 5.10000000e+02 9.00000000e+00 7.44837088e+01
 5.11000000e+02 9.00000000e+00 7.55244577e+01
 5.12000000e+02 9.00000000e+00 7.65652066e+01
 5.13000000e+02 9.00000000e+00 7.76059555e+01
 5.14000000e+02 9.00000000e+00 7.76467045e+01
 5.15000000e+02 9.00000000e+00 7.86874534e+01
 5.16000000e+02 9.00000000e+00 7.77282023e+01
 5.17000000e+02 9.00000000e+00 7.77689512e+01
 5.18000000e+02 9.00000000e+00 7.78097001e+01
 5.19000000e+02 9.00000000e+00 7.78504490e+01
 5.20000000e+02 9.00000000e+00 7.78911979e+01
 5.21000000e+02 9.00000000e+00 7.89319468e+01
 5.22000000e+02 9.00000000e+00 7.79726957e+01
 5.23000000e+02 9.00000000e+00 7.80134446e+01
 5.24000000e+02 9.00000000e+00 7.90541935e+01
 5.25000000e+02 9.00000000e+00 7.80949424e+01
 5.26000000e+02 9.00000000e+00 7.81356913e+01
 5.27000000e+02 9.00000000e+00 7.71764402e+01
 5.28000000e+02 9.00000000e+00 7.72171891e+01
 5.29000000e+02 9.00000000e+00 7.72579380e+01
 5.30000000e+02 9.00000000e+00 7.72986869e+01
 5.31000000e+02 9.00000000e+00 7.73394358e+01
 5.32000000e+02 9.00000000e+00 7.73801847e+01
 5.33000000e+02 9.00000000e+00 7.84209336e+01
 5.36000000e+02 9.00000000e+00 7.65431803e+01
 5.37000000e+02 9.00000000e+00 7.55839292e+01
 5.38000000e+02 9.00000000e+00 7.56246781e+01
 5.39000000e+02 9.00000000e+00 7.56654270e+01
 5.40000000e+02 9.00000000e+00 7.57061760e+01
 5.41000000e+02 9.00000000e+00 7.57469249e+01
 5.42000000e+02 9.00000000e+00 7.67876738e+01
 5.43000000e+02 9.00000000e+00 7.58284227e+01
 5.44000000e+02 9.00000000e+00 7.48691716e+01
 5.45000000e+02 9.00000000e+00 7.49099205e+01
 5.46000000e+02 9.00000000e+00 7.49506694e+01
 5.47000000e+02 9.00000000e+00 7.39914183e+01
 5.48000000e+02 9.00000000e+00 7.40321672e+01
 5.49000000e+02 9.00000000e+00 7.50729161e+01
 5.50000000e+02 9.00000000e+00 7.61136650e+01
 5.51000000e+02 9.00000000e+00 7.61544139e+01
 5.52000000e+02 9.00000000e+00 7.71951628e+01
 5.53000000e+02 9.00000000e+00 7.82359117e+01
 5.62000000e+02 9.00000000e+00 8.26026518e+01
 5.63000000e+02 9.00000000e+00 8.26434007e+01
 5.64000000e+02 9.00000000e+00 8.26841496e+01
 5.65000000e+02 9.00000000e+00 8.27248985e+01
 5.66000000e+02 9.00000000e+00 8.27656475e+01
 5.67000000e+02 9.00000000e+00 8.28063964e+01
 5.68000000e+02 9.00000000e+00 8.28471453e+01
 5.69000000e+02 9.00000000e+00 8.28878942e+01
 5.70000000e+02 9.00000000e+00 8.29286431e+01
 5.71000000e+02 9.00000000e+00 8.39693920e+01
 5.72000000e+02 9.00000000e+00 8.40101409e+01
 5.73000000e+02 9.00000000e+00 8.50508898e+01
 5.74000000e+02 9.00000000e+00 8.40916387e+01
 5.75000000e+02 9.00000000e+00 8.41323876e+01
 5.76000000e+02 9.00000000e+00 8.51731365e+01
 5.77000000e+02 9.00000000e+00 8.42138854e+01
 5.78000000e+02 9.00000000e+00 8.52546343e+01
 5.79000000e+02 9.00000000e+00 8.52953832e+01
 5.80000000e+02 9.00000000e+00 8.63361321e+01
 5.81000000e+02 9.00000000e+00 8.63768810e+01
 5.82000000e+02 9.00000000e+00 8.64176299e+01
 5.83000000e+02 9.00000000e+00 8.54583788e+01
 5.84000000e+02 9.00000000e+00 8.64991277e+01
 5.85000000e+02 9.00000000e+00 8.65398766e+01
 5.86000000e+02 9.00000000e+00 8.65806255e+01
 5.87000000e+02 9.00000000e+00 8.76213744e+01
 5.88000000e+02 9.00000000e+00 8.76621233e+01
 5.89000000e+02 9.00000000e+00 8.77028722e+01
 5.90000000e+02 9.00000000e+00 8.67436211e+01
 5.91000000e+02 9.00000000e+00 8.67843700e+01
 5.92000000e+02 9.00000000e+00 8.68251190e+01
 5.93000000e+02 9.00000000e+00 8.68658679e+01
 5.94000000e+02 9.00000000e+00 8.69066168e+01
 5.95000000e+02 9.00000000e+00 8.69473657e+01
 5.96000000e+02 9.00000000e+00 8.79881146e+01
 5.97000000e+02 9.00000000e+00 8.80288635e+01
 6.07000000e+02 9.00000000e+00 8.84363525e+01
 6.08000000e+02 9.00000000e+00 8.84771014e+01
 6.09000000e+02 9.00000000e+00 8.85178503e+01
 6.10000000e+02 9.00000000e+00 8.75585992e+01
 6.11000000e+02 9.00000000e+00 8.75993481e+01
 6.12000000e+02 9.00000000e+00 8.76400970e+01
 6.13000000e+02 9.00000000e+00 8.86808459e+01
 6.14000000e+02 9.00000000e+00 8.77215948e+01
 6.15000000e+02 9.00000000e+00 8.87623437e+01
 6.16000000e+02 9.00000000e+00 9.08030926e+01
 6.17000000e+02 9.00000000e+00 9.08438415e+01
 6.18000000e+02 9.00000000e+00 9.08845905e+01
 6.19000000e+02 9.00000000e+00 9.09253394e+01
 6.20000000e+02 9.00000000e+00 9.09660883e+01
 6.21000000e+02 9.00000000e+00 9.10068372e+01
 6.22000000e+02 9.00000000e+00 9.10475861e+01
 6.23000000e+02 9.00000000e+00 9.40883350e+01
 6.24000000e+02 9.00000000e+00 9.31290839e+01
 6.25000000e+02 9.00000000e+00 9.31698328e+01
 6.26000000e+02 9.00000000e+00 9.32105817e+01
 6.27000000e+02 9.00000000e+00 9.32513306e+01
 6.28000000e+02 9.00000000e+00 9.42920795e+01
 6.29000000e+02 9.00000000e+00 9.43328284e+01
 6.30000000e+02 9.00000000e+00 9.33735773e+01
 6.31000000e+02 9.00000000e+00 9.24143262e+01
 6.32000000e+02 9.00000000e+00 9.34550751e+01
 6.33000000e+02 9.00000000e+00 9.44958240e+01
 6.34000000e+02 9.00000000e+00 9.45365729e+01
 6.35000000e+02 9.00000000e+00 9.55773218e+01
 6.36000000e+02 9.00000000e+00 9.56180707e+01
 6.37000000e+02 9.00000000e+00 9.56588196e+01
 6.38000000e+02 9.00000000e+00 9.66995685e+01
 6.39000000e+02 9.00000000e+00 9.67403174e+01
 6.40000000e+02 9.00000000e+00 9.67810663e+01
 6.41000000e+02 9.00000000e+00 9.68218152e+01
 6.42000000e+02 9.00000000e+00 9.68625641e+01
 6.43000000e+02 9.00000000e+00 9.59033130e+01
 6.44000000e+02 9.00000000e+00 9.59440620e+01
 6.45000000e+02 9.00000000e+00 9.59848109e+01
 6.46000000e+02 9.00000000e+00 9.60255598e+01
 6.47000000e+02 9.00000000e+00 9.70663087e+01
 6.48000000e+02 9.00000000e+00 9.71070576e+01
 6.49000000e+02 9.00000000e+00 9.81478065e+01
 6.50000000e+02 9.00000000e+00 9.71885554e+01
 6.51000000e+02 9.00000000e+00 9.72293043e+01
 6.52000000e+02 9.00000000e+00 9.72700532e+01
 6.53000000e+02 9.00000000e+00 9.73108021e+01
 6.54000000e+02 9.00000000e+00 9.73515510e+01
 6.55000000e+02 9.00000000e+00 9.83922999e+01
 6.56000000e+02 9.00000000e+00 9.74330488e+01
 6.57000000e+02 9.00000000e+00 9.74737977e+01
 6.58000000e+02 9.00000000e+00 9.65145466e+01
 6.59000000e+02 9.00000000e+00 9.65552955e+01
 6.60000000e+02 9.00000000e+00 9.75960444e+01
 6.61000000e+02 9.00000000e+00 9.66367933e+01
 6.62000000e+02 9.00000000e+00 9.66775422e+01
 6.63000000e+02 9.00000000e+00 9.67182911e+01
 6.64000000e+02 9.00000000e+00 9.67590400e+01
 6.65000000e+02 9.00000000e+00 9.67997889e+01
 6.66000000e+02 9.00000000e+00 9.58405378e+01
 6.67000000e+02 9.00000000e+00 9.58812867e+01
 6.68000000e+02 9.00000000e+00 9.59220356e+01
 6.69000000e+02 9.00000000e+00 9.59627845e+01
 6.70000000e+02 9.00000000e+00 9.60035335e+01
 6.71000000e+02 9.00000000e+00 9.60442824e+01
 6.72000000e+02 9.00000000e+00 9.60850313e+01
 6.73000000e+02 9.00000000e+00 9.61257802e+01
 6.74000000e+02 9.00000000e+00 9.61665291e+01
 6.75000000e+02 9.00000000e+00 9.72072780e+01
 6.76000000e+02 9.00000000e+00 9.62480269e+01
 6.77000000e+02 9.00000000e+00 9.72887758e+01
 6.78000000e+02 9.00000000e+00 9.83295247e+01
 6.79000000e+02 9.00000000e+00 9.93702736e+01
 6.80000000e+02 9.00000000e+00 9.94110225e+01
 6.81000000e+02 9.00000000e+00 1.00451771e+02
 6.82000000e+02 9.00000000e+00 1.01492520e+02
 6.83000000e+02 9.00000000e+00 1.01533269e+02
 6.84000000e+02 9.00000000e+00 1.01574018e+02
 6.85000000e+02 9.00000000e+00 1.01614767e+02
 6.86000000e+02 9.00000000e+00 1.02655516e+02
 6.87000000e+02 9.00000000e+00 1.02696265e+02
 6.88000000e+02 9.00000000e+00 1.02737014e+02
 6.96000000e+02 9.00000000e+00 9.50630050e+01
 6.97000000e+02 9.00000000e+00 9.61037539e+01
 6.98000000e+02 9.00000000e+00 9.61445028e+01
 6.99000000e+02 9.00000000e+00 9.61852517e+01
 7.00000000e+02 9.00000000e+00 9.52260006e+01
 7.01000000e+02 9.00000000e+00 9.42667495e+01
 7.02000000e+02 9.00000000e+00 9.43074984e+01
 7.03000000e+02 9.00000000e+00 9.33482473e+01
 7.04000000e+02 9.00000000e+00 9.33889962e+01
 7.05000000e+02 9.00000000e+00 9.24297451e+01
 7.06000000e+02 9.00000000e+00 9.14704940e+01
 7.07000000e+02 9.00000000e+00 9.25112429e+01
 7.08000000e+02 9.00000000e+00 9.35519918e+01
 7.09000000e+02 9.00000000e+00 9.35927407e+01
 7.10000000e+02 9.00000000e+00 9.16334896e+01
 7.11000000e+02 9.00000000e+00 9.26742385e+01
 7.12000000e+02 9.00000000e+00 9.27149874e+01
 7.13000000e+02 9.00000000e+00 9.27557363e+01
 7.14000000e+02 9.00000000e+00 9.27964852e+01
 7.15000000e+02 9.00000000e+00 9.18372341e+01
 7.16000000e+02 9.00000000e+00 9.18779830e+01
 7.17000000e+02 9.00000000e+00 9.19187319e+01
 7.18000000e+02 9.00000000e+00 9.19594808e+01
 7.19000000e+02 9.00000000e+00 9.20002297e+01
 7.20000000e+02 9.00000000e+00 9.20409786e+01
 7.21000000e+02 9.00000000e+00 9.20817275e+01
 7.22000000e+02 9.00000000e+00 9.21224765e+01
 7.23000000e+02 9.00000000e+00 9.21632254e+01
 7.24000000e+02 9.00000000e+00 9.32039743e+01
 7.25000000e+02 9.00000000e+00 9.22447232e+01
 7.26000000e+02 9.00000000e+00 9.02854721e+01
 7.27000000e+02 9.00000000e+00 9.03262210e+01
 7.28000000e+02 9.00000000e+00 9.03669699e+01
 7.29000000e+02 9.00000000e+00 9.04077188e+01
 7.30000000e+02 9.00000000e+00 9.04484677e+01
 7.31000000e+02 9.00000000e+00 9.04892166e+01
