 1.00000000e+00 3.60000000e+01 4.05516969e+00
 2.00000000e+00 3.60000000e+01 4.09422454e+00
 3.00000000e+00 3.60000000e+01 3.13327940e+00
 4.00000000e+00 3.60000000e+01 3.17233426e+00
 5.00000000e+00 3.60000000e+01 2.21138912e+00
 6.00000000e+00 3.60000000e+01 2.25044398e+00
 7.00000000e+00 3.60000000e+01 2.28949883e+00
 8.00000000e+00 3.60000000e+01 3.32855369e+00
 9.00000000e+00 3.60000000e+01 4.36760855e+00
 1.00000000e+01 3.60000000e+01 3.40666341e+00
 1.10000000e+01 3.60000000e+01 2.44571827e+00
 1.20000000e+01 3.60000000e+01 2.48477312e+00
 1.30000000e+01 3.60000000e+01 3.52382798e+00
 1.40000000e+01 3.60000000e+01 3.56288284e+00
 1.50000000e+01 3.60000000e+01 4.60193770e+00
 1.60000000e+01 3.60000000e+01 4.64099256e+00
 1.70000000e+01 3.60000000e+01 5.68004741e+00
 1.80000000e+01 3.60000000e+01 4.71910227e+00
 1.90000000e+01 3.60000000e+01 3.75815713e+00
 2.00000000e+01 3.60000000e+01 3.79721199e+00
 2.60000000e+01 3.60000000e+01 8.03154114e+00
 2.70000000e+01 3.60000000e+01 8.07059599e+00
 2.80000000e+01 3.60000000e+01 8.10965085e+00
 2.90000000e+01 3.60000000e+01 9.14870571e+00
 3.00000000e+01 3.60000000e+01 1.01877606e+01
 3.10000000e+01 3.60000000e+01 1.02268154e+01
 3.20000000e+01 3.60000000e+01 1.02658703e+01
 3.30000000e+01 3.60000000e+01 1.03049251e+01
 3.40000000e+01 3.60000000e+01 1.03439800e+01
 3.50000000e+01 3.60000000e+01 1.03830349e+01
 3.60000000e+01 3.60000000e+01 1.04220897e+01
 3.70000000e+01 3.60000000e+01 1.04611446e+01
 4.50000000e+01 3.60000000e+01 2.97735834e+01
 4.60000000e+01 3.60000000e+01 2.88126383e+01
 4.70000000e+01 3.60000000e+01 2.58516932e+01
 4.80000000e+01 3.60000000e+01 2.48907480e+01
 4.90000000e+01 3.60000000e+01 2.59298029e+01
 5.00000000e+01 3.60000000e+01 2.49688577e+01
 5.10000000e+01 3.60000000e+01 2.40079126e+01
 5.20000000e+01 3.60000000e+01 2.40469674e+01
 5.30000000e+01 3.60000000e+01 2.70860223e+01
 5.40000000e+01 3.60000000e+01 2.91250772e+01
 5.50000000e+01 3.60000000e+01 2.91641320e+01
 5.60000000e+01 3.60000000e+01 2.82031869e+01
 5.70000000e+01 3.60000000e+01 2.82422417e+01
 5.80000000e+01 3.60000000e+01 2.92812966e+01
 5.90000000e+01 3.60000000e+01 2.93203514e+01
 6.00000000e+01 3.60000000e+01 2.93594063e+01
 6.10000000e+01 3.60000000e+01 2.93984612e+01
 6.20000000e+01 3.60000000e+01 2.94375160e+01
 6.30000000e+01 3.60000000e+01 2.94765709e+01
 6.40000000e+01 3.60000000e+01 2.85156257e+01
 6.50000000e+01 3.60000000e+01 2.75546806e+01
 6.60000000e+01 3.60000000e+01 2.75937355e+01
 6.70000000e+01 3.60000000e+01 2.76327903e+01
 6.80000000e+01 3.60000000e+01 2.76718452e+01
 6.90000000e+01 3.60000000e+01 2.77109000e+01
 7.00000000e+01 3.60000000e+01 2.77499549e+01
 7.10000000e+01 3.60000000e+01 2.67890097e+01
 7.20000000e+01 3.60000000e+01 2.68280646e+01
 7.30000000e+01 3.60000000e+01 2.68671195e+01
 7.40000000e+01 3.60000000e+01 2.59061743e+01
 7.50000000e+01 3.60000000e+01 2.49452292e+01
 7.60000000e+01 3.60000000e+01 2.29842840e+01
 7.70000000e+01 3.60000000e+01 2.30233389e+01
 7.80000000e+01 3.60000000e+01 2.10623937e+01
 7.90000000e+01 3.60000000e+01 2.21014486e+01
 8.00000000e+01 3.60000000e+01 1.81405035e+01
 8.10000000e+01 3.60000000e+01 1.71795583e+01
 8.20000000e+01 3.60000000e+01 1.62186132e+01
 8.30000000e+01 3.60000000e+01 1.12576680e+01
 8.40000000e+01 3.60000000e+01 1.12967229e+01
 8.50000000e+01 3.60000000e+01 1.23357778e+01
 8.60000000e+01 3.60000000e+01 1.33748326e+01
 8.70000000e+01 3.60000000e+01 1.34138875e+01
 8.80000000e+01 3.60000000e+01 1.44529423e+01
 8.90000000e+01 3.60000000e+01 1.44919972e+01
 9.00000000e+01 3.60000000e+01 1.35310520e+01
 9.10000000e+01 3.60000000e+01 1.25701069e+01
 9.20000000e+01 3.60000000e+01 1.16091618e+01
 9.30000000e+01 3.60000000e+01 1.26482166e+01
 1.13000000e+02 3.60000000e+01 1.54293138e+01
 1.14000000e+02 3.60000000e+01 1.64683686e+01
 1.15000000e+02 3.60000000e+01 1.55074235e+01
 1.16000000e+02 3.60000000e+01 1.55464784e+01
 1.17000000e+02 3.60000000e+01 1.45855332e+01
 1.18000000e+02 3.60000000e+01 1.46245881e+01
 1.19000000e+02 3.60000000e+01 1.46636429e+01
 1.20000000e+02 3.60000000e+01 1.47026978e+01
 1.21000000e+02 3.60000000e+01 1.47417526e+01
 1.22000000e+02 3.60000000e+01 1.47808075e+01
 1.23000000e+02 3.60000000e+01 1.48198624e+01
 1.24000000e+02 3.60000000e+01 1.38589172e+01
 1.25000000e+02 3.60000000e+01 -1.02027927e-01
 1.26000000e+02 3.60000000e+01 -6.29730691e-02
 1.27000000e+02 3.60000000e+01 9.76081789e-01
 1.28000000e+02 3.60000000e+01 1.01513665e+00
 1.29000000e+02 3.60000000e+01 1.90541915e+01
 1.30000000e+02 3.60000000e+01 1.90932464e+01
 1.31000000e+02 3.60000000e+01 1.91323012e+01
 1.32000000e+02 3.60000000e+01 1.91713561e+01
 1.33000000e+02 3.60000000e+01 2.02104109e+01
 1.34000000e+02 3.60000000e+01 2.02494658e+01
 1.35000000e+02 3.60000000e+01 2.02885207e+01
 1.36000000e+02 3.60000000e+01 2.03275755e+01
 1.37000000e+02 3.60000000e+01 2.03666304e+01
 1.38000000e+02 3.60000000e+01 1.94056852e+01
 1.39000000e+02 3.60000000e+01 1.94447401e+01
 1.40000000e+02 3.60000000e+01 1.84837949e+01
 1.41000000e+02 3.60000000e+01 1.85228498e+01
 1.42000000e+02 3.60000000e+01 1.85619047e+01
 1.43000000e+02 3.60000000e+01 1.86009595e+01
 1.44000000e+02 3.60000000e+01 1.86400144e+01
 1.45000000e+02 3.60000000e+01 1.96790692e+01
 1.46000000e+02 3.60000000e+01 1.97181241e+01
 1.47000000e+02 3.60000000e+01 1.97571789e+01
 1.48000000e+02 3.60000000e+01 1.97962338e+01
 1.49000000e+02 3.60000000e+01 1.88352887e+01
 1.50000000e+02 3.60000000e+01 1.88743435e+01
 1.51000000e+02 3.60000000e+01 1.89133984e+01
 1.52000000e+02 3.60000000e+01 1.89524532e+01
 1.53000000e+02 3.60000000e+01 1.89915081e+01
 1.54000000e+02 3.60000000e+01 1.80305630e+01
 1.55000000e+02 3.60000000e+01 1.70696178e+01
 1.56000000e+02 3.60000000e+01 1.71086727e+01
 1.57000000e+02 3.60000000e+01 1.81477275e+01
 1.58000000e+02 3.60000000e+01 1.18678239e+00
 1.59000000e+02 3.60000000e+01 2.25837243e-01
 1.60000000e+02 3.60000000e+01 2.26489210e+00
 1.61000000e+02 3.60000000e+01 2.30394696e+00
 1.62000000e+02 3.60000000e+01 2.34300182e+00
 1.63000000e+02 3.60000000e+01 5.38205668e+00
 1.64000000e+02 3.60000000e+01 5.42111153e+00
 1.65000000e+02 3.60000000e+01 4.46016639e+00
 1.66000000e+02 3.60000000e+01 6.49922125e+00
 1.67000000e+02 3.60000000e+01 7.53827611e+00
 1.68000000e+02 3.60000000e+01 8.57733096e+00
 1.69000000e+02 3.60000000e+01 8.61638582e+00
 1.70000000e+02 3.60000000e+01 8.65544068e+00
 1.71000000e+02 3.60000000e+01 7.69449554e+00
 1.72000000e+02 3.60000000e+01 6.73355040e+00
 1.73000000e+02 3.60000000e+01 6.77260525e+00
 1.74000000e+02 3.60000000e+01 5.81166011e+00
 1.75000000e+02 3.60000000e+01 5.85071497e+00
 1.76000000e+02 3.60000000e+01 5.88976983e+00
 1.77000000e+02 3.60000000e+01 3.92882469e+00
 1.78000000e+02 3.60000000e+01 4.96787954e+00
 1.79000000e+02 3.60000000e+01 5.00693440e+00
 1.80000000e+02 3.60000000e+01 6.04598926e+00
 1.81000000e+02 3.60000000e+01 7.08504412e+00
 1.82000000e+02 3.60000000e+01 8.12409898e+00
 1.83000000e+02 3.60000000e+01 9.16315383e+00
 1.84000000e+02 3.60000000e+01 9.20220869e+00
 1.85000000e+02 3.60000000e+01 8.24126355e+00
 1.86000000e+02 3.60000000e+01 8.28031841e+00
 1.87000000e+02 3.60000000e+01 4.31937327e+00
 1.88000000e+02 3.60000000e+01 3.35842812e+00
 1.89000000e+02 3.60000000e+01 2.39748298e+00
 1.90000000e+02 3.60000000e+01 1.43653784e+00
 1.91000000e+02 3.60000000e+01 1.47559270e+00
 1.92000000e+02 3.60000000e+01 4.51464756e+00
 1.93000000e+02 3.60000000e+01 7.55370241e+00
 1.94000000e+02 3.60000000e+01 9.59275727e+00
 1.95000000e+02 3.60000000e+01 6.63181213e+00
 1.96000000e+02 3.60000000e+01 6.67086699e+00
 1.97000000e+02 3.60000000e+01 5.70992185e+00
 1.98000000e+02 3.60000000e+01 8.74897670e+00
 1.99000000e+02 3.60000000e+01 6.78803156e+00
 2.00000000e+02 3.60000000e+01 6.82708642e+00
 2.01000000e+02 3.60000000e+01 7.86614128e+00
 2.02000000e+02 3.60000000e+01 7.90519614e+00
 2.03000000e+02 3.60000000e+01 7.94425099e+00
 2.04000000e+02 3.60000000e+01 7.98330585e+00
 2.05000000e+02 3.60000000e+01 9.02236071e+00
 2.06000000e+02 3.60000000e+01 9.06141557e+00
 2.07000000e+02 3.60000000e+01 1.41004704e+01
 2.08000000e+02 3.60000000e+01 1.41395253e+01
 2.09000000e+02 3.60000000e+01 1.41785801e+01
 2.10000000e+02 3.60000000e+01 1.52176350e+01
 2.11000000e+02 3.60000000e+01 1.52566899e+01
 2.12000000e+02 3.60000000e+01 1.52957447e+01
 2.18000000e+02 3.60000000e+01 3.15300739e+01
 2.19000000e+02 3.60000000e+01 3.25691287e+01
 2.20000000e+02 3.60000000e+01 6.60818358e+00
 2.21000000e+02 3.60000000e+01 5.64723844e+00
 2.22000000e+02 3.60000000e+01 7.68629329e+00
 2.23000000e+02 3.60000000e+01 1.07253482e+01
 2.24000000e+02 3.60000000e+01 1.17644030e+01
 2.25000000e+02 3.60000000e+01 1.38034579e+01
 2.26000000e+02 3.60000000e+01 1.38425127e+01
 2.27000000e+02 3.60000000e+01 1.38815676e+01
 2.28000000e+02 3.60000000e+01 1.39206224e+01
 2.29000000e+02 3.60000000e+01 1.29596773e+01
 2.30000000e+02 3.60000000e+01 1.29987322e+01
 2.31000000e+02 3.60000000e+01 2.40377870e+01
 2.32000000e+02 3.60000000e+01 2.40768419e+01
 2.33000000e+02 3.60000000e+01 2.41158967e+01
 2.34000000e+02 3.60000000e+01 2.41549516e+01
 2.35000000e+02 3.60000000e+01 2.41940064e+01
 2.36000000e+02 3.60000000e+01 2.42330613e+01
 2.37000000e+02 3.60000000e+01 2.42721162e+01
 2.38000000e+02 3.60000000e+01 2.43111710e+01
 2.39000000e+02 3.60000000e+01 2.43502259e+01
 2.40000000e+02 3.60000000e+01 2.43892807e+01
 2.41000000e+02 3.60000000e+01 2.54283356e+01
 2.42000000e+02 3.60000000e+01 2.64673905e+01
 2.43000000e+02 3.60000000e+01 2.55064453e+01
 2.44000000e+02 3.60000000e+01 2.25455002e+01
 2.45000000e+02 3.60000000e+01 1.95845550e+01
 2.46000000e+02 3.60000000e+01 1.96236099e+01
 2.47000000e+02 3.60000000e+01 1.86626647e+01
 2.48000000e+02 3.60000000e+01 1.77017196e+01
 2.49000000e+02 3.60000000e+01 1.77407745e+01
 2.50000000e+02 3.60000000e+01 1.67798293e+01
 2.51000000e+02 3.60000000e+01 1.48188842e+01
 2.52000000e+02 3.60000000e+01 1.28579390e+01
 2.53000000e+02 3.60000000e+01 1.28969939e+01
 2.54000000e+02 3.60000000e+01 1.29360487e+01
 2.55000000e+02 3.60000000e+01 1.19751036e+01
 2.56000000e+02 3.60000000e+01 1.20141585e+01
 2.57000000e+02 3.60000000e+01 7.05321332e+00
 2.58000000e+02 3.60000000e+01 7.09226818e+00
 2.59000000e+02 3.60000000e+01 8.13132304e+00
 2.60000000e+02 3.60000000e+01 9.17037790e+00
 2.61000000e+02 3.60000000e+01 8.20943275e+00
 2.62000000e+02 3.60000000e+01 9.24848761e+00
 2.63000000e+02 3.60000000e+01 9.28754247e+00
 2.64000000e+02 3.60000000e+01 1.33265973e+01
 2.65000000e+02 3.60000000e+01 1.43656522e+01
 2.66000000e+02 3.60000000e+01 1.44047070e+01
 2.67000000e+02 3.60000000e+01 1.34437619e+01
 2.68000000e+02 3.60000000e+01 1.24828168e+01
 2.69000000e+02 3.60000000e+01 1.35218716e+01
 2.70000000e+02 3.60000000e+01 1.25609265e+01
 2.71000000e+02 3.60000000e+01 1.15999813e+01
 2.72000000e+02 3.60000000e+01 1.16390362e+01
 2.73000000e+02 3.60000000e+01 1.06780910e+01
 2.74000000e+02 3.60000000e+01 1.17171459e+01
 2.75000000e+02 3.60000000e+01 1.37562008e+01
 2.76000000e+02 3.60000000e+01 1.47952556e+01
 2.77000000e+02 3.60000000e+01 1.38343105e+01
 2.78000000e+02 3.60000000e+01 1.28733653e+01
 2.79000000e+02 3.60000000e+01 1.19124202e+01
 2.80000000e+02 3.60000000e+01 1.19514751e+01
 2.81000000e+02 3.60000000e+01 1.39905299e+01
 2.82000000e+02 3.60000000e+01 1.40295848e+01
 2.83000000e+02 3.60000000e+01 1.40686396e+01
 2.84000000e+02 3.60000000e+01 1.41076945e+01
 2.85000000e+02 3.60000000e+01 1.31467493e+01
 2.86000000e+02 3.60000000e+01 1.41858042e+01
 2.87000000e+02 3.60000000e+01 1.32248591e+01
 2.88000000e+02 3.60000000e+01 1.42639139e+01
 2.89000000e+02 3.60000000e+01 1.23029688e+01
 2.90000000e+02 3.60000000e+01 1.13420236e+01
 2.91000000e+02 3.60000000e+01 9.38107849e+00
 2.92000000e+02 3.60000000e+01 8.42013335e+00
 2.93000000e+02 3.60000000e+01 9.45918821e+00
 2.94000000e+02 3.60000000e+01 9.49824307e+00
 2.95000000e+02 3.60000000e+01 8.53729792e+00
 2.96000000e+02 3.60000000e+01 8.57635278e+00
 2.97000000e+02 3.60000000e+01 9.61540764e+00
 2.98000000e+02 3.60000000e+01 9.65446250e+00
 2.99000000e+02 3.60000000e+01 1.16935174e+01
 3.00000000e+02 3.60000000e+01 1.27325722e+01
 3.01000000e+02 3.60000000e+01 1.27716271e+01
 3.02000000e+02 3.60000000e+01 1.28106819e+01
 3.03000000e+02 3.60000000e+01 1.28497368e+01
 3.04000000e+02 3.60000000e+01 1.38887916e+01
 3.05000000e+02 3.60000000e+01 1.29278465e+01
 3.06000000e+02 3.60000000e+01 1.29669014e+01
 3.07000000e+02 3.60000000e+01 1.30059562e+01
 3.08000000e+02 3.60000000e+01 1.30450111e+01
 3.09000000e+02 3.60000000e+01 1.20840659e+01
 3.10000000e+02 3.60000000e+01 1.11231208e+01
 3.11000000e+02 3.60000000e+01 9.16217565e+00
 3.12000000e+02 3.60000000e+01 8.20123051e+00
 3.13000000e+02 3.60000000e+01 8.24028537e+00
 3.14000000e+02 3.60000000e+01 6.27934023e+00
 3.15000000e+02 3.60000000e+01 7.31839508e+00
 3.16000000e+02 3.60000000e+01 1.73574499e+01
 3.17000000e+02 3.60000000e+01 1.83965048e+01
 3.18000000e+02 3.60000000e+01 1.94355597e+01
 3.19000000e+02 3.60000000e+01 1.94746145e+01
 3.20000000e+02 3.60000000e+01 1.95136694e+01
 3.21000000e+02 3.60000000e+01 1.95527242e+01
 3.22000000e+02 3.60000000e+01 2.05917791e+01
 3.23000000e+02 3.60000000e+01 2.06308339e+01
 3.24000000e+02 3.60000000e+01 2.06698888e+01
 3.25000000e+02 3.60000000e+01 2.07089437e+01
 3.26000000e+02 3.60000000e+01 2.17479985e+01
 3.27000000e+02 3.60000000e+01 2.47870534e+01
 3.28000000e+02 3.60000000e+01 2.48261082e+01
 3.29000000e+02 3.60000000e+01 2.58651631e+01
 3.30000000e+02 3.60000000e+01 2.59042180e+01
 3.31000000e+02 3.60000000e+01 2.59432728e+01
 3.32000000e+02 3.60000000e+01 2.59823277e+01
 3.33000000e+02 3.60000000e+01 2.60213825e+01
 3.34000000e+02 3.60000000e+01 2.60604374e+01
 3.35000000e+02 3.60000000e+01 2.60994922e+01
 3.36000000e+02 3.60000000e+01 2.61385471e+01
 3.37000000e+02 3.60000000e+01 2.51776020e+01
 3.38000000e+02 3.60000000e+01 2.52166568e+01
 3.39000000e+02 3.60000000e+01 2.52557117e+01
 3.40000000e+02 3.60000000e+01 2.52947665e+01
 3.41000000e+02 3.60000000e+01 2.53338214e+01
 3.42000000e+02 3.60000000e+01 2.53728762e+01
 3.43000000e+02 3.60000000e+01 2.44119311e+01
 3.44000000e+02 3.60000000e+01 2.44509860e+01
 3.45000000e+02 3.60000000e+01 2.44900408e+01
 3.46000000e+02 3.60000000e+01 2.45290957e+01
 3.47000000e+02 3.60000000e+01 2.35681505e+01
 3.48000000e+02 3.60000000e+01 2.36072054e+01
 3.49000000e+02 3.60000000e+01 2.26462603e+01
 3.50000000e+02 3.60000000e+01 2.26853151e+01
 3.51000000e+02 3.60000000e+01 2.27243700e+01
 3.52000000e+02 3.60000000e+01 2.27634248e+01
 3.53000000e+02 3.60000000e+01 2.28024797e+01
 3.54000000e+02 3.60000000e+01 2.18415345e+01
 3.55000000e+02 3.60000000e+01 2.28805894e+01
 3.56000000e+02 3.60000000e+01 2.29196443e+01
 3.57000000e+02 3.60000000e+01 2.39586991e+01
 3.58000000e+02 3.60000000e+01 2.39977540e+01
 3.59000000e+02 3.60000000e+01 2.40368088e+01
 3.60000000e+02 3.60000000e+01 2.50758637e+01
 3.61000000e+02 3.60000000e+01 2.51149185e+01
 3.62000000e+02 3.60000000e+01 2.51539734e+01
 3.63000000e+02 3.60000000e+01 2.31930283e+01
 3.64000000e+02 3.60000000e+01 2.32320831e+01
 3.65000000e+02 3.60000000e+01 2.32711380e+01
 3.66000000e+02 3.60000000e+01 2.33101928e+01
 3.67000000e+02 3.60000000e+01 2.23492477e+01
 3.68000000e+02 3.60000000e+01 2.23883026e+01
 3.69000000e+02 3.60000000e+01 2.24273574e+01
 3.70000000e+02 3.60000000e+01 2.34664123e+01
 3.71000000e+02 3.60000000e+01 2.45054671e+01
 3.72000000e+02 3.60000000e+01 2.55445220e+01
 3.73000000e+02 3.60000000e+01 2.85835768e+01
 3.74000000e+02 3.60000000e+01 2.86226317e+01
 3.75000000e+02 3.60000000e+01 2.66616866e+01
 3.76000000e+02 3.60000000e+01 2.67007414e+01
 3.77000000e+02 3.60000000e+01 2.77397963e+01
 3.78000000e+02 3.60000000e+01 2.57788511e+01
 3.79000000e+02 3.60000000e+01 2.78179060e+01
 3.80000000e+02 3.60000000e+01 2.78569609e+01
 3.81000000e+02 3.60000000e+01 2.78960157e+01
 3.82000000e+02 3.60000000e+01 2.79350706e+01
 3.83000000e+02 3.60000000e+01 2.59741254e+01
 3.84000000e+02 3.60000000e+01 2.50131803e+01
 3.85000000e+02 3.60000000e+01 2.50522351e+01
 3.86000000e+02 3.60000000e+01 2.60912900e+01
 3.87000000e+02 3.60000000e+01 2.61303449e+01
 3.88000000e+02 3.60000000e+01 2.61693997e+01
 3.89000000e+02 3.60000000e+01 2.62084546e+01
 3.90000000e+02 3.60000000e+01 2.62475094e+01
 3.91000000e+02 3.60000000e+01 2.62865643e+01
 3.92000000e+02 3.60000000e+01 2.53256191e+01
 3.93000000e+02 3.60000000e+01 2.63646740e+01
 3.94000000e+02 3.60000000e+01 2.44037289e+01
 3.95000000e+02 3.60000000e+01 2.44427837e+01
 3.96000000e+02 3.60000000e+01 2.44818386e+01
 3.97000000e+02 3.60000000e+01 2.35208934e+01
 3.98000000e+02 3.60000000e+01 2.35599483e+01
 3.99000000e+02 3.60000000e+01 2.45990032e+01
 4.00000000e+02 3.60000000e+01 2.56380580e+01
 4.01000000e+02 3.60000000e+01 2.76771129e+01
 4.02000000e+02 3.60000000e+01 2.67161677e+01
 4.03000000e+02 3.60000000e+01 2.67552226e+01
 4.04000000e+02 3.60000000e+01 2.67942774e+01
 4.05000000e+02 3.60000000e+01 2.78333323e+01
 4.06000000e+02 3.60000000e+01 2.78723872e+01
 4.07000000e+02 3.60000000e+01 2.69114420e+01
 4.08000000e+02 3.60000000e+01 2.59504969e+01
 4.09000000e+02 3.60000000e+01 2.49895517e+01
 4.10000000e+02 3.60000000e+01 2.40286066e+01
 4.11000000e+02 3.60000000e+01 2.40676614e+01
 4.12000000e+02 3.60000000e+01 2.41067163e+01
 4.13000000e+02 3.60000000e+01 2.51457712e+01
 4.14000000e+02 3.60000000e+01 2.61848260e+01
 4.15000000e+02 3.60000000e+01 2.62238809e+01
 4.16000000e+02 3.60000000e+01 2.62629357e+01
 4.17000000e+02 3.60000000e+01 2.53019906e+01
 4.18000000e+02 3.60000000e+01 2.53410455e+01
 4.19000000e+02 3.60000000e+01 2.53801003e+01
 4.20000000e+02 3.60000000e+01 2.34191552e+01
 4.21000000e+02 3.60000000e+01 2.14582100e+01
 4.22000000e+02 3.60000000e+01 2.24972649e+01
 4.23000000e+02 3.60000000e+01 2.35363197e+01
 4.24000000e+02 3.60000000e+01 2.15753746e+01
 4.25000000e+02 3.60000000e+01 2.06144295e+01
 4.26000000e+02 3.60000000e+01 1.96534843e+01
 4.27000000e+02 3.60000000e+01 1.86925392e+01
 4.28000000e+02 3.60000000e+01 1.87315940e+01
 4.29000000e+02 3.60000000e+01 1.77706489e+01
 4.30000000e+02 3.60000000e+01 1.88097037e+01
 4.31000000e+02 3.60000000e+01 1.88487586e+01
 4.32000000e+02 3.60000000e+01 1.78878135e+01
 4.33000000e+02 3.60000000e+01 1.79268683e+01
 4.34000000e+02 3.60000000e+01 1.69659232e+01
 4.35000000e+02 3.60000000e+01 1.70049780e+01
 4.36000000e+02 3.60000000e+01 1.70440329e+01
 4.37000000e+02 3.60000000e+01 1.60830878e+01
 4.38000000e+02 3.60000000e+01 1.41221426e+01
 4.39000000e+02 3.60000000e+01 1.51611975e+01
 4.40000000e+02 3.60000000e+01 1.42002523e+01
 4.60000000e+02 3.60000000e+01 1.29813495e+01
 4.61000000e+02 3.60000000e+01 1.30204043e+01
 4.62000000e+02 3.60000000e+01 1.40594592e+01
 4.63000000e+02 3.60000000e+01 1.60985141e+01
 4.64000000e+02 3.60000000e+01 1.71375689e+01
 4.65000000e+02 3.60000000e+01 1.71766238e+01
 4.66000000e+02 3.60000000e+01 1.72156786e+01
 4.67000000e+02 3.60000000e+01 1.62547335e+01
 4.68000000e+02 3.60000000e+01 1.72937884e+01
 4.69000000e+02 3.60000000e+01 2.53328432e+01
 4.70000000e+02 3.60000000e+01 2.73718981e+01
 4.71000000e+02 3.60000000e+01 2.74109529e+01
 4.72000000e+02 3.60000000e+01 2.74500078e+01
 4.73000000e+02 3.60000000e+01 2.74890626e+01
 4.74000000e+02 3.60000000e+01 2.75281175e+01
 4.75000000e+02 3.60000000e+01 2.85671724e+01
 4.76000000e+02 3.60000000e+01 2.96062272e+01
 4.77000000e+02 3.60000000e+01 2.96452821e+01
 4.78000000e+02 3.60000000e+01 2.86843369e+01
 4.79000000e+02 3.60000000e+01 2.77233918e+01
 4.80000000e+02 3.60000000e+01 2.77624466e+01
 4.81000000e+02 3.60000000e+01 2.48015015e+01
 4.82000000e+02 3.60000000e+01 2.48405564e+01
 4.83000000e+02 3.60000000e+01 2.38796112e+01
 4.84000000e+02 3.60000000e+01 2.39186661e+01
 4.85000000e+02 3.60000000e+01 2.49577209e+01
 4.86000000e+02 3.60000000e+01 2.49967758e+01
 4.87000000e+02 3.60000000e+01 2.60358307e+01
 4.88000000e+02 3.60000000e+01 2.60748855e+01
 4.89000000e+02 3.60000000e+01 2.61139404e+01
 4.90000000e+02 3.60000000e+01 2.61529952e+01
 4.91000000e+02 3.60000000e+01 2.61920501e+01
 4.92000000e+02 3.60000000e+01 2.62311049e+01
 4.93000000e+02 3.60000000e+01 2.62701598e+01
 4.94000000e+02 3.60000000e+01 2.63092147e+01
 4.95000000e+02 3.60000000e+01 2.63482695e+01
 4.96000000e+02 3.60000000e+01 2.43873244e+01
 4.97000000e+02 3.60000000e+01 2.44263792e+01
 4.98000000e+02 3.60000000e+01 2.24654341e+01
 4.99000000e+02 3.60000000e+01 2.25044889e+01
 5.00000000e+02 3.60000000e+01 2.05435438e+01
 5.01000000e+02 3.60000000e+01 2.05825987e+01
 5.02000000e+02 3.60000000e+01 2.06216535e+01
 5.03000000e+02 3.60000000e+01 2.26607084e+01
 5.04000000e+02 3.60000000e+01 2.36997632e+01
 5.05000000e+02 3.60000000e+01 2.37388181e+01
 5.06000000e+02 3.60000000e+01 2.47778730e+01
 5.07000000e+02 3.60000000e+01 2.38169278e+01
 5.08000000e+02 3.60000000e+01 1.98559827e+01
 5.09000000e+02 3.60000000e+01 1.98950375e+01
 5.10000000e+02 3.60000000e+01 1.99340924e+01
 5.11000000e+02 3.60000000e+01 1.99731472e+01
 5.12000000e+02 3.60000000e+01 2.00122021e+01
 5.13000000e+02 3.60000000e+01 1.90512570e+01
 5.14000000e+02 3.60000000e+01 1.90903118e+01
 5.15000000e+02 3.60000000e+01 1.81293667e+01
 5.16000000e+02 3.60000000e+01 1.71684215e+01
 5.17000000e+02 3.60000000e+01 2.52074764e+01
 5.18000000e+02 3.60000000e+01 2.52465312e+01
 5.19000000e+02 3.60000000e+01 2.32855861e+01
 5.20000000e+02 3.60000000e+01 2.13246410e+01
 5.21000000e+02 3.60000000e+01 2.33636958e+01
 5.22000000e+02 3.60000000e+01 2.14027507e+01
 5.23000000e+02 3.60000000e+01 2.14418055e+01
 5.24000000e+02 3.60000000e+01 2.04808604e+01
 5.25000000e+02 3.60000000e+01 2.15199153e+01
 5.26000000e+02 3.60000000e+01 2.05589701e+01
 5.27000000e+02 3.60000000e+01 2.15980250e+01
 5.28000000e+02 3.60000000e+01 2.26370798e+01
 5.29000000e+02 3.60000000e+01 2.26761347e+01
 5.32000000e+02 3.60000000e+01 2.47932993e+01
 5.33000000e+02 3.60000000e+01 2.48323541e+01
 5.34000000e+02 3.60000000e+01 2.48714090e+01
 5.35000000e+02 3.60000000e+01 2.49104638e+01
 5.36000000e+02 3.60000000e+01 2.49495187e+01
 5.37000000e+02 3.60000000e+01 2.39885735e+01
 5.38000000e+02 3.60000000e+01 2.40276284e+01
 5.39000000e+02 3.60000000e+01 2.40666833e+01
 5.40000000e+02 3.60000000e+01 2.51057381e+01
 5.41000000e+02 3.60000000e+01 2.51447930e+01
 5.42000000e+02 3.60000000e+01 2.51838478e+01
 5.43000000e+02 3.60000000e+01 2.52229027e+01
 5.44000000e+02 3.60000000e+01 2.62619576e+01
 5.45000000e+02 3.60000000e+01 2.63010124e+01
 5.46000000e+02 3.60000000e+01 2.63400673e+01
 5.47000000e+02 3.60000000e+01 2.73791221e+01
 5.48000000e+02 3.60000000e+01 2.74181770e+01
 5.49000000e+02 3.60000000e+01 2.74572318e+01
 5.50000000e+02 3.60000000e+01 2.74962867e+01
 5.51000000e+02 3.60000000e+01 2.75353416e+01
 5.52000000e+02 3.60000000e+01 2.75743964e+01
 5.53000000e+02 3.60000000e+01 2.76134513e+01
 5.54000000e+02 3.60000000e+01 2.76525061e+01
 5.55000000e+02 3.60000000e+01 2.76915610e+01
 5.56000000e+02 3.60000000e+01 2.67306159e+01
 5.57000000e+02 3.60000000e+01 2.67696707e+01
 5.58000000e+02 3.60000000e+01 2.58087256e+01
 5.59000000e+02 3.60000000e+01 2.48477804e+01
 5.60000000e+02 3.60000000e+01 2.48868353e+01
 5.61000000e+02 3.60000000e+01 2.29258901e+01
 5.62000000e+02 3.60000000e+01 2.29649450e+01
 5.63000000e+02 3.60000000e+01 2.30039999e+01
 5.64000000e+02 3.60000000e+01 2.20430547e+01
 5.65000000e+02 3.60000000e+01 2.20821096e+01
 5.66000000e+02 3.60000000e+01 2.21211644e+01
 5.67000000e+02 3.60000000e+01 2.21602193e+01
 5.68000000e+02 3.60000000e+01 2.21992741e+01
 5.69000000e+02 3.60000000e+01 2.12383290e+01
 5.70000000e+02 3.60000000e+01 2.22773839e+01
 5.71000000e+02 3.60000000e+01 2.23164387e+01
 5.72000000e+02 3.60000000e+01 2.13554936e+01
 5.73000000e+02 3.60000000e+01 2.23945484e+01
 5.93000000e+02 3.60000000e+01 3.01756456e+01
 5.94000000e+02 3.60000000e+01 3.12147005e+01
 5.95000000e+02 3.60000000e+01 3.02537553e+01
 5.96000000e+02 3.60000000e+01 3.12928102e+01
 5.97000000e+02 3.60000000e+01 3.13318650e+01
 5.98000000e+02 3.60000000e+01 3.13709199e+01
 5.99000000e+02 3.60000000e+01 3.34099747e+01
 6.00000000e+02 3.60000000e+01 3.24490296e+01
 6.01000000e+02 3.60000000e+01 3.14880845e+01
 6.02000000e+02 3.60000000e+01 3.15271393e+01
 6.03000000e+02 3.60000000e+01 3.15661942e+01
 6.04000000e+02 3.60000000e+01 3.16052490e+01
 6.05000000e+02 3.60000000e+01 3.16443039e+01
 6.06000000e+02 3.60000000e+01 3.16833587e+01
 6.07000000e+02 3.60000000e+01 3.07224136e+01
 6.08000000e+02 3.60000000e+01 3.07614685e+01
 6.09000000e+02 3.60000000e+01 2.98005233e+01
 6.10000000e+02 3.60000000e+01 2.98395782e+01
 6.11000000e+02 3.60000000e+01 2.88786330e+01
 6.12000000e+02 3.60000000e+01 2.89176879e+01
 6.13000000e+02 3.60000000e+01 2.89567428e+01
 6.14000000e+02 3.60000000e+01 2.99957976e+01
 6.15000000e+02 3.60000000e+01 3.00348525e+01
 6.16000000e+02 3.60000000e+01 3.00739073e+01
 6.17000000e+02 3.60000000e+01 3.01129622e+01
 6.18000000e+02 3.60000000e+01 3.01520170e+01
 6.19000000e+02 3.60000000e+01 3.01910719e+01
 6.20000000e+02 3.60000000e+01 3.02301268e+01
 6.21000000e+02 3.60000000e+01 3.02691816e+01
 6.22000000e+02 3.60000000e+01 3.03082365e+01
 6.23000000e+02 3.60000000e+01 3.03472913e+01
 6.24000000e+02 3.60000000e+01 3.03863462e+01
 6.25000000e+02 3.60000000e+01 3.04254010e+01
 6.26000000e+02 3.60000000e+01 2.94644559e+01
 6.27000000e+02 3.60000000e+01 2.95035108e+01
 6.30000000e+02 3.60000000e+01 3.56206753e+01
 6.31000000e+02 3.60000000e+01 3.66597302e+01
 6.32000000e+02 3.60000000e+01 3.76987851e+01
 6.33000000e+02 3.60000000e+01 3.77378399e+01
 6.34000000e+02 3.60000000e+01 3.77768948e+01
 6.35000000e+02 3.60000000e+01 3.78159496e+01
 6.36000000e+02 3.60000000e+01 3.68550045e+01
 6.37000000e+02 3.60000000e+01 3.68940593e+01
 6.38000000e+02 3.60000000e+01 3.59331142e+01
 6.39000000e+02 3.60000000e+01 3.59721691e+01
 6.40000000e+02 3.60000000e+01 3.70112239e+01
 6.41000000e+02 3.60000000e+01 3.70502788e+01
 6.42000000e+02 3.60000000e+01 3.80893336e+01
 6.43000000e+02 3.60000000e+01 3.91283885e+01
 6.44000000e+02 3.60000000e+01 3.91674434e+01
 6.45000000e+02 3.60000000e+01 3.92064982e+01
 6.46000000e+02 3.60000000e+01 3.82455531e+01
 6.47000000e+02 3.60000000e+01 3.72846079e+01
 6.48000000e+02 3.60000000e+01 3.73236628e+01
 6.49000000e+02 3.60000000e+01 3.63627176e+01
 6.50000000e+02 3.60000000e+01 3.64017725e+01
 6.51000000e+02 3.60000000e+01 3.64408274e+01
 6.52000000e+02 3.60000000e+01 3.64798822e+01
 6.58000000e+02 3.60000000e+01 3.47142114e+01
 6.59000000e+02 3.60000000e+01 3.47532662e+01
 6.60000000e+02 3.60000000e+01 3.57923211e+01
 6.61000000e+02 3.60000000e+01 3.68313759e+01
 6.62000000e+02 3.60000000e+01 3.58704308e+01
 6.63000000e+02 3.60000000e+01 3.69094857e+01
 6.64000000e+02 3.60000000e+01 3.69485405e+01
 6.65000000e+02 3.60000000e+01 3.69875954e+01
 6.66000000e+02 3.60000000e+01 3.80266502e+01
 6.67000000e+02 3.60000000e+01 3.90657051e+01
 6.68000000e+02 3.60000000e+01 3.91047599e+01
 6.69000000e+02 3.60000000e+01 3.91438148e+01
 6.70000000e+02 3.60000000e+01 3.51828697e+01
 6.71000000e+02 3.60000000e+01 3.52219245e+01
 6.72000000e+02 3.60000000e+01 3.42609794e+01
 6.73000000e+02 3.60000000e+01 3.53000342e+01
 6.74000000e+02 3.60000000e+01 3.43390891e+01
 6.75000000e+02 3.60000000e+01 3.53781439e+01
 6.76000000e+02 3.60000000e+01 3.64171988e+01
 6.77000000e+02 3.60000000e+01 3.64562537e+01
 6.78000000e+02 3.60000000e+01 3.74953085e+01
 6.79000000e+02 3.60000000e+01 3.75343634e+01
 6.80000000e+02 3.60000000e+01 3.75734182e+01
 6.81000000e+02 3.60000000e+01 3.86124731e+01
 6.82000000e+02 3.60000000e+01 3.96515280e+01
 6.83000000e+02 3.60000000e+01 3.96905828e+01
 6.84000000e+02 3.60000000e+01 3.97296377e+01
 6.85000000e+02 3.60000000e+01 3.97686925e+01
 6.86000000e+02 3.60000000e+01 3.98077474e+01
 6.87000000e+02 3.60000000e+01 3.98468022e+01
 6.88000000e+02 3.60000000e+01 3.98858571e+01
 6.89000000e+02 3.60000000e+01 3.99249120e+01
 6.90000000e+02 3.60000000e+01 3.99639668e+01
 6.91000000e+02 3.60000000e+01 4.00030217e+01
 6.92000000e+02 3.60000000e+01 4.00420765e+01
 6.93000000e+02 3.60000000e+01 4.00811314e+01
 6.94000000e+02 3.60000000e+01 4.01201862e+01
 6.95000000e+02 3.60000000e+01 4.01592411e+01
 6.96000000e+02 3.60000000e+01 4.01982960e+01
 6.97000000e+02 3.60000000e+01 4.02373508e+01
 6.98000000e+02 3.60000000e+01 3.92764057e+01
 6.99000000e+02 3.60000000e+01 3.93154605e+01
 7.00000000e+02 3.60000000e+01 4.03545154e+01
