 1.00000000e+00 8.00000000e+00 4.20551697e+01
 2.00000000e+00 8.00000000e+00 4.00942245e+01
 3.00000000e+00 8.00000000e+00 4.01332794e+01
 4.00000000e+00 8.00000000e+00 4.01723343e+01
 5.00000000e+00 8.00000000e+00 4.12113891e+01
 6.00000000e+00 8.00000000e+00 4.12504440e+01
 7.00000000e+00 8.00000000e+00 4.12894988e+01
 8.00000000e+00 8.00000000e+00 4.13285537e+01
 9.00000000e+00 8.00000000e+00 4.23676086e+01
 1.00000000e+01 8.00000000e+00 4.24066634e+01
 1.10000000e+01 8.00000000e+00 4.24457183e+01
 1.20000000e+01 8.00000000e+00 4.34847731e+01
 1.50000000e+01 8.00000000e+00 3.86019377e+01
 1.60000000e+01 8.00000000e+00 3.86409926e+01
 1.70000000e+01 8.00000000e+00 4.06800474e+01
 1.80000000e+01 8.00000000e+00 4.17191023e+01
 1.90000000e+01 8.00000000e+00 4.27581571e+01
 2.00000000e+01 8.00000000e+00 4.27972120e+01
 2.10000000e+01 8.00000000e+00 4.28362668e+01
 2.20000000e+01 8.00000000e+00 4.28753217e+01
 2.30000000e+01 8.00000000e+00 4.39143766e+01
 2.40000000e+01 8.00000000e+00 4.39534314e+01
 2.50000000e+01 8.00000000e+00 4.39924863e+01
 2.60000000e+01 8.00000000e+00 4.40315411e+01
 2.70000000e+01 8.00000000e+00 4.40705960e+01
 2.80000000e+01 8.00000000e+00 4.41096509e+01
 2.90000000e+01 8.00000000e+00 4.31487057e+01
 3.00000000e+01 8.00000000e+00 4.31877606e+01
 3.10000000e+01 8.00000000e+00 4.22268154e+01
 3.20000000e+01 8.00000000e+00 4.22658703e+01
 3.30000000e+01 8.00000000e+00 4.23049251e+01
 3.40000000e+01 8.00000000e+00 4.23439800e+01
 3.50000000e+01 8.00000000e+00 4.23830349e+01
 3.60000000e+01 8.00000000e+00 4.14220897e+01
 3.70000000e+01 8.00000000e+00 4.14611446e+01
 3.80000000e+01 8.00000000e+00 4.15001994e+01
 3.90000000e+01 8.00000000e+00 4.15392543e+01
 4.00000000e+01 8.00000000e+00 4.25783091e+01
 4.10000000e+01 8.00000000e+00 4.36173640e+01
 4.20000000e+01 8.00000000e+00 4.36564189e+01
 4.30000000e+01 8.00000000e+00 4.46954737e+01
 4.40000000e+01 8.00000000e+00 4.47345286e+01
 4.50000000e+01 8.00000000e+00 4.47735834e+01
 4.60000000e+01 8.00000000e+00 4.48126383e+01
 4.70000000e+01 8.00000000e+00 4.48516932e+01
 4.80000000e+01 8.00000000e+00 4.48907480e+01
 4.90000000e+01 8.00000000e+00 4.39298029e+01
 5.00000000e+01 8.00000000e+00 4.29688577e+01
 5.10000000e+01 8.00000000e+00 4.30079126e+01
 5.20000000e+01 8.00000000e+00 4.20469674e+01
 5.30000000e+01 8.00000000e+00 4.20860223e+01
 5.40000000e+01 8.00000000e+00 4.31250772e+01
 5.50000000e+01 8.00000000e+00 4.21641320e+01
 5.60000000e+01 8.00000000e+00 4.12031869e+01
 5.70000000e+01 8.00000000e+00 4.12422417e+01
 5.80000000e+01 8.00000000e+00 4.12812966e+01
 5.90000000e+01 8.00000000e+00 4.13203514e+01
 6.00000000e+01 8.00000000e+00 4.13594063e+01
 6.10000000e+01 8.00000000e+00 4.03984612e+01
 6.20000000e+01 8.00000000e+00 4.04375160e+01
 6.30000000e+01 8.00000000e+00 4.04765709e+01
 6.40000000e+01 8.00000000e+00 4.05156257e+01
 6.50000000e+01 8.00000000e+00 3.95546806e+01
 6.60000000e+01 8.00000000e+00 3.95937355e+01
 6.70000000e+01 8.00000000e+00 3.96327903e+01
 6.80000000e+01 8.00000000e+00 3.96718452e+01
 6.90000000e+01 8.00000000e+00 4.17109000e+01
 7.00000000e+01 8.00000000e+00 4.17499549e+01
 7.10000000e+01 8.00000000e+00 4.17890097e+01
 7.20000000e+01 8.00000000e+00 4.28280646e+01
 7.30000000e+01 8.00000000e+00 4.28671195e+01
 7.40000000e+01 8.00000000e+00 4.49061743e+01
 7.50000000e+01 8.00000000e+00 4.29452292e+01
 7.60000000e+01 8.00000000e+00 4.39842840e+01
 7.70000000e+01 8.00000000e+00 4.40233389e+01
 7.80000000e+01 8.00000000e+00 4.40623937e+01
 7.90000000e+01 8.00000000e+00 4.41014486e+01
 8.00000000e+01 8.00000000e+00 4.41405035e+01
 8.10000000e+01 8.00000000e+00 4.51795583e+01
 8.20000000e+01 8.00000000e+00 4.62186132e+01
 8.30000000e+01 8.00000000e+00 4.82576680e+01
 8.40000000e+01 8.00000000e+00 4.62967229e+01
 8.50000000e+01 8.00000000e+00 4.43357778e+01
 8.60000000e+01 8.00000000e+00 4.43748326e+01
 8.70000000e+01 8.00000000e+00 4.34138875e+01
 8.80000000e+01 8.00000000e+00 4.34529423e+01
 8.90000000e+01 8.00000000e+00 4.34919972e+01
 9.00000000e+01 8.00000000e+00 4.35310520e+01
 9.10000000e+01 8.00000000e+00 4.35701069e+01
 9.20000000e+01 8.00000000e+00 4.36091618e+01
 9.30000000e+01 8.00000000e+00 4.36482166e+01
 9.40000000e+01 8.00000000e+00 4.36872715e+01
 9.50000000e+01 8.00000000e+00 4.37263263e+01
 9.60000000e+01 8.00000000e+00 4.27653812e+01
 9.70000000e+01 8.00000000e+00 4.28044361e+01
 9.80000000e+01 8.00000000e+00 4.28434909e+01
 9.90000000e+01 8.00000000e+00 4.28825458e+01
 1.00000000e+02 8.00000000e+00 4.29216006e+01
 1.01000000e+02 8.00000000e+00 4.39606555e+01
 1.02000000e+02 8.00000000e+00 4.49997103e+01
 1.03000000e+02 8.00000000e+00 4.30387652e+01
 1.04000000e+02 8.00000000e+00 4.30778201e+01
 1.05000000e+02 8.00000000e+00 4.01168749e+01
 1.06000000e+02 8.00000000e+00 3.91559298e+01
 1.07000000e+02 8.00000000e+00 3.81949846e+01
 1.08000000e+02 8.00000000e+00 4.32340395e+01
 1.09000000e+02 8.00000000e+00 4.32730943e+01
 1.10000000e+02 8.00000000e+00 4.33121492e+01
 1.11000000e+02 8.00000000e+00 4.33512041e+01
 1.12000000e+02 8.00000000e+00 4.33902589e+01
 1.13000000e+02 8.00000000e+00 4.44293138e+01
 1.14000000e+02 8.00000000e+00 4.44683686e+01
 1.15000000e+02 8.00000000e+00 4.55074235e+01
 1.16000000e+02 8.00000000e+00 4.55464784e+01
 1.17000000e+02 8.00000000e+00 4.55855332e+01
 1.18000000e+02 8.00000000e+00 4.56245881e+01
 1.19000000e+02 8.00000000e+00 4.46636429e+01
 1.20000000e+02 8.00000000e+00 4.37026978e+01
 1.21000000e+02 8.00000000e+00 4.37417526e+01
 1.22000000e+02 8.00000000e+00 4.27808075e+01
 1.23000000e+02 8.00000000e+00 4.28198624e+01
 1.24000000e+02 8.00000000e+00 4.38589172e+01
 1.25000000e+02 8.00000000e+00 4.38979721e+01
 1.26000000e+02 8.00000000e+00 4.49370269e+01
 1.27000000e+02 8.00000000e+00 4.59760818e+01
 1.28000000e+02 8.00000000e+00 4.80151366e+01
 1.29000000e+02 8.00000000e+00 4.70541915e+01
 1.30000000e+02 8.00000000e+00 4.60932464e+01
 1.31000000e+02 8.00000000e+00 4.61323012e+01
 1.41000000e+02 8.00000000e+00 4.05228498e+01
 1.42000000e+02 8.00000000e+00 4.05619047e+01
 1.43000000e+02 8.00000000e+00 4.06009595e+01
 1.44000000e+02 8.00000000e+00 4.06400144e+01
 1.45000000e+02 8.00000000e+00 3.96790692e+01
 1.46000000e+02 8.00000000e+00 3.87181241e+01
 1.47000000e+02 8.00000000e+00 3.77571789e+01
 1.48000000e+02 8.00000000e+00 3.77962338e+01
 1.49000000e+02 8.00000000e+00 3.88352887e+01
 1.50000000e+02 8.00000000e+00 3.98743435e+01
 1.51000000e+02 8.00000000e+00 4.09133984e+01
 1.52000000e+02 8.00000000e+00 4.09524532e+01
 1.53000000e+02 8.00000000e+00 4.09915081e+01
 1.54000000e+02 8.00000000e+00 4.10305630e+01
 1.55000000e+02 8.00000000e+00 4.10696178e+01
 1.56000000e+02 8.00000000e+00 4.11086727e+01
 1.57000000e+02 8.00000000e+00 4.11477275e+01
 1.58000000e+02 8.00000000e+00 4.11867824e+01
 1.59000000e+02 8.00000000e+00 4.12258372e+01
 1.60000000e+02 8.00000000e+00 4.12648921e+01
 1.61000000e+02 8.00000000e+00 4.03039470e+01
 1.62000000e+02 8.00000000e+00 4.03430018e+01
 1.63000000e+02 8.00000000e+00 4.13820567e+01
 1.64000000e+02 8.00000000e+00 4.14211115e+01
 1.65000000e+02 8.00000000e+00 4.24601664e+01
 1.66000000e+02 8.00000000e+00 4.24992212e+01
 1.67000000e+02 8.00000000e+00 4.15382761e+01
 1.68000000e+02 8.00000000e+00 4.15773310e+01
 1.69000000e+02 8.00000000e+00 4.16163858e+01
 1.70000000e+02 8.00000000e+00 4.16554407e+01
 1.71000000e+02 8.00000000e+00 4.76944955e+01
 1.72000000e+02 8.00000000e+00 4.77335504e+01
 1.73000000e+02 8.00000000e+00 3.67726053e+01
 1.74000000e+02 8.00000000e+00 3.58116601e+01
 1.75000000e+02 8.00000000e+00 3.58507150e+01
 1.76000000e+02 8.00000000e+00 3.58897698e+01
 1.77000000e+02 8.00000000e+00 3.59288247e+01
 1.78000000e+02 8.00000000e+00 3.69678795e+01
 1.79000000e+02 8.00000000e+00 4.30069344e+01
 1.80000000e+02 8.00000000e+00 4.40459893e+01
 1.81000000e+02 8.00000000e+00 4.40850441e+01
 1.82000000e+02 8.00000000e+00 4.21240990e+01
 1.83000000e+02 8.00000000e+00 4.21631538e+01
 1.84000000e+02 8.00000000e+00 4.32022087e+01
 1.85000000e+02 8.00000000e+00 4.32412636e+01
 1.86000000e+02 8.00000000e+00 4.22803184e+01
 1.87000000e+02 8.00000000e+00 4.23193733e+01
 1.88000000e+02 8.00000000e+00 4.43584281e+01
 1.89000000e+02 8.00000000e+00 4.83974830e+01
 1.90000000e+02 8.00000000e+00 4.94365378e+01
 1.91000000e+02 8.00000000e+00 5.24755927e+01
 1.92000000e+02 8.00000000e+00 5.35146476e+01
 1.93000000e+02 8.00000000e+00 5.35537024e+01
 1.94000000e+02 8.00000000e+00 5.35927573e+01
 1.95000000e+02 8.00000000e+00 5.36318121e+01
 1.96000000e+02 8.00000000e+00 5.36708670e+01
 1.97000000e+02 8.00000000e+00 5.37099218e+01
 1.98000000e+02 8.00000000e+00 5.47489767e+01
 1.99000000e+02 8.00000000e+00 5.37880316e+01
 2.00000000e+02 8.00000000e+00 5.38270864e+01
 2.01000000e+02 8.00000000e+00 5.38661413e+01
 2.02000000e+02 8.00000000e+00 5.39051961e+01
 2.03000000e+02 8.00000000e+00 5.29442510e+01
 2.04000000e+02 8.00000000e+00 5.29833059e+01
 2.05000000e+02 8.00000000e+00 5.20223607e+01
 2.06000000e+02 8.00000000e+00 5.20614156e+01
 2.07000000e+02 8.00000000e+00 5.31004704e+01
 2.08000000e+02 8.00000000e+00 5.31395253e+01
 2.09000000e+02 8.00000000e+00 5.41785801e+01
 2.10000000e+02 8.00000000e+00 5.42176350e+01
 2.11000000e+02 8.00000000e+00 5.32566899e+01
 2.12000000e+02 8.00000000e+00 5.32957447e+01
 2.13000000e+02 8.00000000e+00 5.43347996e+01
 2.14000000e+02 8.00000000e+00 5.43738544e+01
 2.15000000e+02 8.00000000e+00 5.34129093e+01
 2.16000000e+02 8.00000000e+00 5.34519641e+01
 2.17000000e+02 8.00000000e+00 5.24910190e+01
 2.18000000e+02 8.00000000e+00 5.25300739e+01
 2.19000000e+02 8.00000000e+00 5.25691287e+01
 2.20000000e+02 8.00000000e+00 5.26081836e+01
 2.21000000e+02 8.00000000e+00 5.26472384e+01
 2.22000000e+02 8.00000000e+00 5.16862933e+01
 2.23000000e+02 8.00000000e+00 5.17253482e+01
 2.24000000e+02 8.00000000e+00 5.17644030e+01
 2.25000000e+02 8.00000000e+00 5.18034579e+01
 2.26000000e+02 8.00000000e+00 5.28425127e+01
 2.27000000e+02 8.00000000e+00 5.38815676e+01
 2.28000000e+02 8.00000000e+00 5.39206224e+01
 2.29000000e+02 8.00000000e+00 5.39596773e+01
 2.30000000e+02 8.00000000e+00 5.59987322e+01
 2.31000000e+02 8.00000000e+00 5.80377870e+01
 2.32000000e+02 8.00000000e+00 5.90768419e+01
 2.33000000e+02 8.00000000e+00 6.11158967e+01
 2.34000000e+02 8.00000000e+00 6.21549516e+01
 2.35000000e+02 8.00000000e+00 6.21940064e+01
 2.36000000e+02 8.00000000e+00 6.22330613e+01
 2.37000000e+02 8.00000000e+00 6.12721162e+01
 2.38000000e+02 8.00000000e+00 6.03111710e+01
 2.39000000e+02 8.00000000e+00 5.93502259e+01
 2.40000000e+02 8.00000000e+00 5.93892807e+01
 2.41000000e+02 8.00000000e+00 5.94283356e+01
 2.42000000e+02 8.00000000e+00 5.94673905e+01
 2.43000000e+02 8.00000000e+00 6.05064453e+01
 2.44000000e+02 8.00000000e+00 5.95455002e+01
 2.45000000e+02 8.00000000e+00 5.95845550e+01
 2.46000000e+02 8.00000000e+00 5.96236099e+01
 2.47000000e+02 8.00000000e+00 5.96626647e+01
 2.48000000e+02 8.00000000e+00 5.97017196e+01
 2.49000000e+02 8.00000000e+00 5.97407745e+01
 2.50000000e+02 8.00000000e+00 5.77798293e+01
 2.51000000e+02 8.00000000e+00 5.78188842e+01
 2.52000000e+02 8.00000000e+00 5.78579390e+01
 2.53000000e+02 8.00000000e+00 5.68969939e+01
 2.54000000e+02 8.00000000e+00 5.59360487e+01
 2.55000000e+02 8.00000000e+00 5.59751036e+01
 2.56000000e+02 8.00000000e+00 5.50141585e+01
 2.57000000e+02 8.00000000e+00 5.40532133e+01
 2.58000000e+02 8.00000000e+00 5.30922682e+01
 2.59000000e+02 8.00000000e+00 5.41313230e+01
 2.60000000e+02 8.00000000e+00 5.41703779e+01
 2.61000000e+02 8.00000000e+00 5.42094328e+01
 2.62000000e+02 8.00000000e+00 5.42484876e+01
 2.63000000e+02 8.00000000e+00 5.42875425e+01
 2.64000000e+02 8.00000000e+00 5.43265973e+01
 2.65000000e+02 8.00000000e+00 5.33656522e+01
 2.66000000e+02 8.00000000e+00 5.24047070e+01
 2.67000000e+02 8.00000000e+00 5.24437619e+01
 2.68000000e+02 8.00000000e+00 3.74828168e+01
 2.69000000e+02 8.00000000e+00 3.45218716e+01
 2.70000000e+02 8.00000000e+00 3.25609265e+01
 2.71000000e+02 8.00000000e+00 3.15999813e+01
 2.72000000e+02 8.00000000e+00 3.16390362e+01
 2.73000000e+02 8.00000000e+00 4.56780910e+01
 2.74000000e+02 8.00000000e+00 4.57171459e+01
 2.75000000e+02 8.00000000e+00 4.47562008e+01
 2.76000000e+02 8.00000000e+00 4.47952556e+01
 2.77000000e+02 8.00000000e+00 4.68343105e+01
 2.78000000e+02 8.00000000e+00 4.58733653e+01
 2.79000000e+02 8.00000000e+00 4.59124202e+01
 2.80000000e+02 8.00000000e+00 4.39514751e+01
 2.81000000e+02 8.00000000e+00 4.29905299e+01
 2.82000000e+02 8.00000000e+00 4.20295848e+01
 2.83000000e+02 8.00000000e+00 4.30686396e+01
 2.84000000e+02 8.00000000e+00 4.31076945e+01
 2.85000000e+02 8.00000000e+00 4.41467493e+01
 2.86000000e+02 8.00000000e+00 4.41858042e+01
 2.87000000e+02 8.00000000e+00 4.32248591e+01
 2.88000000e+02 8.00000000e+00 4.32639139e+01
 2.89000000e+02 8.00000000e+00 4.23029688e+01
 2.90000000e+02 8.00000000e+00 4.23420236e+01
 2.91000000e+02 8.00000000e+00 4.13810785e+01
 2.92000000e+02 8.00000000e+00 4.24201334e+01
 2.93000000e+02 8.00000000e+00 6.34591882e+01
 2.94000000e+02 8.00000000e+00 6.04982431e+01
 2.95000000e+02 8.00000000e+00 5.95372979e+01
 2.96000000e+02 8.00000000e+00 6.05763528e+01
 2.97000000e+02 8.00000000e+00 6.06154076e+01
 2.98000000e+02 8.00000000e+00 6.06544625e+01
 2.99000000e+02 8.00000000e+00 6.06935174e+01
 3.00000000e+02 8.00000000e+00 6.07325722e+01
 3.01000000e+02 8.00000000e+00 6.07716271e+01
 3.02000000e+02 8.00000000e+00 6.08106819e+01
 3.03000000e+02 8.00000000e+00 6.18497368e+01
 3.04000000e+02 8.00000000e+00 6.18887916e+01
 3.05000000e+02 8.00000000e+00 6.19278465e+01
 3.06000000e+02 8.00000000e+00 6.19669014e+01
 3.07000000e+02 8.00000000e+00 6.10059562e+01
 3.08000000e+02 8.00000000e+00 6.10450111e+01
 3.09000000e+02 8.00000000e+00 6.00840659e+01
 3.10000000e+02 8.00000000e+00 6.01231208e+01
 3.11000000e+02 8.00000000e+00 6.01621757e+01
 3.12000000e+02 8.00000000e+00 6.02012305e+01
 3.13000000e+02 8.00000000e+00 6.02402854e+01
 3.14000000e+02 8.00000000e+00 6.02793402e+01
 3.15000000e+02 8.00000000e+00 6.13183951e+01
 3.16000000e+02 8.00000000e+00 6.33574499e+01
 3.17000000e+02 8.00000000e+00 6.43965048e+01
 3.18000000e+02 8.00000000e+00 6.44355597e+01
 3.19000000e+02 8.00000000e+00 6.44746145e+01
 3.20000000e+02 8.00000000e+00 6.45136694e+01
 3.21000000e+02 8.00000000e+00 6.35527242e+01
 3.22000000e+02 8.00000000e+00 6.35917791e+01
 3.23000000e+02 8.00000000e+00 6.26308339e+01
 3.24000000e+02 8.00000000e+00 6.26698888e+01
 3.25000000e+02 8.00000000e+00 6.17089437e+01
 3.26000000e+02 8.00000000e+00 6.07479985e+01
 3.27000000e+02 8.00000000e+00 6.07870534e+01
 3.28000000e+02 8.00000000e+00 6.08261082e+01
 3.29000000e+02 8.00000000e+00 6.08651631e+01
 3.30000000e+02 8.00000000e+00 6.09042180e+01
 3.31000000e+02 8.00000000e+00 6.09432728e+01
 3.32000000e+02 8.00000000e+00 5.99823277e+01
 3.33000000e+02 8.00000000e+00 6.00213825e+01
 3.34000000e+02 8.00000000e+00 6.10604374e+01
 3.35000000e+02 8.00000000e+00 6.10994922e+01
 3.36000000e+02 8.00000000e+00 6.11385471e+01
 3.37000000e+02 8.00000000e+00 6.11776020e+01
 3.38000000e+02 8.00000000e+00 6.12166568e+01
 3.39000000e+02 8.00000000e+00 6.12557117e+01
 3.40000000e+02 8.00000000e+00 6.22947665e+01
 3.41000000e+02 8.00000000e+00 6.13338214e+01
 3.42000000e+02 8.00000000e+00 6.23728762e+01
 3.43000000e+02 8.00000000e+00 6.24119311e+01
 3.44000000e+02 8.00000000e+00 6.24509860e+01
 3.45000000e+02 8.00000000e+00 6.24900408e+01
 3.46000000e+02 8.00000000e+00 6.35290957e+01
 3.47000000e+02 8.00000000e+00 6.35681505e+01
 3.48000000e+02 8.00000000e+00 6.46072054e+01
 3.49000000e+02 8.00000000e+00 6.46462603e+01
 3.50000000e+02 8.00000000e+00 6.46853151e+01
 3.51000000e+02 8.00000000e+00 6.47243700e+01
 3.52000000e+02 8.00000000e+00 6.47634248e+01
 3.53000000e+02 8.00000000e+00 6.48024797e+01
 3.54000000e+02 8.00000000e+00 6.48415345e+01
 3.55000000e+02 8.00000000e+00 6.58805894e+01
 3.56000000e+02 8.00000000e+00 6.59196443e+01
 3.57000000e+02 8.00000000e+00 6.49586991e+01
 3.58000000e+02 8.00000000e+00 6.59977540e+01
 3.59000000e+02 8.00000000e+00 6.60368088e+01
 3.60000000e+02 8.00000000e+00 6.50758637e+01
 3.61000000e+02 8.00000000e+00 6.51149185e+01
 3.62000000e+02 8.00000000e+00 6.51539734e+01
 3.63000000e+02 8.00000000e+00 6.81930283e+01
 3.64000000e+02 8.00000000e+00 6.82320831e+01
 3.65000000e+02 8.00000000e+00 6.82711380e+01
 3.66000000e+02 8.00000000e+00 6.83101928e+01
 3.67000000e+02 8.00000000e+00 6.83492477e+01
 3.68000000e+02 8.00000000e+00 6.73883026e+01
 3.69000000e+02 8.00000000e+00 6.64273574e+01
 3.70000000e+02 8.00000000e+00 6.64664123e+01
 3.71000000e+02 8.00000000e+00 6.75054671e+01
 3.72000000e+02 8.00000000e+00 6.75445220e+01
 3.73000000e+02 8.00000000e+00 6.85835768e+01
 3.74000000e+02 8.00000000e+00 6.86226317e+01
 3.75000000e+02 8.00000000e+00 6.76616866e+01
 3.76000000e+02 8.00000000e+00 6.57007414e+01
 3.77000000e+02 8.00000000e+00 6.47397963e+01
 3.78000000e+02 8.00000000e+00 6.47788511e+01
 3.79000000e+02 8.00000000e+00 6.48179060e+01
 3.80000000e+02 8.00000000e+00 6.38569609e+01
 3.81000000e+02 8.00000000e+00 6.38960157e+01
 3.82000000e+02 8.00000000e+00 6.29350706e+01
 3.83000000e+02 8.00000000e+00 6.19741254e+01
 3.84000000e+02 8.00000000e+00 6.20131803e+01
 3.85000000e+02 8.00000000e+00 6.50522351e+01
 3.86000000e+02 8.00000000e+00 6.60912900e+01
 3.87000000e+02 8.00000000e+00 6.61303449e+01
 3.88000000e+02 8.00000000e+00 6.61693997e+01
 3.89000000e+02 8.00000000e+00 6.62084546e+01
 3.90000000e+02 8.00000000e+00 6.52475094e+01
 3.91000000e+02 8.00000000e+00 6.52865643e+01
 3.92000000e+02 8.00000000e+00 6.63256191e+01
 3.93000000e+02 8.00000000e+00 6.43646740e+01
 3.94000000e+02 8.00000000e+00 6.34037289e+01
 3.95000000e+02 8.00000000e+00 6.34427837e+01
 3.96000000e+02 8.00000000e+00 6.34818386e+01
 3.97000000e+02 8.00000000e+00 6.25208934e+01
 3.98000000e+02 8.00000000e+00 6.35599483e+01
 3.99000000e+02 8.00000000e+00 6.35990032e+01
 4.00000000e+02 8.00000000e+00 6.46380580e+01
 4.01000000e+02 8.00000000e+00 6.46771129e+01
 4.02000000e+02 8.00000000e+00 6.67161677e+01
 4.03000000e+02 8.00000000e+00 6.67552226e+01
 4.04000000e+02 8.00000000e+00 6.87942774e+01
 4.05000000e+02 8.00000000e+00 6.88333323e+01
 4.06000000e+02 8.00000000e+00 6.98723872e+01
 4.07000000e+02 8.00000000e+00 6.59114420e+01
 4.08000000e+02 8.00000000e+00 6.49504969e+01
 4.09000000e+02 8.00000000e+00 6.59895517e+01
 4.10000000e+02 8.00000000e+00 6.60286066e+01
 4.11000000e+02 8.00000000e+00 6.60676614e+01
 4.12000000e+02 8.00000000e+00 6.61067163e+01
 4.13000000e+02 8.00000000e+00 6.61457712e+01
 4.14000000e+02 8.00000000e+00 6.71848260e+01
 4.15000000e+02 8.00000000e+00 6.92238809e+01
 4.16000000e+02 8.00000000e+00 7.02629357e+01
 4.17000000e+02 8.00000000e+00 7.13019906e+01
 4.18000000e+02 8.00000000e+00 7.13410455e+01
 4.19000000e+02 8.00000000e+00 7.13801003e+01
 4.20000000e+02 8.00000000e+00 7.14191552e+01
 4.21000000e+02 8.00000000e+00 7.14582100e+01
 4.22000000e+02 8.00000000e+00 7.14972649e+01
 4.23000000e+02 8.00000000e+00 7.15363197e+01
 4.24000000e+02 8.00000000e+00 7.25753746e+01
 4.25000000e+02 8.00000000e+00 7.16144295e+01
 4.26000000e+02 8.00000000e+00 7.26534843e+01
 4.27000000e+02 8.00000000e+00 7.16925392e+01
 4.28000000e+02 8.00000000e+00 7.17315940e+01
 4.29000000e+02 8.00000000e+00 7.17706489e+01
 4.30000000e+02 8.00000000e+00 6.98097037e+01
 4.31000000e+02 8.00000000e+00 6.98487586e+01
 4.32000000e+02 8.00000000e+00 6.98878135e+01
 4.33000000e+02 8.00000000e+00 7.19268683e+01
 4.34000000e+02 8.00000000e+00 7.19659232e+01
 4.35000000e+02 8.00000000e+00 7.20049780e+01
 4.36000000e+02 8.00000000e+00 7.30440329e+01
 4.37000000e+02 8.00000000e+00 7.30830878e+01
 4.38000000e+02 8.00000000e+00 7.31221426e+01
 4.39000000e+02 8.00000000e+00 7.31611975e+01
 4.40000000e+02 8.00000000e+00 7.22002523e+01
 4.41000000e+02 8.00000000e+00 7.12393072e+01
 4.42000000e+02 8.00000000e+00 7.22783620e+01
 4.43000000e+02 8.00000000e+00 7.13174169e+01
 4.44000000e+02 8.00000000e+00 7.23564718e+01
 4.45000000e+02 8.00000000e+00 7.23955266e+01
 4.46000000e+02 8.00000000e+00 7.34345815e+01
 4.47000000e+02 8.00000000e+00 7.44736363e+01
 4.48000000e+02 8.00000000e+00 7.45126912e+01
 4.49000000e+02 8.00000000e+00 7.35517460e+01
 4.50000000e+02 8.00000000e+00 7.35908009e+01
 4.51000000e+02 8.00000000e+00 7.26298558e+01
 4.52000000e+02 8.00000000e+00 7.26689106e+01
 4.53000000e+02 8.00000000e+00 7.47079655e+01
 4.54000000e+02 8.00000000e+00 7.37470203e+01
 4.55000000e+02 8.00000000e+00 7.37860752e+01
 4.56000000e+02 8.00000000e+00 7.38251301e+01
 4.57000000e+02 8.00000000e+00 7.38641849e+01
 4.58000000e+02 8.00000000e+00 7.39032398e+01
 4.59000000e+02 8.00000000e+00 7.39422946e+01
 4.60000000e+02 8.00000000e+00 7.39813495e+01
 4.61000000e+02 8.00000000e+00 7.10204043e+01
 4.62000000e+02 8.00000000e+00 7.10594592e+01
 4.63000000e+02 8.00000000e+00 7.10985141e+01
 4.64000000e+02 8.00000000e+00 7.01375689e+01
 4.65000000e+02 8.00000000e+00 7.01766238e+01
 4.66000000e+02 8.00000000e+00 6.92156786e+01
 4.67000000e+02 8.00000000e+00 6.92547335e+01
 4.68000000e+02 8.00000000e+00 6.92937884e+01
 4.69000000e+02 8.00000000e+00 6.83328432e+01
 4.70000000e+02 8.00000000e+00 7.03718981e+01
 4.71000000e+02 8.00000000e+00 7.14109529e+01
 4.72000000e+02 8.00000000e+00 7.04500078e+01
 4.73000000e+02 8.00000000e+00 7.24890626e+01
 4.74000000e+02 8.00000000e+00 7.25281175e+01
 4.75000000e+02 8.00000000e+00 7.55671724e+01
 4.76000000e+02 8.00000000e+00 7.56062272e+01
 4.77000000e+02 8.00000000e+00 7.56452821e+01
 4.78000000e+02 8.00000000e+00 7.66843369e+01
 4.79000000e+02 8.00000000e+00 7.57233918e+01
 4.80000000e+02 8.00000000e+00 7.37624466e+01
 4.81000000e+02 8.00000000e+00 7.38015015e+01
 4.82000000e+02 8.00000000e+00 7.38405564e+01
 4.83000000e+02 8.00000000e+00 7.38796112e+01
 4.84000000e+02 8.00000000e+00 7.29186661e+01
 4.85000000e+02 8.00000000e+00 7.39577209e+01
 4.86000000e+02 8.00000000e+00 7.49967758e+01
 4.87000000e+02 8.00000000e+00 7.40358307e+01
 4.88000000e+02 8.00000000e+00 7.50748855e+01
 4.89000000e+02 8.00000000e+00 7.51139404e+01
 4.90000000e+02 8.00000000e+00 7.61529952e+01
 4.91000000e+02 8.00000000e+00 7.71920501e+01
 4.92000000e+02 8.00000000e+00 7.82311049e+01
 4.93000000e+02 8.00000000e+00 7.92701598e+01
 4.94000000e+02 8.00000000e+00 7.93092147e+01
 4.95000000e+02 8.00000000e+00 7.93482695e+01
 4.96000000e+02 8.00000000e+00 7.93873244e+01
 4.97000000e+02 8.00000000e+00 7.94263792e+01
 4.98000000e+02 8.00000000e+00 7.94654341e+01
 4.99000000e+02 8.00000000e+00 7.85044889e+01
 5.00000000e+02 8.00000000e+00 7.85435438e+01
 5.01000000e+02 8.00000000e+00 7.65825987e+01
 5.02000000e+02 8.00000000e+00 7.56216535e+01
 5.03000000e+02 8.00000000e+00 7.56607084e+01
 5.04000000e+02 8.00000000e+00 7.56997632e+01
 5.05000000e+02 8.00000000e+00 7.57388181e+01
 5.06000000e+02 8.00000000e+00 7.57778730e+01
 5.07000000e+02 8.00000000e+00 7.68169278e+01
 5.08000000e+02 8.00000000e+00 7.48559827e+01
 5.09000000e+02 8.00000000e+00 7.58950375e+01
 5.10000000e+02 8.00000000e+00 7.59340924e+01
 5.11000000e+02 8.00000000e+00 7.49731472e+01
 5.12000000e+02 8.00000000e+00 7.70122021e+01
 5.13000000e+02 8.00000000e+00 7.70512570e+01
 5.14000000e+02 8.00000000e+00 7.60903118e+01
 5.15000000e+02 8.00000000e+00 7.61293667e+01
 5.16000000e+02 8.00000000e+00 7.61684215e+01
 5.17000000e+02 8.00000000e+00 8.22074764e+01
 5.18000000e+02 8.00000000e+00 8.12465312e+01
 5.19000000e+02 8.00000000e+00 8.12855861e+01
 5.20000000e+02 8.00000000e+00 8.23246410e+01
 5.21000000e+02 8.00000000e+00 8.33636958e+01
 5.22000000e+02 8.00000000e+00 8.14027507e+01
 5.23000000e+02 8.00000000e+00 8.14418055e+01
 5.24000000e+02 8.00000000e+00 8.24808604e+01
 5.25000000e+02 8.00000000e+00 8.35199153e+01
 5.26000000e+02 8.00000000e+00 8.35589701e+01
 5.27000000e+02 8.00000000e+00 8.35980250e+01
 5.28000000e+02 8.00000000e+00 8.36370798e+01
 5.29000000e+02 8.00000000e+00 8.36761347e+01
 5.30000000e+02 8.00000000e+00 8.47151895e+01
 5.31000000e+02 8.00000000e+00 8.47542444e+01
 5.32000000e+02 8.00000000e+00 8.47932993e+01
 5.33000000e+02 8.00000000e+00 8.48323541e+01
 5.34000000e+02 8.00000000e+00 8.48714090e+01
 5.35000000e+02 8.00000000e+00 8.49104638e+01
 5.36000000e+02 8.00000000e+00 8.49495187e+01
 5.37000000e+02 8.00000000e+00 8.39885735e+01
 5.38000000e+02 8.00000000e+00 8.40276284e+01
 5.39000000e+02 8.00000000e+00 8.40666833e+01
 5.40000000e+02 8.00000000e+00 8.41057381e+01
 5.41000000e+02 8.00000000e+00 8.51447930e+01
 5.42000000e+02 8.00000000e+00 8.61838478e+01
 5.43000000e+02 8.00000000e+00 8.72229027e+01
 5.44000000e+02 8.00000000e+00 8.82619576e+01
 5.45000000e+02 8.00000000e+00 8.83010124e+01
 5.46000000e+02 8.00000000e+00 8.73400673e+01
 5.47000000e+02 8.00000000e+00 8.73791221e+01
 5.48000000e+02 8.00000000e+00 8.74181770e+01
 5.49000000e+02 8.00000000e+00 8.64572318e+01
 5.50000000e+02 8.00000000e+00 8.64962867e+01
 5.51000000e+02 8.00000000e+00 8.55353416e+01
 5.52000000e+02 8.00000000e+00 8.55743964e+01
 5.53000000e+02 8.00000000e+00 8.56134513e+01
 5.54000000e+02 8.00000000e+00 8.76525061e+01
 5.55000000e+02 8.00000000e+00 8.96915610e+01
 5.56000000e+02 8.00000000e+00 8.87306159e+01
 5.57000000e+02 8.00000000e+00 8.87696707e+01
 5.58000000e+02 8.00000000e+00 8.88087256e+01
 5.59000000e+02 8.00000000e+00 8.88477804e+01
 5.60000000e+02 8.00000000e+00 8.88868353e+01
 5.61000000e+02 8.00000000e+00 8.79258901e+01
 5.62000000e+02 8.00000000e+00 8.79649450e+01
 5.63000000e+02 8.00000000e+00 8.90039999e+01
 5.64000000e+02 8.00000000e+00 8.90430547e+01
 5.65000000e+02 8.00000000e+00 8.90821096e+01
 5.66000000e+02 8.00000000e+00 8.91211644e+01
 5.67000000e+02 8.00000000e+00 8.91602193e+01
 5.68000000e+02 8.00000000e+00 9.11992741e+01
 5.69000000e+02 8.00000000e+00 9.22383290e+01
 5.70000000e+02 8.00000000e+00 9.22773839e+01
 5.71000000e+02 8.00000000e+00 9.23164387e+01
 5.72000000e+02 8.00000000e+00 9.23554936e+01
 5.73000000e+02 8.00000000e+00 9.23945484e+01
 5.74000000e+02 8.00000000e+00 9.24336033e+01
 5.75000000e+02 8.00000000e+00 9.24726582e+01
 5.76000000e+02 8.00000000e+00 9.25117130e+01
 5.77000000e+02 8.00000000e+00 9.25507679e+01
 5.78000000e+02 8.00000000e+00 9.25898227e+01
 5.79000000e+02 8.00000000e+00 9.26288776e+01
 5.80000000e+02 8.00000000e+00 9.26679324e+01
 5.81000000e+02 8.00000000e+00 9.37069873e+01
 5.82000000e+02 8.00000000e+00 9.37460422e+01
 5.83000000e+02 8.00000000e+00 9.27850970e+01
 5.84000000e+02 8.00000000e+00 9.28241519e+01
 5.85000000e+02 8.00000000e+00 9.28632067e+01
 5.86000000e+02 8.00000000e+00 9.19022616e+01
 5.87000000e+02 8.00000000e+00 9.19413164e+01
 5.88000000e+02 8.00000000e+00 9.19803713e+01
 5.89000000e+02 8.00000000e+00 9.20194262e+01
 5.90000000e+02 8.00000000e+00 9.30584810e+01
 5.91000000e+02 8.00000000e+00 9.30975359e+01
 5.92000000e+02 8.00000000e+00 9.31365907e+01
 5.93000000e+02 8.00000000e+00 9.41756456e+01
 5.94000000e+02 8.00000000e+00 9.42147005e+01
 5.95000000e+02 8.00000000e+00 9.52537553e+01
 5.96000000e+02 8.00000000e+00 9.52928102e+01
 5.97000000e+02 8.00000000e+00 9.63318650e+01
 5.98000000e+02 8.00000000e+00 9.63709199e+01
 5.99000000e+02 8.00000000e+00 9.44099747e+01
 6.00000000e+02 8.00000000e+00 9.54490296e+01
 6.01000000e+02 8.00000000e+00 9.44880845e+01
 6.02000000e+02 8.00000000e+00 9.35271393e+01
 6.03000000e+02 8.00000000e+00 9.35661942e+01
 6.04000000e+02 8.00000000e+00 9.36052490e+01
 6.05000000e+02 8.00000000e+00 9.36443039e+01
 6.06000000e+02 8.00000000e+00 9.46833587e+01
 6.07000000e+02 8.00000000e+00 9.47224136e+01
 6.08000000e+02 8.00000000e+00 9.47614685e+01
 6.09000000e+02 8.00000000e+00 9.38005233e+01
 6.10000000e+02 8.00000000e+00 9.38395782e+01
 6.11000000e+02 8.00000000e+00 9.38786330e+01
 6.12000000e+02 8.00000000e+00 9.39176879e+01
 6.13000000e+02 8.00000000e+00 9.29567428e+01
 6.14000000e+02 8.00000000e+00 9.29957976e+01
 6.15000000e+02 8.00000000e+00 9.40348525e+01
 6.16000000e+02 8.00000000e+00 9.50739073e+01
 6.17000000e+02 8.00000000e+00 9.61129622e+01
 6.18000000e+02 8.00000000e+00 9.61520170e+01
 6.19000000e+02 8.00000000e+00 9.71910719e+01
 6.20000000e+02 8.00000000e+00 9.72301268e+01
 6.21000000e+02 8.00000000e+00 9.72691816e+01
 6.22000000e+02 8.00000000e+00 9.73082365e+01
 6.23000000e+02 8.00000000e+00 9.73472913e+01
 6.24000000e+02 8.00000000e+00 9.73863462e+01
 6.25000000e+02 8.00000000e+00 9.74254010e+01
 6.26000000e+02 8.00000000e+00 9.94644559e+01
 6.27000000e+02 8.00000000e+00 9.75035108e+01
 6.28000000e+02 8.00000000e+00 9.75425656e+01
 6.29000000e+02 8.00000000e+00 9.75816205e+01
 6.30000000e+02 8.00000000e+00 9.76206753e+01
 6.31000000e+02 8.00000000e+00 9.76597302e+01
 6.32000000e+02 8.00000000e+00 9.76987851e+01
 6.33000000e+02 8.00000000e+00 9.77378399e+01
 6.34000000e+02 8.00000000e+00 9.77768948e+01
 6.35000000e+02 8.00000000e+00 9.78159496e+01
 6.36000000e+02 8.00000000e+00 9.88550045e+01
 6.37000000e+02 8.00000000e+00 9.78940593e+01
 6.38000000e+02 8.00000000e+00 9.79331142e+01
 6.39000000e+02 8.00000000e+00 9.79721691e+01
 6.40000000e+02 8.00000000e+00 9.80112239e+01
 6.41000000e+02 8.00000000e+00 9.80502788e+01
 6.42000000e+02 8.00000000e+00 9.80893336e+01
 6.43000000e+02 8.00000000e+00 9.81283885e+01
 6.44000000e+02 8.00000000e+00 9.81674434e+01
 6.67000000e+02 8.00000000e+00 1.05065705e+02
 6.68000000e+02 8.00000000e+00 1.05104760e+02
 6.69000000e+02 8.00000000e+00 1.05143815e+02
 6.70000000e+02 8.00000000e+00 1.08182870e+02
 6.71000000e+02 8.00000000e+00 1.08221925e+02
 6.72000000e+02 8.00000000e+00 1.08260979e+02
 6.73000000e+02 8.00000000e+00 1.08300034e+02
 6.74000000e+02 8.00000000e+00 1.07339089e+02
 6.75000000e+02 8.00000000e+00 1.06378144e+02
 6.76000000e+02 8.00000000e+00 1.05417199e+02
 6.77000000e+02 8.00000000e+00 1.05456254e+02
 6.78000000e+02 8.00000000e+00 1.05495309e+02
 6.79000000e+02 8.00000000e+00 1.04534363e+02
 6.80000000e+02 8.00000000e+00 1.05573418e+02
 6.81000000e+02 8.00000000e+00 1.04612473e+02
 6.82000000e+02 8.00000000e+00 1.04651528e+02
 6.83000000e+02 8.00000000e+00 1.03690583e+02
 6.84000000e+02 8.00000000e+00 1.03729638e+02
 6.85000000e+02 8.00000000e+00 1.03768693e+02
