 1.00000000e+00 3.00000000e+00 2.99163431e+00
 2.00000000e+00 3.00000000e+00 3.02398794e+00
 3.00000000e+00 3.00000000e+00 3.05634158e+00
 4.00000000e+00 3.00000000e+00 3.08869522e+00
 5.00000000e+00 3.00000000e+00 3.12104885e+00
 6.00000000e+00 3.00000000e+00 3.15340249e+00
 7.00000000e+00 3.00000000e+00 3.18575613e+00
 8.00000000e+00 3.00000000e+00 3.21810977e+00
 9.00000000e+00 3.00000000e+00 3.25046340e+00
 1.00000000e+01 3.00000000e+00 3.28281704e+00
 1.10000000e+01 3.00000000e+00 3.31517068e+00
 1.20000000e+01 3.00000000e+00 3.34752432e+00
 1.30000000e+01 3.00000000e+00 3.37987795e+00
 1.40000000e+01 3.00000000e+00 3.41223159e+00
 1.50000000e+01 3.00000000e+00 3.44458523e+00
 1.60000000e+01 3.00000000e+00 3.47693886e+00
 1.70000000e+01 3.00000000e+00 3.50929250e+00
 1.80000000e+01 3.00000000e+00 3.54164614e+00
 1.90000000e+01 3.00000000e+00 3.57399978e+00
 2.00000000e+01 3.00000000e+00 2.60635341e+00
 2.10000000e+01 3.00000000e+00 2.63870705e+00
 2.20000000e+01 3.00000000e+00 2.67106069e+00
 2.30000000e+01 3.00000000e+00 2.70341432e+00
 2.40000000e+01 3.00000000e+00 2.73576796e+00
 2.50000000e+01 3.00000000e+00 2.76812160e+00
 2.60000000e+01 3.00000000e+00 2.80047524e+00
 2.70000000e+01 3.00000000e+00 2.83282887e+00
 2.80000000e+01 3.00000000e+00 2.86518251e+00
 2.90000000e+01 3.00000000e+00 2.89753615e+00
 3.00000000e+01 3.00000000e+00 2.92988978e+00
 3.10000000e+01 3.00000000e+00 2.96224342e+00
 3.20000000e+01 3.00000000e+00 2.99459706e+00
 3.30000000e+01 3.00000000e+00 3.02695070e+00
 3.40000000e+01 3.00000000e+00 2.05930433e+00
 3.50000000e+01 3.00000000e+00 2.09165797e+00
 3.60000000e+01 3.00000000e+00 2.12401161e+00
 3.70000000e+01 3.00000000e+00 2.15636525e+00
 3.80000000e+01 3.00000000e+00 2.18871888e+00
 3.90000000e+01 3.00000000e+00 2.22107252e+00
 4.00000000e+01 3.00000000e+00 3.25342616e+00
 4.10000000e+01 3.00000000e+00 3.28577979e+00
 4.20000000e+01 3.00000000e+00 3.31813343e+00
 4.30000000e+01 3.00000000e+00 3.35048707e+00
 4.40000000e+01 3.00000000e+00 3.38284071e+00
 4.50000000e+01 3.00000000e+00 3.41519434e+00
 4.60000000e+01 3.00000000e+00 3.44754798e+00
 4.70000000e+01 3.00000000e+00 3.47990162e+00
 4.80000000e+01 3.00000000e+00 3.51225525e+00
 4.90000000e+01 3.00000000e+00 3.54460889e+00
 5.00000000e+01 3.00000000e+00 3.57696253e+00
 5.10000000e+01 3.00000000e+00 3.60931617e+00
 5.20000000e+01 3.00000000e+00 3.64166980e+00
 5.30000000e+01 3.00000000e+00 2.67402344e+00
 5.40000000e+01 3.00000000e+00 2.70637708e+00
 5.50000000e+01 3.00000000e+00 2.73873072e+00
 5.60000000e+01 3.00000000e+00 2.77108435e+00
 5.70000000e+01 3.00000000e+00 2.80343799e+00
 5.80000000e+01 3.00000000e+00 2.83579163e+00
 5.90000000e+01 3.00000000e+00 2.86814526e+00
 6.00000000e+01 3.00000000e+00 2.90049890e+00
 6.10000000e+01 3.00000000e+00 2.93285254e+00
 6.20000000e+01 3.00000000e+00 2.96520618e+00
 6.30000000e+01 3.00000000e+00 2.99755981e+00
 6.40000000e+01 3.00000000e+00 3.02991345e+00
 6.50000000e+01 3.00000000e+00 3.06226709e+00
 6.60000000e+01 3.00000000e+00 3.09462072e+00
 6.70000000e+01 3.00000000e+00 3.12697436e+00
 6.80000000e+01 3.00000000e+00 3.15932800e+00
 6.90000000e+01 3.00000000e+00 3.19168164e+00
 7.00000000e+01 3.00000000e+00 3.22403527e+00
 7.10000000e+01 3.00000000e+00 3.25638891e+00
 7.20000000e+01 3.00000000e+00 3.28874255e+00
 7.30000000e+01 3.00000000e+00 3.32109618e+00
 7.40000000e+01 3.00000000e+00 3.35344982e+00
 7.50000000e+01 3.00000000e+00 3.38580346e+00
 7.60000000e+01 3.00000000e+00 3.41815710e+00
 7.70000000e+01 3.00000000e+00 3.45051073e+00
 7.80000000e+01 3.00000000e+00 3.48286437e+00
 7.90000000e+01 3.00000000e+00 3.51521801e+00
 8.00000000e+01 3.00000000e+00 3.54757165e+00
 8.10000000e+01 3.00000000e+00 3.57992528e+00
 8.20000000e+01 3.00000000e+00 3.61227892e+00
 8.30000000e+01 3.00000000e+00 3.64463256e+00
 8.40000000e+01 3.00000000e+00 3.67698619e+00
 8.50000000e+01 3.00000000e+00 2.70933983e+00
 8.60000000e+01 3.00000000e+00 2.74169347e+00
 8.70000000e+01 3.00000000e+00 2.77404711e+00
 8.80000000e+01 3.00000000e+00 2.80640074e+00
 8.90000000e+01 3.00000000e+00 2.83875438e+00
 9.00000000e+01 3.00000000e+00 2.87110802e+00
 9.10000000e+01 3.00000000e+00 2.90346165e+00
 9.20000000e+01 3.00000000e+00 2.93581529e+00
 9.30000000e+01 3.00000000e+00 2.96816893e+00
 9.40000000e+01 3.00000000e+00 3.00052257e+00
 9.50000000e+01 3.00000000e+00 3.03287620e+00
 9.60000000e+01 3.00000000e+00 3.06522984e+00
 9.70000000e+01 3.00000000e+00 3.09758348e+00
 9.80000000e+01 3.00000000e+00 2.12993712e+00
 9.90000000e+01 3.00000000e+00 2.16229075e+00
 1.00000000e+02 3.00000000e+00 2.19464439e+00
 1.01000000e+02 3.00000000e+00 3.22699803e+00
 1.02000000e+02 3.00000000e+00 3.25935166e+00
 1.03000000e+02 3.00000000e+00 3.29170530e+00
 1.04000000e+02 3.00000000e+00 2.32405894e+00
 1.05000000e+02 3.00000000e+00 2.35641258e+00
 1.06000000e+02 3.00000000e+00 2.38876621e+00
 1.07000000e+02 3.00000000e+00 2.42111985e+00
 1.08000000e+02 3.00000000e+00 2.45347349e+00
 1.09000000e+02 3.00000000e+00 2.48582712e+00
 1.10000000e+02 3.00000000e+00 2.51818076e+00
 1.11000000e+02 3.00000000e+00 2.55053440e+00
 1.12000000e+02 3.00000000e+00 1.58288804e+00
 1.13000000e+02 3.00000000e+00 1.61524167e+00
 1.14000000e+02 3.00000000e+00 1.64759531e+00
 1.15000000e+02 3.00000000e+00 1.67994895e+00
 1.16000000e+02 3.00000000e+00 1.71230258e+00
 1.17000000e+02 3.00000000e+00 1.74465622e+00
 1.18000000e+02 3.00000000e+00 1.77700986e+00
 1.19000000e+02 3.00000000e+00 1.80936350e+00
 1.20000000e+02 3.00000000e+00 1.84171713e+00
 1.21000000e+02 3.00000000e+00 1.87407077e+00
 1.22000000e+02 3.00000000e+00 1.90642441e+00
 1.23000000e+02 3.00000000e+00 1.93877805e+00
 1.24000000e+02 3.00000000e+00 1.97113168e+00
 1.25000000e+02 3.00000000e+00 2.00348532e+00
 1.26000000e+02 3.00000000e+00 2.03583896e+00
 1.27000000e+02 3.00000000e+00 2.06819259e+00
 1.28000000e+02 3.00000000e+00 2.10054623e+00
 1.29000000e+02 3.00000000e+00 2.13289987e+00
 1.30000000e+02 3.00000000e+00 2.16525351e+00
 1.31000000e+02 3.00000000e+00 2.19760714e+00
 1.32000000e+02 3.00000000e+00 2.22996078e+00
 1.33000000e+02 3.00000000e+00 2.26231442e+00
 1.34000000e+02 3.00000000e+00 2.29466805e+00
 1.35000000e+02 3.00000000e+00 2.32702169e+00
 1.36000000e+02 3.00000000e+00 2.35937533e+00
 1.37000000e+02 3.00000000e+00 2.39172897e+00
 1.38000000e+02 3.00000000e+00 2.42408260e+00
 1.39000000e+02 3.00000000e+00 2.45643624e+00
 1.40000000e+02 3.00000000e+00 2.48878988e+00
 1.41000000e+02 3.00000000e+00 2.52114351e+00
 1.42000000e+02 3.00000000e+00 2.55349715e+00
 1.43000000e+02 3.00000000e+00 2.58585079e+00
 1.44000000e+02 3.00000000e+00 2.61820443e+00
 1.45000000e+02 3.00000000e+00 2.65055806e+00
 1.46000000e+02 3.00000000e+00 2.68291170e+00
 1.47000000e+02 3.00000000e+00 2.71526534e+00
 1.48000000e+02 3.00000000e+00 2.74761898e+00
 1.49000000e+02 3.00000000e+00 2.77997261e+00
 1.50000000e+02 3.00000000e+00 2.81232625e+00
 1.51000000e+02 3.00000000e+00 2.84467989e+00
 1.52000000e+02 3.00000000e+00 2.87703352e+00
 1.53000000e+02 3.00000000e+00 2.90938716e+00
 1.54000000e+02 3.00000000e+00 2.94174080e+00
 1.55000000e+02 3.00000000e+00 2.97409444e+00
 1.56000000e+02 3.00000000e+00 3.00644807e+00
 1.57000000e+02 3.00000000e+00 2.03880171e+00
 1.58000000e+02 3.00000000e+00 2.07115535e+00
 1.59000000e+02 3.00000000e+00 2.10350898e+00
 1.60000000e+02 3.00000000e+00 2.13586262e+00
 1.61000000e+02 3.00000000e+00 2.16821626e+00
 1.62000000e+02 3.00000000e+00 2.20056990e+00
 1.63000000e+02 3.00000000e+00 2.23292353e+00
 1.64000000e+02 3.00000000e+00 2.26527717e+00
 1.65000000e+02 3.00000000e+00 2.29763081e+00
 1.66000000e+02 3.00000000e+00 2.32998445e+00
 1.67000000e+02 3.00000000e+00 2.36233808e+00
 1.68000000e+02 3.00000000e+00 2.39469172e+00
 1.69000000e+02 3.00000000e+00 2.42704536e+00
 1.70000000e+02 3.00000000e+00 2.45939899e+00
 1.71000000e+02 3.00000000e+00 2.49175263e+00
 1.72000000e+02 3.00000000e+00 2.52410627e+00
 1.73000000e+02 3.00000000e+00 2.55645991e+00
 1.74000000e+02 3.00000000e+00 1.58881354e+00
 1.75000000e+02 3.00000000e+00 1.62116718e+00
 1.76000000e+02 3.00000000e+00 1.65352082e+00
 1.77000000e+02 3.00000000e+00 1.68587445e+00
 1.78000000e+02 3.00000000e+00 1.71822809e+00
 1.79000000e+02 3.00000000e+00 1.75058173e+00
 1.80000000e+02 3.00000000e+00 1.78293537e+00
 1.81000000e+02 3.00000000e+00 2.81528900e+00
 1.82000000e+02 3.00000000e+00 2.84764264e+00
 1.83000000e+02 3.00000000e+00 2.87999628e+00
 1.84000000e+02 3.00000000e+00 1.91234991e+00
 1.85000000e+02 3.00000000e+00 1.94470355e+00
 1.86000000e+02 3.00000000e+00 1.97705719e+00
 1.87000000e+02 3.00000000e+00 2.00941083e+00
 1.88000000e+02 3.00000000e+00 2.04176446e+00
 1.89000000e+02 3.00000000e+00 2.07411810e+00
 1.90000000e+02 3.00000000e+00 2.10647174e+00
 1.91000000e+02 3.00000000e+00 2.13882538e+00
 1.92000000e+02 3.00000000e+00 2.17117901e+00
 1.93000000e+02 3.00000000e+00 1.20353265e+00
 2.10000000e+02 3.00000000e+00 -5.32464555e+01
 2.11000000e+02 3.00000000e+00 -5.32141019e+01
 2.12000000e+02 3.00000000e+00 -5.31817482e+01
 2.13000000e+02 3.00000000e+00 -5.31493946e+01
 2.14000000e+02 3.00000000e+00 -5.31170410e+01
 2.15000000e+02 3.00000000e+00 -5.30846873e+01
 2.16000000e+02 3.00000000e+00 -5.30523337e+01
 2.17000000e+02 3.00000000e+00 -5.30199801e+01
 2.18000000e+02 3.00000000e+00 -5.29876264e+01
 2.19000000e+02 3.00000000e+00 -5.29552728e+01
 2.20000000e+02 3.00000000e+00 -5.29229191e+01
 2.21000000e+02 3.00000000e+00 -5.28905655e+01
 2.22000000e+02 3.00000000e+00 -5.28582119e+01
 2.23000000e+02 3.00000000e+00 -5.28258582e+01
 2.24000000e+02 3.00000000e+00 -5.27935046e+01
 2.25000000e+02 3.00000000e+00 -5.27611510e+01
 2.26000000e+02 3.00000000e+00 -5.27287973e+01
 2.27000000e+02 3.00000000e+00 -5.26964437e+01
 2.28000000e+02 3.00000000e+00 -5.26640900e+01
 2.29000000e+02 3.00000000e+00 -5.26317364e+01
 2.30000000e+02 3.00000000e+00 -5.25993828e+01
 2.31000000e+02 3.00000000e+00 -5.25670291e+01
 2.32000000e+02 3.00000000e+00 -5.25346755e+01
 2.33000000e+02 3.00000000e+00 -5.25023219e+01
 2.34000000e+02 3.00000000e+00 -5.24699682e+01
 2.35000000e+02 3.00000000e+00 -5.24376146e+01
 2.36000000e+02 3.00000000e+00 -5.24052610e+01
 2.37000000e+02 3.00000000e+00 -5.23729073e+01
 2.38000000e+02 3.00000000e+00 -5.33405537e+01
 2.39000000e+02 3.00000000e+00 -5.33082000e+01
 2.40000000e+02 3.00000000e+00 -5.32758464e+01
 2.41000000e+02 3.00000000e+00 -5.32434928e+01
 2.42000000e+02 3.00000000e+00 -5.32111391e+01
 2.43000000e+02 3.00000000e+00 -5.41787855e+01
 2.44000000e+02 3.00000000e+00 -5.31464319e+01
 2.45000000e+02 3.00000000e+00 -5.41140782e+01
 2.46000000e+02 3.00000000e+00 -5.30817246e+01
 2.47000000e+02 3.00000000e+00 -5.30493709e+01
 2.48000000e+02 3.00000000e+00 -5.30170173e+01
 2.49000000e+02 3.00000000e+00 -5.29846637e+01
 2.50000000e+02 3.00000000e+00 -5.29523100e+01
 2.51000000e+02 3.00000000e+00 -5.29199564e+01
 2.52000000e+02 3.00000000e+00 -5.28876028e+01
 2.53000000e+02 3.00000000e+00 -5.28552491e+01
 2.54000000e+02 3.00000000e+00 -5.28228955e+01
 2.55000000e+02 3.00000000e+00 -5.27905418e+01
 2.56000000e+02 3.00000000e+00 -5.27581882e+01
 2.57000000e+02 3.00000000e+00 -5.27258346e+01
 2.58000000e+02 3.00000000e+00 -5.26934809e+01
 2.59000000e+02 3.00000000e+00 -5.26611273e+01
 2.60000000e+02 3.00000000e+00 -5.26287737e+01
 2.61000000e+02 3.00000000e+00 -5.25964200e+01
 2.62000000e+02 3.00000000e+00 -5.35640664e+01
 2.63000000e+02 3.00000000e+00 -5.35317127e+01
 2.64000000e+02 3.00000000e+00 -5.34993591e+01
 2.65000000e+02 3.00000000e+00 -5.34670055e+01
 2.66000000e+02 3.00000000e+00 -5.24346518e+01
 2.67000000e+02 3.00000000e+00 -5.24022982e+01
 2.68000000e+02 3.00000000e+00 -5.33699446e+01
 2.69000000e+02 3.00000000e+00 -5.33375909e+01
 2.70000000e+02 3.00000000e+00 -5.33052373e+01
 2.71000000e+02 3.00000000e+00 -5.32728836e+01
 2.72000000e+02 3.00000000e+00 -5.32405300e+01
 2.73000000e+02 3.00000000e+00 -5.22081764e+01
 2.74000000e+02 3.00000000e+00 -5.31758227e+01
 2.75000000e+02 3.00000000e+00 -5.31434691e+01
 2.76000000e+02 3.00000000e+00 -5.31111155e+01
 2.77000000e+02 3.00000000e+00 -5.30787618e+01
 2.78000000e+02 3.00000000e+00 -5.30464082e+01
 2.79000000e+02 3.00000000e+00 -5.40140546e+01
 2.80000000e+02 3.00000000e+00 -5.39817009e+01
 2.81000000e+02 3.00000000e+00 -5.39493473e+01
 2.82000000e+02 3.00000000e+00 -5.29169936e+01
 2.83000000e+02 3.00000000e+00 -5.38846400e+01
 2.84000000e+02 3.00000000e+00 -5.38522864e+01
 2.85000000e+02 3.00000000e+00 -5.38199327e+01
 2.86000000e+02 3.00000000e+00 -5.37875791e+01
 2.87000000e+02 3.00000000e+00 -5.37552255e+01
 2.88000000e+02 3.00000000e+00 -5.37228718e+01
 2.89000000e+02 3.00000000e+00 -5.36905182e+01
 2.90000000e+02 3.00000000e+00 -5.26581645e+01
 2.91000000e+02 3.00000000e+00 -5.36258109e+01
 2.92000000e+02 3.00000000e+00 -5.35934573e+01
 2.93000000e+02 3.00000000e+00 -5.35611036e+01
 2.94000000e+02 3.00000000e+00 -5.35287500e+01
 2.95000000e+02 3.00000000e+00 -5.34963964e+01
 2.96000000e+02 3.00000000e+00 -5.34640427e+01
 2.97000000e+02 3.00000000e+00 -5.34316891e+01
 2.98000000e+02 3.00000000e+00 -5.33993354e+01
 2.99000000e+02 3.00000000e+00 -5.33669818e+01
 3.00000000e+02 3.00000000e+00 -5.33346282e+01
 3.01000000e+02 3.00000000e+00 -5.33022745e+01
 3.02000000e+02 3.00000000e+00 -5.32699209e+01
 3.03000000e+02 3.00000000e+00 -5.32375673e+01
 3.04000000e+02 3.00000000e+00 -5.32052136e+01
 3.05000000e+02 3.00000000e+00 -5.31728600e+01
 3.06000000e+02 3.00000000e+00 -5.31405063e+01
 3.07000000e+02 3.00000000e+00 -5.31081527e+01
 3.08000000e+02 3.00000000e+00 -5.30757991e+01
 3.09000000e+02 3.00000000e+00 -5.30434454e+01
 3.10000000e+02 3.00000000e+00 -5.30110918e+01
 3.11000000e+02 3.00000000e+00 -5.29787382e+01
 3.12000000e+02 3.00000000e+00 -5.39463845e+01
 3.13000000e+02 3.00000000e+00 -5.39140309e+01
 3.14000000e+02 3.00000000e+00 -5.38816772e+01
 3.15000000e+02 3.00000000e+00 -5.38493236e+01
 3.16000000e+02 3.00000000e+00 -5.48169700e+01
 3.17000000e+02 3.00000000e+00 -5.37846163e+01
 3.18000000e+02 3.00000000e+00 -5.37522627e+01
 3.19000000e+02 3.00000000e+00 -5.37199091e+01
 3.20000000e+02 3.00000000e+00 -5.36875554e+01
 3.21000000e+02 3.00000000e+00 -5.36552018e+01
 3.22000000e+02 3.00000000e+00 -5.36228482e+01
 3.23000000e+02 3.00000000e+00 -5.35904945e+01
 3.24000000e+02 3.00000000e+00 -5.35581409e+01
 3.25000000e+02 3.00000000e+00 -5.35257872e+01
 3.26000000e+02 3.00000000e+00 -5.34934336e+01
 3.27000000e+02 3.00000000e+00 -5.34610800e+01
 3.28000000e+02 3.00000000e+00 -5.34287263e+01
 3.29000000e+02 3.00000000e+00 -5.33963727e+01
 3.30000000e+02 3.00000000e+00 -5.33640191e+01
 3.31000000e+02 3.00000000e+00 -5.33316654e+01
 3.32000000e+02 3.00000000e+00 -5.32993118e+01
 3.33000000e+02 3.00000000e+00 -5.32669581e+01
 3.34000000e+02 3.00000000e+00 -5.32346045e+01
 3.35000000e+02 3.00000000e+00 -5.32022509e+01
 3.36000000e+02 3.00000000e+00 -5.31698972e+01
 3.37000000e+02 3.00000000e+00 -5.31375436e+01
 3.38000000e+02 3.00000000e+00 -5.31051900e+01
 3.39000000e+02 3.00000000e+00 -5.30728363e+01
 3.40000000e+02 3.00000000e+00 -5.30404827e+01
 3.41000000e+02 3.00000000e+00 -5.30081290e+01
 3.42000000e+02 3.00000000e+00 -5.39757754e+01
 3.43000000e+02 3.00000000e+00 -5.39434218e+01
 3.44000000e+02 3.00000000e+00 -5.29110681e+01
 3.45000000e+02 3.00000000e+00 -5.28787145e+01
 3.46000000e+02 3.00000000e+00 -5.28463609e+01
 3.47000000e+02 3.00000000e+00 -5.28140072e+01
 3.48000000e+02 3.00000000e+00 -5.37816536e+01
 3.49000000e+02 3.00000000e+00 -5.37492999e+01
 3.50000000e+02 3.00000000e+00 -5.37169463e+01
 3.51000000e+02 3.00000000e+00 -5.36845927e+01
 3.52000000e+02 3.00000000e+00 -5.46522390e+01
 3.53000000e+02 3.00000000e+00 -5.36198854e+01
 3.54000000e+02 3.00000000e+00 -5.45875318e+01
 3.55000000e+02 3.00000000e+00 -5.45551781e+01
 3.56000000e+02 3.00000000e+00 -5.45228245e+01
 3.57000000e+02 3.00000000e+00 -5.44904708e+01
 3.58000000e+02 3.00000000e+00 -5.44581172e+01
 3.59000000e+02 3.00000000e+00 -3.44257636e+01
 3.60000000e+02 3.00000000e+00 -2.63934099e+01
 3.61000000e+02 3.00000000e+00 -2.63610563e+01
 3.62000000e+02 3.00000000e+00 -2.63287027e+01
 3.63000000e+02 3.00000000e+00 -2.52963490e+01
 3.64000000e+02 3.00000000e+00 -2.52639954e+01
 3.65000000e+02 3.00000000e+00 -2.42316418e+01
 3.66000000e+02 3.00000000e+00 -2.31992881e+01
 3.67000000e+02 3.00000000e+00 -1.51669345e+01
 3.68000000e+02 3.00000000e+00 -6.13458084e+00
 3.69000000e+02 3.00000000e+00 -3.10222720e+00
 3.70000000e+02 3.00000000e+00 -1.06987356e+00
 3.71000000e+02 3.00000000e+00 9.62480073e-01
 3.72000000e+02 3.00000000e+00 -5.16629012e-03
 3.73000000e+02 3.00000000e+00 1.02718735e+00
 3.74000000e+02 3.00000000e+00 1.05954098e+00
 3.75000000e+02 3.00000000e+00 1.09189462e+00
 3.76000000e+02 3.00000000e+00 1.12424826e+00
 3.77000000e+02 3.00000000e+00 1.15660190e+00
 3.78000000e+02 3.00000000e+00 1.18895553e+00
 3.79000000e+02 3.00000000e+00 1.22130917e+00
 3.80000000e+02 3.00000000e+00 1.25366281e+00
 3.81000000e+02 3.00000000e+00 1.28601644e+00
 3.82000000e+02 3.00000000e+00 1.31837008e+00
 3.83000000e+02 3.00000000e+00 1.35072372e+00
 3.84000000e+02 3.00000000e+00 1.38307736e+00
 3.85000000e+02 3.00000000e+00 1.41543099e+00
 3.86000000e+02 3.00000000e+00 1.44778463e+00
 3.87000000e+02 3.00000000e+00 1.48013827e+00
 3.88000000e+02 3.00000000e+00 1.51249191e+00
 3.89000000e+02 3.00000000e+00 1.54484554e+00
 3.90000000e+02 3.00000000e+00 1.57719918e+00
 3.91000000e+02 3.00000000e+00 1.60955282e+00
 3.92000000e+02 3.00000000e+00 1.64190645e+00
 3.93000000e+02 3.00000000e+00 1.67426009e+00
 3.94000000e+02 3.00000000e+00 1.70661373e+00
 3.95000000e+02 3.00000000e+00 1.73896737e+00
 3.96000000e+02 3.00000000e+00 7.71321003e-01
 3.97000000e+02 3.00000000e+00 8.03674640e-01
 3.98000000e+02 3.00000000e+00 8.36028277e-01
 3.99000000e+02 3.00000000e+00 8.68381914e-01
 4.00000000e+02 3.00000000e+00 9.00735552e-01
 4.01000000e+02 3.00000000e+00 9.33089189e-01
 4.02000000e+02 3.00000000e+00 9.65442826e-01
 4.03000000e+02 3.00000000e+00 9.97796463e-01
 4.04000000e+02 3.00000000e+00 1.03015010e+00
 4.05000000e+02 3.00000000e+00 1.06250374e+00
 4.06000000e+02 3.00000000e+00 1.09485737e+00
 4.07000000e+02 3.00000000e+00 1.12721101e+00
 4.08000000e+02 3.00000000e+00 1.15956465e+00
 4.09000000e+02 3.00000000e+00 1.19191829e+00
 4.10000000e+02 3.00000000e+00 1.22427192e+00
 4.11000000e+02 3.00000000e+00 1.25662556e+00
 4.12000000e+02 3.00000000e+00 1.28897920e+00
 4.13000000e+02 3.00000000e+00 1.32133284e+00
 4.14000000e+02 3.00000000e+00 1.35368647e+00
 4.15000000e+02 3.00000000e+00 1.38604011e+00
 4.16000000e+02 3.00000000e+00 1.41839375e+00
 4.17000000e+02 3.00000000e+00 1.45074738e+00
 4.18000000e+02 3.00000000e+00 1.48310102e+00
 4.19000000e+02 3.00000000e+00 1.51545466e+00
 4.20000000e+02 3.00000000e+00 5.47808296e-01
 4.21000000e+02 3.00000000e+00 5.80161933e-01
 4.22000000e+02 3.00000000e+00 6.12515570e-01
 4.23000000e+02 3.00000000e+00 6.44869207e-01
 4.24000000e+02 3.00000000e+00 6.77222845e-01
 4.25000000e+02 3.00000000e+00 7.09576482e-01
 4.26000000e+02 3.00000000e+00 7.41930119e-01
 4.27000000e+02 3.00000000e+00 7.74283756e-01
 4.28000000e+02 3.00000000e+00 8.06637394e-01
 4.29000000e+02 3.00000000e+00 8.38991031e-01
 4.30000000e+02 3.00000000e+00 8.71344668e-01
 4.31000000e+02 3.00000000e+00 9.03698305e-01
 4.32000000e+02 3.00000000e+00 9.36051942e-01
 4.33000000e+02 3.00000000e+00 9.68405580e-01
 4.34000000e+02 3.00000000e+00 1.00075922e+00
 4.35000000e+02 3.00000000e+00 1.03311285e+00
 4.36000000e+02 3.00000000e+00 1.06546649e+00
 4.37000000e+02 3.00000000e+00 1.09782013e+00
 4.38000000e+02 3.00000000e+00 1.13017377e+00
 4.39000000e+02 3.00000000e+00 1.16252740e+00
 4.40000000e+02 3.00000000e+00 1.19488104e+00
 4.41000000e+02 3.00000000e+00 1.22723468e+00
 4.42000000e+02 3.00000000e+00 1.25958831e+00
 4.43000000e+02 3.00000000e+00 1.29194195e+00
 4.44000000e+02 3.00000000e+00 3.24295589e-01
 4.45000000e+02 3.00000000e+00 3.56649226e-01
 4.46000000e+02 3.00000000e+00 3.89002863e-01
 4.47000000e+02 3.00000000e+00 4.21356500e-01
 4.48000000e+02 3.00000000e+00 4.53710138e-01
 4.49000000e+02 3.00000000e+00 4.86063775e-01
 4.50000000e+02 3.00000000e+00 5.18417412e-01
 4.51000000e+02 3.00000000e+00 5.50771049e-01
 4.52000000e+02 3.00000000e+00 5.83124686e-01
 4.53000000e+02 3.00000000e+00 6.15478324e-01
 4.54000000e+02 3.00000000e+00 6.47831961e-01
 4.55000000e+02 3.00000000e+00 6.80185598e-01
 4.56000000e+02 3.00000000e+00 7.12539235e-01
 4.57000000e+02 3.00000000e+00 7.44892873e-01
 4.58000000e+02 3.00000000e+00 7.77246510e-01
 4.59000000e+02 3.00000000e+00 8.09600147e-01
 4.60000000e+02 3.00000000e+00 8.41953784e-01
 4.61000000e+02 3.00000000e+00 8.74307421e-01
 4.62000000e+02 3.00000000e+00 9.06661059e-01
 4.63000000e+02 3.00000000e+00 9.39014696e-01
 4.64000000e+02 3.00000000e+00 9.71368333e-01
 4.65000000e+02 3.00000000e+00 1.00372197e+00
 4.66000000e+02 3.00000000e+00 1.03607561e+00
 4.67000000e+02 3.00000000e+00 1.06842924e+00
 4.68000000e+02 3.00000000e+00 1.00782882e-01
 4.69000000e+02 3.00000000e+00 1.33136519e-01
 4.70000000e+02 3.00000000e+00 1.65490156e-01
 4.71000000e+02 3.00000000e+00 1.97843793e-01
 4.72000000e+02 3.00000000e+00 2.30197431e-01
 4.73000000e+02 3.00000000e+00 2.62551068e-01
 4.74000000e+02 3.00000000e+00 2.94904705e-01
 4.75000000e+02 3.00000000e+00 3.27258342e-01
 4.76000000e+02 3.00000000e+00 3.59611979e-01
 4.77000000e+02 3.00000000e+00 3.91965617e-01
 4.78000000e+02 3.00000000e+00 4.24319254e-01
 4.79000000e+02 3.00000000e+00 4.56672891e-01
 4.80000000e+02 3.00000000e+00 4.89026528e-01
 4.81000000e+02 3.00000000e+00 5.21380166e-01
 4.82000000e+02 3.00000000e+00 5.53733803e-01
 4.83000000e+02 3.00000000e+00 5.86087440e-01
 4.84000000e+02 3.00000000e+00 6.18441077e-01
 4.85000000e+02 3.00000000e+00 6.50794714e-01
 4.86000000e+02 3.00000000e+00 6.83148352e-01
 4.87000000e+02 3.00000000e+00 7.15501989e-01
 4.88000000e+02 3.00000000e+00 7.47855626e-01
 4.89000000e+02 3.00000000e+00 7.80209263e-01
 4.90000000e+02 3.00000000e+00 8.12562900e-01
 4.91000000e+02 3.00000000e+00 8.44916538e-01
 4.92000000e+02 3.00000000e+00 -1.22729825e-01
 4.93000000e+02 3.00000000e+00 -9.03761880e-02
 4.94000000e+02 3.00000000e+00 -5.80225508e-02
 4.95000000e+02 3.00000000e+00 -2.56689136e-02
 4.96000000e+02 3.00000000e+00 6.68472362e-03
 4.97000000e+02 3.00000000e+00 3.90383608e-02
 4.98000000e+02 3.00000000e+00 7.13919980e-02
 4.99000000e+02 3.00000000e+00 1.03745635e-01
 5.00000000e+02 3.00000000e+00 1.36099272e-01
 5.01000000e+02 3.00000000e+00 1.68452910e-01
 5.02000000e+02 3.00000000e+00 2.00806547e-01
 5.03000000e+02 3.00000000e+00 2.33160184e-01
 5.04000000e+02 3.00000000e+00 2.65513821e-01
 5.05000000e+02 3.00000000e+00 2.97867458e-01
 5.06000000e+02 3.00000000e+00 3.30221096e-01
 5.07000000e+02 3.00000000e+00 3.62574733e-01
 5.08000000e+02 3.00000000e+00 3.94928370e-01
 5.09000000e+02 3.00000000e+00 4.27282007e-01
 5.10000000e+02 3.00000000e+00 4.59635645e-01
 5.11000000e+02 3.00000000e+00 4.91989282e-01
 5.12000000e+02 3.00000000e+00 5.24342919e-01
 5.13000000e+02 3.00000000e+00 5.56696556e-01
 5.14000000e+02 3.00000000e+00 -4.10949807e-01
 5.15000000e+02 3.00000000e+00 6.21403831e-01
 5.16000000e+02 3.00000000e+00 -3.46242532e-01
 5.17000000e+02 3.00000000e+00 -3.13888895e-01
 5.18000000e+02 3.00000000e+00 -2.81535258e-01
 5.19000000e+02 3.00000000e+00 -2.49181621e-01
 5.20000000e+02 3.00000000e+00 -2.16827983e-01
 5.21000000e+02 3.00000000e+00 -1.84474346e-01
 5.22000000e+02 3.00000000e+00 -1.52120709e-01
 5.23000000e+02 3.00000000e+00 -1.19767072e-01
 5.24000000e+02 3.00000000e+00 -8.74134346e-02
 5.25000000e+02 3.00000000e+00 -1.05505980e+00
 5.26000000e+02 3.00000000e+00 -1.02270616e+00
 5.27000000e+02 3.00000000e+00 -9.90352523e-01
 5.28000000e+02 3.00000000e+00 4.20011143e-02
 5.29000000e+02 3.00000000e+00 7.43547515e-02
 5.30000000e+02 3.00000000e+00 1.06708389e-01
 5.31000000e+02 3.00000000e+00 -8.60937974e-01
 5.32000000e+02 3.00000000e+00 -8.28584337e-01
 5.33000000e+02 3.00000000e+00 -7.96230700e-01
 5.34000000e+02 3.00000000e+00 -7.63877062e-01
 5.35000000e+02 3.00000000e+00 2.68476575e-01
 5.36000000e+02 3.00000000e+00 -6.99169788e-01
 5.37000000e+02 3.00000000e+00 -6.66816151e-01
 5.38000000e+02 3.00000000e+00 -6.34462514e-01
 5.39000000e+02 3.00000000e+00 -6.02108876e-01
 5.40000000e+02 3.00000000e+00 -5.69755239e-01
 5.41000000e+02 3.00000000e+00 4.62598398e-01
 5.42000000e+02 3.00000000e+00 4.94952035e-01
 5.43000000e+02 3.00000000e+00 5.27305672e-01
 5.44000000e+02 3.00000000e+00 5.59659310e-01
 5.45000000e+02 3.00000000e+00 5.92012947e-01
 5.46000000e+02 3.00000000e+00 6.24366584e-01
 5.47000000e+02 3.00000000e+00 6.56720221e-01
 5.48000000e+02 3.00000000e+00 6.89073858e-01
 5.49000000e+02 3.00000000e+00 -2.78572504e-01
 5.50000000e+02 3.00000000e+00 -2.46218867e-01
 5.51000000e+02 3.00000000e+00 -2.13865230e-01
 5.52000000e+02 3.00000000e+00 -1.81511593e-01
 5.53000000e+02 3.00000000e+00 -1.49157956e-01
 5.54000000e+02 3.00000000e+00 -1.16804318e-01
 5.55000000e+02 3.00000000e+00 -8.44506811e-02
 5.56000000e+02 3.00000000e+00 -5.20970439e-02
 5.57000000e+02 3.00000000e+00 -1.97434067e-02
 5.58000000e+02 3.00000000e+00 1.26102305e-02
 5.59000000e+02 3.00000000e+00 4.49638677e-02
 5.60000000e+02 3.00000000e+00 7.73175049e-02
 5.61000000e+02 3.00000000e+00 1.09671142e-01
 5.62000000e+02 3.00000000e+00 1.42024779e-01
 5.63000000e+02 3.00000000e+00 1.74378417e-01
 5.64000000e+02 3.00000000e+00 -7.93267946e-01
 5.65000000e+02 3.00000000e+00 -7.60914309e-01
 5.66000000e+02 3.00000000e+00 -7.28560672e-01
 5.67000000e+02 3.00000000e+00 -6.96207035e-01
 5.68000000e+02 3.00000000e+00 -6.63853397e-01
 5.69000000e+02 3.00000000e+00 -6.31499760e-01
 5.70000000e+02 3.00000000e+00 4.00853877e-01
 5.71000000e+02 3.00000000e+00 4.33207514e-01
 5.72000000e+02 3.00000000e+00 -5.34438849e-01
 5.73000000e+02 3.00000000e+00 4.97914789e-01
 5.74000000e+02 3.00000000e+00 5.30268426e-01
 5.75000000e+02 3.00000000e+00 5.62622063e-01
 5.76000000e+02 3.00000000e+00 -4.05024300e-01
 5.77000000e+02 3.00000000e+00 6.27329337e-01
 5.78000000e+02 3.00000000e+00 6.59682975e-01
 5.79000000e+02 3.00000000e+00 6.92036612e-01
 5.80000000e+02 3.00000000e+00 7.24390249e-01
 5.81000000e+02 3.00000000e+00 -2.43256114e-01
 5.82000000e+02 3.00000000e+00 -2.10902477e-01
 5.83000000e+02 3.00000000e+00 -1.78548839e-01
 5.84000000e+02 3.00000000e+00 -1.46195202e-01
 5.85000000e+02 3.00000000e+00 -1.13841565e-01
 5.86000000e+02 3.00000000e+00 -8.14879277e-02
 5.87000000e+02 3.00000000e+00 -4.91342905e-02
 5.88000000e+02 3.00000000e+00 -1.67806533e-02
 5.89000000e+02 3.00000000e+00 1.55729839e-02
 5.90000000e+02 3.00000000e+00 4.79266211e-02
 5.91000000e+02 3.00000000e+00 8.02802583e-02
 5.92000000e+02 3.00000000e+00 1.12633896e-01
 5.93000000e+02 3.00000000e+00 1.44987533e-01
 5.94000000e+02 3.00000000e+00 1.77341170e-01
 5.95000000e+02 3.00000000e+00 2.09694807e-01
 5.96000000e+02 3.00000000e+00 2.42048444e-01
 5.97000000e+02 3.00000000e+00 2.74402082e-01
 5.98000000e+02 3.00000000e+00 3.06755719e-01
 5.99000000e+02 3.00000000e+00 3.39109356e-01
 6.00000000e+02 3.00000000e+00 3.71462993e-01
 6.01000000e+02 3.00000000e+00 4.03816630e-01
 6.02000000e+02 3.00000000e+00 4.36170268e-01
 6.03000000e+02 3.00000000e+00 4.68523905e-01
 6.04000000e+02 3.00000000e+00 5.00877542e-01
 6.05000000e+02 3.00000000e+00 5.33231179e-01
 6.06000000e+02 3.00000000e+00 5.65584816e-01
 6.07000000e+02 3.00000000e+00 5.97938454e-01
 6.08000000e+02 3.00000000e+00 6.30292091e-01
 6.09000000e+02 3.00000000e+00 6.62645728e-01
 6.10000000e+02 3.00000000e+00 6.94999365e-01
 6.11000000e+02 3.00000000e+00 7.27353002e-01
 6.12000000e+02 3.00000000e+00 -2.40293360e-01
 6.13000000e+02 3.00000000e+00 -2.07939723e-01
 6.14000000e+02 3.00000000e+00 -1.75586086e-01
 6.15000000e+02 3.00000000e+00 -1.43232449e-01
 6.16000000e+02 3.00000000e+00 -1.10878811e-01
 6.17000000e+02 3.00000000e+00 -7.85251743e-02
 6.18000000e+02 3.00000000e+00 -4.61715371e-02
 6.19000000e+02 3.00000000e+00 -1.38178999e-02
 6.20000000e+02 3.00000000e+00 1.85357374e-02
 6.21000000e+02 3.00000000e+00 5.08893746e-02
 6.22000000e+02 3.00000000e+00 8.32430118e-02
 6.23000000e+02 3.00000000e+00 1.15596649e-01
 6.24000000e+02 3.00000000e+00 1.47950286e-01
 6.25000000e+02 3.00000000e+00 1.80303923e-01
 6.26000000e+02 3.00000000e+00 2.12657561e-01
 6.27000000e+02 3.00000000e+00 2.45011198e-01
 6.28000000e+02 3.00000000e+00 2.77364835e-01
 6.29000000e+02 3.00000000e+00 3.09718472e-01
 6.30000000e+02 3.00000000e+00 3.42072109e-01
 6.31000000e+02 3.00000000e+00 3.74425747e-01
 6.32000000e+02 3.00000000e+00 4.06779384e-01
 6.33000000e+02 3.00000000e+00 4.39133021e-01
 6.34000000e+02 3.00000000e+00 4.71486658e-01
 6.35000000e+02 3.00000000e+00 5.03840295e-01
 6.36000000e+02 3.00000000e+00 -4.63806067e-01
 6.37000000e+02 3.00000000e+00 -4.31452430e-01
 6.38000000e+02 3.00000000e+00 -3.99098793e-01
 6.39000000e+02 3.00000000e+00 -3.66745156e-01
 6.40000000e+02 3.00000000e+00 -3.34391518e-01
 6.41000000e+02 3.00000000e+00 -3.02037881e-01
 6.42000000e+02 3.00000000e+00 -2.69684244e-01
 6.43000000e+02 3.00000000e+00 -2.37330607e-01
 6.44000000e+02 3.00000000e+00 -2.04976970e-01
 6.45000000e+02 3.00000000e+00 -1.72623332e-01
 6.46000000e+02 3.00000000e+00 -1.40269695e-01
 6.47000000e+02 3.00000000e+00 -1.07916058e-01
 6.48000000e+02 3.00000000e+00 -7.55624208e-02
 6.49000000e+02 3.00000000e+00 -4.32087836e-02
 6.50000000e+02 3.00000000e+00 -1.08551464e-02
 6.51000000e+02 3.00000000e+00 2.14984908e-02
 6.52000000e+02 3.00000000e+00 5.38521280e-02
 6.53000000e+02 3.00000000e+00 1.08620577e+00
 6.54000000e+02 3.00000000e+00 1.18559402e-01
 6.55000000e+02 3.00000000e+00 1.50913040e-01
 6.56000000e+02 3.00000000e+00 1.83266677e-01
 6.57000000e+02 3.00000000e+00 2.15620314e-01
 6.58000000e+02 3.00000000e+00 2.47973951e-01
 6.59000000e+02 3.00000000e+00 2.80327588e-01
 6.60000000e+02 3.00000000e+00 3.12681226e-01
 6.61000000e+02 3.00000000e+00 3.45034863e-01
 6.62000000e+02 3.00000000e+00 3.77388500e-01
 6.63000000e+02 3.00000000e+00 4.09742137e-01
 6.64000000e+02 3.00000000e+00 -5.57904226e-01
 6.65000000e+02 3.00000000e+00 -5.25550588e-01
 6.66000000e+02 3.00000000e+00 -4.93196951e-01
 6.67000000e+02 3.00000000e+00 -4.60843314e-01
 6.68000000e+02 3.00000000e+00 -4.28489677e-01
 6.69000000e+02 3.00000000e+00 -3.96136039e-01
 6.70000000e+02 3.00000000e+00 -3.63782402e-01
 6.71000000e+02 3.00000000e+00 -3.31428765e-01
 6.72000000e+02 3.00000000e+00 -2.99075128e-01
 6.73000000e+02 3.00000000e+00 -2.66721491e-01
 6.74000000e+02 3.00000000e+00 -2.34367853e-01
 6.75000000e+02 3.00000000e+00 -2.02014216e-01
 6.76000000e+02 3.00000000e+00 -1.69660579e-01
 6.77000000e+02 3.00000000e+00 -1.37306942e-01
 6.78000000e+02 3.00000000e+00 -1.04953305e-01
 6.79000000e+02 3.00000000e+00 -7.25996674e-02
 6.80000000e+02 3.00000000e+00 -4.02460302e-02
 6.81000000e+02 3.00000000e+00 -7.89239298e-03
 6.82000000e+02 3.00000000e+00 2.44612442e-02
 6.83000000e+02 3.00000000e+00 1.05681488e+00
 6.84000000e+02 3.00000000e+00 8.91685186e-02
 6.85000000e+02 3.00000000e+00 -8.78477844e-01
 6.86000000e+02 3.00000000e+00 -8.46124207e-01
 6.87000000e+02 3.00000000e+00 -8.13770570e-01
 6.88000000e+02 3.00000000e+00 2.18583067e-01
 6.89000000e+02 3.00000000e+00 2.50936705e-01
 6.90000000e+02 3.00000000e+00 2.83290342e-01
 6.91000000e+02 3.00000000e+00 3.15643979e-01
 6.92000000e+02 3.00000000e+00 3.47997616e-01
 6.93000000e+02 3.00000000e+00 3.80351254e-01
 6.94000000e+02 3.00000000e+00 4.12704891e-01
 6.95000000e+02 3.00000000e+00 4.45058528e-01
