 2.67000000e+02 1.00000000e+01 5.99663104e+01
 2.68000000e+02 1.00000000e+01 5.99298673e+01
 2.69000000e+02 1.00000000e+01 5.98934243e+01
 2.70000000e+02 1.00000000e+01 5.98569812e+01
 2.71000000e+02 1.00000000e+01 5.98205381e+01
 2.72000000e+02 1.00000000e+01 5.97840950e+01
 2.73000000e+02 1.00000000e+01 5.87476519e+01
 2.74000000e+02 1.00000000e+01 5.87112088e+01
 2.75000000e+02 1.00000000e+01 5.86747657e+01
 2.76000000e+02 1.00000000e+01 5.96383227e+01
 2.77000000e+02 1.00000000e+01 5.96018796e+01
 2.78000000e+02 1.00000000e+01 5.85654365e+01
 2.79000000e+02 1.00000000e+01 5.85289934e+01
 2.80000000e+02 1.00000000e+01 5.84925503e+01
 2.81000000e+02 1.00000000e+01 5.84561072e+01
 2.82000000e+02 1.00000000e+01 5.84196641e+01
 2.83000000e+02 1.00000000e+01 5.83832211e+01
 2.84000000e+02 1.00000000e+01 5.83467780e+01
 2.85000000e+02 1.00000000e+01 5.83103349e+01
 2.86000000e+02 1.00000000e+01 5.82738918e+01
 2.87000000e+02 1.00000000e+01 5.82374487e+01
 2.88000000e+02 1.00000000e+01 5.82010056e+01
 2.89000000e+02 1.00000000e+01 5.81645625e+01
 2.90000000e+02 1.00000000e+01 5.71281195e+01
 2.91000000e+02 1.00000000e+01 5.70916764e+01
 2.92000000e+02 1.00000000e+01 5.70552333e+01
 2.93000000e+02 1.00000000e+01 5.80187902e+01
 2.94000000e+02 1.00000000e+01 5.69823471e+01
 2.95000000e+02 1.00000000e+01 5.69459040e+01
 2.96000000e+02 1.00000000e+01 5.79094609e+01
 2.97000000e+02 1.00000000e+01 5.78730178e+01
 2.98000000e+02 1.00000000e+01 5.78365748e+01
 2.99000000e+02 1.00000000e+01 5.78001317e+01
 3.00000000e+02 1.00000000e+01 5.77636886e+01
 3.01000000e+02 1.00000000e+01 5.67272455e+01
 3.02000000e+02 1.00000000e+01 5.66908024e+01
 3.03000000e+02 1.00000000e+01 5.66543593e+01
 3.04000000e+02 1.00000000e+01 5.66179162e+01
 3.05000000e+02 1.00000000e+01 5.65814732e+01
 3.06000000e+02 1.00000000e+01 5.65450301e+01
 3.07000000e+02 1.00000000e+01 5.65085870e+01
 3.08000000e+02 1.00000000e+01 5.64721439e+01
 3.09000000e+02 1.00000000e+01 5.64357008e+01
 3.10000000e+02 1.00000000e+01 5.53992577e+01
 3.11000000e+02 1.00000000e+01 5.53628146e+01
 3.12000000e+02 1.00000000e+01 5.53263716e+01
 3.13000000e+02 1.00000000e+01 5.52899285e+01
 3.14000000e+02 1.00000000e+01 5.52534854e+01
 3.15000000e+02 1.00000000e+01 5.52170423e+01
 3.16000000e+02 1.00000000e+01 5.51805992e+01
 3.17000000e+02 1.00000000e+01 5.51441561e+01
 3.18000000e+02 1.00000000e+01 5.51077130e+01
 3.19000000e+02 1.00000000e+01 5.50712700e+01
 3.20000000e+02 1.00000000e+01 5.50348269e+01
 3.21000000e+02 1.00000000e+01 5.49983838e+01
 3.22000000e+02 1.00000000e+01 5.49619407e+01
 3.23000000e+02 1.00000000e+01 5.49254976e+01
 3.25000000e+02 1.00000000e+01 5.38526114e+01
 3.26000000e+02 1.00000000e+01 5.38161684e+01
 3.27000000e+02 1.00000000e+01 5.37797253e+01
 3.28000000e+02 1.00000000e+01 5.37432822e+01
 3.29000000e+02 1.00000000e+01 5.27068391e+01
 3.30000000e+02 1.00000000e+01 5.26703960e+01
 3.31000000e+02 1.00000000e+01 5.26339529e+01
 3.32000000e+02 1.00000000e+01 5.35975098e+01
 3.33000000e+02 1.00000000e+01 5.35610668e+01
 3.34000000e+02 1.00000000e+01 5.35246237e+01
 3.35000000e+02 1.00000000e+01 5.24881806e+01
 3.36000000e+02 1.00000000e+01 5.24517375e+01
 3.37000000e+02 1.00000000e+01 5.24152944e+01
 3.38000000e+02 1.00000000e+01 5.23788513e+01
 3.60000000e+02 1.00000000e+01 4.55771034e+01
 3.61000000e+02 1.00000000e+01 4.65406604e+01
 3.62000000e+02 1.00000000e+01 4.65042173e+01
 3.63000000e+02 1.00000000e+01 4.64677742e+01
 3.64000000e+02 1.00000000e+01 4.54313311e+01
 3.65000000e+02 1.00000000e+01 4.53948880e+01
 3.66000000e+02 1.00000000e+01 4.53584449e+01
 3.67000000e+02 1.00000000e+01 4.53220018e+01
 3.68000000e+02 1.00000000e+01 4.42855587e+01
 3.69000000e+02 1.00000000e+01 4.32491157e+01
 3.70000000e+02 1.00000000e+01 4.32126726e+01
 3.71000000e+02 1.00000000e+01 4.31762295e+01
 3.72000000e+02 1.00000000e+01 4.31397864e+01
 3.73000000e+02 1.00000000e+01 4.31033433e+01
 3.74000000e+02 1.00000000e+01 4.30669002e+01
 3.75000000e+02 1.00000000e+01 4.30304571e+01
 3.76000000e+02 1.00000000e+01 4.19940141e+01
 3.77000000e+02 1.00000000e+01 4.19575710e+01
 3.78000000e+02 1.00000000e+01 4.19211279e+01
 3.79000000e+02 1.00000000e+01 4.18846848e+01
 3.80000000e+02 1.00000000e+01 4.08482417e+01
 3.81000000e+02 1.00000000e+01 4.08117986e+01
 3.82000000e+02 1.00000000e+01 4.07753555e+01
 3.83000000e+02 1.00000000e+01 4.07389125e+01
 3.84000000e+02 1.00000000e+01 4.07024694e+01
 3.85000000e+02 1.00000000e+01 4.06660263e+01
 3.86000000e+02 1.00000000e+01 4.06295832e+01
 3.87000000e+02 1.00000000e+01 4.05931401e+01
 3.88000000e+02 1.00000000e+01 4.05566970e+01
 3.89000000e+02 1.00000000e+01 4.05202539e+01
 3.90000000e+02 1.00000000e+01 4.14838109e+01
 3.91000000e+02 1.00000000e+01 4.04473678e+01
 3.92000000e+02 1.00000000e+01 4.04109247e+01
 3.93000000e+02 1.00000000e+01 4.03744816e+01
 3.94000000e+02 1.00000000e+01 4.03380385e+01
 3.95000000e+02 1.00000000e+01 4.03015954e+01
 3.96000000e+02 1.00000000e+01 4.12651523e+01
 3.97000000e+02 1.00000000e+01 4.02287093e+01
 3.98000000e+02 1.00000000e+01 4.01922662e+01
 3.99000000e+02 1.00000000e+01 4.01558231e+01
 4.00000000e+02 1.00000000e+01 4.01193800e+01
 4.01000000e+02 1.00000000e+01 4.00829369e+01
 4.02000000e+02 1.00000000e+01 4.10464938e+01
 4.03000000e+02 1.00000000e+01 4.00100507e+01
 4.04000000e+02 1.00000000e+01 3.99736077e+01
 4.05000000e+02 1.00000000e+01 4.09371646e+01
 4.06000000e+02 1.00000000e+01 4.09007215e+01
 4.07000000e+02 1.00000000e+01 4.08642784e+01
 4.08000000e+02 1.00000000e+01 3.98278353e+01
 4.09000000e+02 1.00000000e+01 3.97913922e+01
 4.10000000e+02 1.00000000e+01 3.97549491e+01
 4.11000000e+02 1.00000000e+01 3.97185061e+01
 4.12000000e+02 1.00000000e+01 3.96820630e+01
 4.13000000e+02 1.00000000e+01 3.96456199e+01
 4.14000000e+02 1.00000000e+01 3.96091768e+01
 4.15000000e+02 1.00000000e+01 3.95727337e+01
 4.16000000e+02 1.00000000e+01 3.95362906e+01
 4.17000000e+02 1.00000000e+01 3.94998475e+01
 4.18000000e+02 1.00000000e+01 3.94634045e+01
 4.19000000e+02 1.00000000e+01 3.94269614e+01
 4.20000000e+02 1.00000000e+01 3.93905183e+01
 4.21000000e+02 1.00000000e+01 4.03540752e+01
 4.22000000e+02 1.00000000e+01 4.03176321e+01
 4.23000000e+02 1.00000000e+01 4.02811890e+01
 4.24000000e+02 1.00000000e+01 4.02447459e+01
 4.25000000e+02 1.00000000e+01 4.02083029e+01
 4.26000000e+02 1.00000000e+01 4.11718598e+01
 4.27000000e+02 1.00000000e+01 4.11354167e+01
 4.28000000e+02 1.00000000e+01 4.10989736e+01
 4.29000000e+02 1.00000000e+01 4.10625305e+01
 4.30000000e+02 1.00000000e+01 4.10260874e+01
 4.31000000e+02 1.00000000e+01 4.09896443e+01
 4.32000000e+02 1.00000000e+01 4.19532012e+01
 4.33000000e+02 1.00000000e+01 4.19167582e+01
 4.34000000e+02 1.00000000e+01 4.18803151e+01
 4.35000000e+02 1.00000000e+01 4.18438720e+01
 4.36000000e+02 1.00000000e+01 4.18074289e+01
 4.37000000e+02 1.00000000e+01 4.27709858e+01
 4.38000000e+02 1.00000000e+01 4.27345427e+01
 4.39000000e+02 1.00000000e+01 4.26980996e+01
 4.40000000e+02 1.00000000e+01 4.26616566e+01
 4.41000000e+02 1.00000000e+01 4.26252135e+01
 4.42000000e+02 1.00000000e+01 4.15887704e+01
 4.43000000e+02 1.00000000e+01 4.25523273e+01
 4.44000000e+02 1.00000000e+01 4.25158842e+01
 4.45000000e+02 1.00000000e+01 4.24794411e+01
 4.46000000e+02 1.00000000e+01 4.24429980e+01
 4.47000000e+02 1.00000000e+01 4.34065550e+01
 4.48000000e+02 1.00000000e+01 4.33701119e+01
 4.49000000e+02 1.00000000e+01 4.33336688e+01
 4.50000000e+02 1.00000000e+01 4.32972257e+01
 4.51000000e+02 1.00000000e+01 4.32607826e+01
 4.52000000e+02 1.00000000e+01 4.32243395e+01
 4.53000000e+02 1.00000000e+01 4.31878964e+01
 4.54000000e+02 1.00000000e+01 4.31514534e+01
 4.55000000e+02 1.00000000e+01 4.21150103e+01
 4.56000000e+02 1.00000000e+01 4.20785672e+01
 4.57000000e+02 1.00000000e+01 4.20421241e+01
 4.58000000e+02 1.00000000e+01 4.30056810e+01
 4.59000000e+02 1.00000000e+01 4.29692379e+01
 4.60000000e+02 1.00000000e+01 4.29327948e+01
 4.61000000e+02 1.00000000e+01 4.18963518e+01
 4.62000000e+02 1.00000000e+01 4.28599087e+01
 4.63000000e+02 1.00000000e+01 4.28234656e+01
 4.64000000e+02 1.00000000e+01 4.27870225e+01
 4.65000000e+02 1.00000000e+01 4.27505794e+01
 4.66000000e+02 1.00000000e+01 4.27141363e+01
 4.67000000e+02 1.00000000e+01 4.36776932e+01
 4.68000000e+02 1.00000000e+01 4.36412502e+01
 4.69000000e+02 1.00000000e+01 4.36048071e+01
 4.70000000e+02 1.00000000e+01 4.25683640e+01
 4.71000000e+02 1.00000000e+01 4.25319209e+01
 4.72000000e+02 1.00000000e+01 4.34954778e+01
 4.73000000e+02 1.00000000e+01 4.24590347e+01
 4.74000000e+02 1.00000000e+01 4.24225916e+01
 4.75000000e+02 1.00000000e+01 4.23861486e+01
 4.76000000e+02 1.00000000e+01 4.23497055e+01
 4.77000000e+02 1.00000000e+01 4.33132624e+01
 4.78000000e+02 1.00000000e+01 4.32768193e+01
 4.79000000e+02 1.00000000e+01 4.32403762e+01
 4.80000000e+02 1.00000000e+01 4.32039331e+01
 4.81000000e+02 1.00000000e+01 4.31674900e+01
 4.82000000e+02 1.00000000e+01 4.31310470e+01
 4.83000000e+02 1.00000000e+01 4.30946039e+01
 4.84000000e+02 1.00000000e+01 4.30581608e+01
 4.85000000e+02 1.00000000e+01 4.30217177e+01
 4.86000000e+02 1.00000000e+01 4.29852746e+01
 4.87000000e+02 1.00000000e+01 4.19488315e+01
 4.88000000e+02 1.00000000e+01 4.19123884e+01
 4.89000000e+02 1.00000000e+01 4.18759454e+01
 4.90000000e+02 1.00000000e+01 4.18395023e+01
 4.91000000e+02 1.00000000e+01 4.18030592e+01
 4.92000000e+02 1.00000000e+01 4.17666161e+01
 4.93000000e+02 1.00000000e+01 4.17301730e+01
 4.94000000e+02 1.00000000e+01 4.16937299e+01
 4.95000000e+02 1.00000000e+01 4.16572868e+01
 4.96000000e+02 1.00000000e+01 4.16208438e+01
 4.97000000e+02 1.00000000e+01 4.15844007e+01
 4.98000000e+02 1.00000000e+01 4.15479576e+01
 4.99000000e+02 1.00000000e+01 4.15115145e+01
 5.00000000e+02 1.00000000e+01 4.14750714e+01
 5.01000000e+02 1.00000000e+01 4.14386283e+01
 5.02000000e+02 1.00000000e+01 4.14021852e+01
 5.03000000e+02 1.00000000e+01 4.13657421e+01
 5.04000000e+02 1.00000000e+01 4.13292991e+01
 5.05000000e+02 1.00000000e+01 4.12928560e+01
 5.06000000e+02 1.00000000e+01 4.02564129e+01
 5.07000000e+02 1.00000000e+01 4.02199698e+01
 5.08000000e+02 1.00000000e+01 4.11835267e+01
 5.09000000e+02 1.00000000e+01 4.11470836e+01
 5.10000000e+02 1.00000000e+01 4.11106405e+01
 5.11000000e+02 1.00000000e+01 4.20741975e+01
 5.12000000e+02 1.00000000e+01 4.20377544e+01
 5.13000000e+02 1.00000000e+01 4.10013113e+01
 5.14000000e+02 1.00000000e+01 4.09648682e+01
 5.15000000e+02 1.00000000e+01 4.09284251e+01
 5.16000000e+02 1.00000000e+01 4.08919820e+01
 5.17000000e+02 1.00000000e+01 4.08555389e+01
 5.18000000e+02 1.00000000e+01 4.08190959e+01
 5.19000000e+02 1.00000000e+01 4.17826528e+01
 5.20000000e+02 1.00000000e+01 4.17462097e+01
 5.21000000e+02 1.00000000e+01 4.07097666e+01
 5.22000000e+02 1.00000000e+01 4.06733235e+01
 5.23000000e+02 1.00000000e+01 4.06368804e+01
 5.24000000e+02 1.00000000e+01 4.06004373e+01
 5.25000000e+02 1.00000000e+01 4.15639943e+01
 5.26000000e+02 1.00000000e+01 4.15275512e+01
 5.27000000e+02 1.00000000e+01 4.14911081e+01
 5.28000000e+02 1.00000000e+01 4.14546650e+01
 5.29000000e+02 1.00000000e+01 4.14182219e+01
 5.30000000e+02 1.00000000e+01 4.03817788e+01
 5.31000000e+02 1.00000000e+01 4.03453357e+01
 5.32000000e+02 1.00000000e+01 4.13088927e+01
 5.33000000e+02 1.00000000e+01 4.12724496e+01
 5.34000000e+02 1.00000000e+01 4.12360065e+01
 5.35000000e+02 1.00000000e+01 4.01995634e+01
 5.36000000e+02 1.00000000e+01 4.01631203e+01
 5.37000000e+02 1.00000000e+01 4.01266772e+01
 5.38000000e+02 1.00000000e+01 4.00902341e+01
 5.39000000e+02 1.00000000e+01 4.00537911e+01
 5.40000000e+02 1.00000000e+01 3.90173480e+01
 5.41000000e+02 1.00000000e+01 3.89809049e+01
 5.42000000e+02 1.00000000e+01 3.89444618e+01
 5.43000000e+02 1.00000000e+01 3.99080187e+01
 5.44000000e+02 1.00000000e+01 3.98715756e+01
 5.45000000e+02 1.00000000e+01 3.88351325e+01
 5.46000000e+02 1.00000000e+01 3.87986895e+01
 5.47000000e+02 1.00000000e+01 3.87622464e+01
 5.48000000e+02 1.00000000e+01 3.87258033e+01
 5.49000000e+02 1.00000000e+01 3.86893602e+01
 5.50000000e+02 1.00000000e+01 3.86529171e+01
 5.51000000e+02 1.00000000e+01 3.86164740e+01
 5.52000000e+02 1.00000000e+01 3.85800309e+01
 5.53000000e+02 1.00000000e+01 3.85435879e+01
 5.54000000e+02 1.00000000e+01 3.85071448e+01
 5.55000000e+02 1.00000000e+01 3.84707017e+01
 5.56000000e+02 1.00000000e+01 3.84342586e+01
 5.57000000e+02 1.00000000e+01 3.83978155e+01
 5.58000000e+02 1.00000000e+01 3.83613724e+01
 5.59000000e+02 1.00000000e+01 3.83249293e+01
 5.60000000e+02 1.00000000e+01 3.82884863e+01
 5.61000000e+02 1.00000000e+01 3.82520432e+01
 5.62000000e+02 1.00000000e+01 3.82156001e+01
 5.63000000e+02 1.00000000e+01 3.81791570e+01
 5.64000000e+02 1.00000000e+01 3.81427139e+01
 5.65000000e+02 1.00000000e+01 3.81062708e+01
 5.66000000e+02 1.00000000e+01 3.80698277e+01
 5.67000000e+02 1.00000000e+01 3.70333846e+01
 5.68000000e+02 1.00000000e+01 3.69969416e+01
 5.69000000e+02 1.00000000e+01 3.69604985e+01
 5.70000000e+02 1.00000000e+01 3.69240554e+01
 5.71000000e+02 1.00000000e+01 3.68876123e+01
 5.72000000e+02 1.00000000e+01 3.68511692e+01
 5.73000000e+02 1.00000000e+01 3.68147261e+01
 5.74000000e+02 1.00000000e+01 3.67782830e+01
 5.75000000e+02 1.00000000e+01 3.67418400e+01
 5.76000000e+02 1.00000000e+01 3.67053969e+01
 5.77000000e+02 1.00000000e+01 3.66689538e+01
 5.78000000e+02 1.00000000e+01 3.56325107e+01
 5.79000000e+02 1.00000000e+01 3.55960676e+01
 5.80000000e+02 1.00000000e+01 3.65596245e+01
 5.81000000e+02 1.00000000e+01 3.55231814e+01
 5.82000000e+02 1.00000000e+01 3.54867384e+01
 5.83000000e+02 1.00000000e+01 3.54502953e+01
 5.84000000e+02 1.00000000e+01 3.54138522e+01
 5.85000000e+02 1.00000000e+01 3.53774091e+01
 5.86000000e+02 1.00000000e+01 3.53409660e+01
 5.87000000e+02 1.00000000e+01 3.53045229e+01
 5.88000000e+02 1.00000000e+01 3.52680798e+01
 5.89000000e+02 1.00000000e+01 3.52316368e+01
 5.90000000e+02 1.00000000e+01 3.51951937e+01
 5.91000000e+02 1.00000000e+01 3.51587506e+01
 5.92000000e+02 1.00000000e+01 3.51223075e+01
 5.93000000e+02 1.00000000e+01 3.50858644e+01
 5.94000000e+02 1.00000000e+01 3.40494213e+01
 5.95000000e+02 1.00000000e+01 3.40129782e+01
 5.96000000e+02 1.00000000e+01 3.39765352e+01
 5.97000000e+02 1.00000000e+01 3.39400921e+01
 5.98000000e+02 1.00000000e+01 3.39036490e+01
 5.99000000e+02 1.00000000e+01 3.38672059e+01
 6.00000000e+02 1.00000000e+01 3.38307628e+01
 6.01000000e+02 1.00000000e+01 3.37943197e+01
 6.02000000e+02 1.00000000e+01 3.37578766e+01
 6.03000000e+02 1.00000000e+01 3.37214336e+01
 6.04000000e+02 1.00000000e+01 3.26849905e+01
 6.05000000e+02 1.00000000e+01 3.26485474e+01
 6.06000000e+02 1.00000000e+01 3.26121043e+01
 6.07000000e+02 1.00000000e+01 3.25756612e+01
 6.08000000e+02 1.00000000e+01 3.25392181e+01
 6.09000000e+02 1.00000000e+01 3.15027750e+01
 6.10000000e+02 1.00000000e+01 3.14663320e+01
 6.11000000e+02 1.00000000e+01 3.14298889e+01
 6.12000000e+02 1.00000000e+01 3.13934458e+01
 6.13000000e+02 1.00000000e+01 3.13570027e+01
 6.14000000e+02 1.00000000e+01 3.13205596e+01
 6.15000000e+02 1.00000000e+01 3.12841165e+01
 6.16000000e+02 1.00000000e+01 3.12476734e+01
 6.17000000e+02 1.00000000e+01 3.12112304e+01
 6.18000000e+02 1.00000000e+01 3.11747873e+01
 6.19000000e+02 1.00000000e+01 3.01383442e+01
 6.20000000e+02 1.00000000e+01 3.01019011e+01
 6.21000000e+02 1.00000000e+01 3.00654580e+01
 6.22000000e+02 1.00000000e+01 3.00290149e+01
 6.23000000e+02 1.00000000e+01 2.99925718e+01
 6.24000000e+02 1.00000000e+01 2.99561288e+01
 6.25000000e+02 1.00000000e+01 2.99196857e+01
 6.26000000e+02 1.00000000e+01 2.98832426e+01
 6.27000000e+02 1.00000000e+01 2.88467995e+01
 6.28000000e+02 1.00000000e+01 2.88103564e+01
 6.29000000e+02 1.00000000e+01 2.87739133e+01
 6.30000000e+02 1.00000000e+01 2.87374702e+01
 6.31000000e+02 1.00000000e+01 2.87010272e+01
 6.32000000e+02 1.00000000e+01 2.86645841e+01
 6.33000000e+02 1.00000000e+01 2.86281410e+01
 6.34000000e+02 1.00000000e+01 2.85916979e+01
 6.35000000e+02 1.00000000e+01 2.75552548e+01
 6.36000000e+02 1.00000000e+01 2.75188117e+01
 6.37000000e+02 1.00000000e+01 2.74823686e+01
 6.38000000e+02 1.00000000e+01 2.74459255e+01
 6.39000000e+02 1.00000000e+01 2.64094825e+01
 6.40000000e+02 1.00000000e+01 2.63730394e+01
 6.41000000e+02 1.00000000e+01 2.63365963e+01
 6.42000000e+02 1.00000000e+01 2.63001532e+01
 6.43000000e+02 1.00000000e+01 2.62637101e+01
 6.44000000e+02 1.00000000e+01 2.62272670e+01
 6.45000000e+02 1.00000000e+01 2.61908239e+01
 6.46000000e+02 1.00000000e+01 2.51543809e+01
 6.47000000e+02 1.00000000e+01 2.51179378e+01
 6.48000000e+02 1.00000000e+01 2.50814947e+01
 6.49000000e+02 1.00000000e+01 2.50450516e+01
 6.50000000e+02 1.00000000e+01 2.50086085e+01
 6.51000000e+02 1.00000000e+01 2.39721654e+01
 6.52000000e+02 1.00000000e+01 2.39357223e+01
 6.53000000e+02 1.00000000e+01 2.38992793e+01
 6.54000000e+02 1.00000000e+01 2.38628362e+01
 6.55000000e+02 1.00000000e+01 2.38263931e+01
 6.56000000e+02 1.00000000e+01 2.37899500e+01
 6.57000000e+02 1.00000000e+01 2.37535069e+01
 6.58000000e+02 1.00000000e+01 2.27170638e+01
 6.59000000e+02 1.00000000e+01 2.26806207e+01
 6.60000000e+02 1.00000000e+01 2.26441777e+01
 6.61000000e+02 1.00000000e+01 2.26077346e+01
 6.62000000e+02 1.00000000e+01 2.15712915e+01
 6.63000000e+02 1.00000000e+01 2.15348484e+01
 6.64000000e+02 1.00000000e+01 2.14984053e+01
 6.65000000e+02 1.00000000e+01 2.04619622e+01
 6.66000000e+02 1.00000000e+01 2.04255191e+01
 6.67000000e+02 1.00000000e+01 2.03890761e+01
 6.68000000e+02 1.00000000e+01 2.03526330e+01
 6.69000000e+02 1.00000000e+01 1.93161899e+01
 6.70000000e+02 1.00000000e+01 1.92797468e+01
 6.71000000e+02 1.00000000e+01 1.92433037e+01
 6.72000000e+02 1.00000000e+01 1.92068606e+01
 6.73000000e+02 1.00000000e+01 1.81704175e+01
 6.74000000e+02 1.00000000e+01 1.81339745e+01
 6.75000000e+02 1.00000000e+01 1.80975314e+01
 6.76000000e+02 1.00000000e+01 1.70610883e+01
 6.77000000e+02 1.00000000e+01 1.70246452e+01
 6.78000000e+02 1.00000000e+01 1.69882021e+01
 6.79000000e+02 1.00000000e+01 1.69517590e+01
 6.80000000e+02 1.00000000e+01 1.59153159e+01
 6.81000000e+02 1.00000000e+01 1.58788729e+01
 6.82000000e+02 1.00000000e+01 1.58424298e+01
 6.83000000e+02 1.00000000e+01 1.58059867e+01
 6.84000000e+02 1.00000000e+01 1.57695436e+01
 6.85000000e+02 1.00000000e+01 1.47331005e+01
 6.86000000e+02 1.00000000e+01 1.46966574e+01
 6.87000000e+02 1.00000000e+01 1.46602143e+01
 6.88000000e+02 1.00000000e+01 1.46237713e+01
 6.89000000e+02 1.00000000e+01 1.35873282e+01
 6.90000000e+02 1.00000000e+01 1.35508851e+01
 6.91000000e+02 1.00000000e+01 1.35144420e+01
 6.92000000e+02 1.00000000e+01 1.34779989e+01
 6.93000000e+02 1.00000000e+01 1.34415558e+01
 6.94000000e+02 1.00000000e+01 1.24051127e+01
 6.95000000e+02 1.00000000e+01 1.23686697e+01
 6.96000000e+02 1.00000000e+01 1.23322266e+01
 6.97000000e+02 1.00000000e+01 1.22957835e+01
 6.98000000e+02 1.00000000e+01 1.22593404e+01
 6.99000000e+02 1.00000000e+01 1.12228973e+01
 7.00000000e+02 1.00000000e+01 1.11864542e+01
 7.01000000e+02 1.00000000e+01 1.11500111e+01
 7.02000000e+02 1.00000000e+01 1.11135680e+01
 7.03000000e+02 1.00000000e+01 1.10771250e+01
 7.04000000e+02 1.00000000e+01 1.00406819e+01
 7.05000000e+02 1.00000000e+01 1.00042388e+01
 7.06000000e+02 1.00000000e+01 9.96779571e+00
 7.07000000e+02 1.00000000e+01 9.93135262e+00
 7.08000000e+02 1.00000000e+01 9.89490953e+00
 7.09000000e+02 1.00000000e+01 8.85846645e+00
 7.10000000e+02 1.00000000e+01 8.82202336e+00
 7.11000000e+02 1.00000000e+01 8.78558028e+00
 7.12000000e+02 1.00000000e+01 8.74913719e+00
 7.13000000e+02 1.00000000e+01 8.71269410e+00
 7.14000000e+02 1.00000000e+01 8.67625102e+00
 7.15000000e+02 1.00000000e+01 8.63980793e+00
 7.16000000e+02 1.00000000e+01 8.60336485e+00
 7.17000000e+02 1.00000000e+01 8.56692176e+00
 7.18000000e+02 1.00000000e+01 7.53047868e+00
 7.19000000e+02 1.00000000e+01 7.49403559e+00
 7.20000000e+02 1.00000000e+01 7.45759250e+00
 7.21000000e+02 1.00000000e+01 7.42114942e+00
 7.22000000e+02 1.00000000e+01 7.38470633e+00
 7.23000000e+02 1.00000000e+01 7.34826325e+00
 7.24000000e+02 1.00000000e+01 6.31182016e+00
 7.25000000e+02 1.00000000e+01 6.27537707e+00
 7.26000000e+02 1.00000000e+01 6.23893399e+00
 7.27000000e+02 1.00000000e+01 6.20249090e+00
 7.28000000e+02 1.00000000e+01 6.16604782e+00
 7.29000000e+02 1.00000000e+01 6.12960473e+00
 7.30000000e+02 1.00000000e+01 6.09316164e+00
 7.31000000e+02 1.00000000e+01 6.05671856e+00
 7.32000000e+02 1.00000000e+01 6.02027547e+00
 7.33000000e+02 1.00000000e+01 5.98383239e+00
 7.34000000e+02 1.00000000e+01 5.94738930e+00
 7.35000000e+02 1.00000000e+01 4.91094621e+00
 7.36000000e+02 1.00000000e+01 4.87450313e+00
 7.37000000e+02 1.00000000e+01 4.83806004e+00
 7.38000000e+02 1.00000000e+01 4.80161696e+00
 7.39000000e+02 1.00000000e+01 4.76517387e+00
 7.40000000e+02 1.00000000e+01 4.72873078e+00
 7.41000000e+02 1.00000000e+01 4.69228770e+00
 7.42000000e+02 1.00000000e+01 4.65584461e+00
 7.43000000e+02 1.00000000e+01 4.61940153e+00
 7.44000000e+02 1.00000000e+01 4.58295844e+00
 7.45000000e+02 1.00000000e+01 4.54651536e+00
 7.46000000e+02 1.00000000e+01 3.51007227e+00
 7.47000000e+02 1.00000000e+01 3.47362918e+00
 7.48000000e+02 1.00000000e+01 3.43718610e+00
 7.49000000e+02 1.00000000e+01 3.40074301e+00
 7.50000000e+02 1.00000000e+01 3.36429993e+00
 7.51000000e+02 1.00000000e+01 3.32785684e+00
 7.52000000e+02 1.00000000e+01 3.29141375e+00
 7.53000000e+02 1.00000000e+01 3.25497067e+00
 7.54000000e+02 1.00000000e+01 3.21852758e+00
 7.55000000e+02 1.00000000e+01 3.18208450e+00
 7.56000000e+02 1.00000000e+01 3.14564141e+00
 7.57000000e+02 1.00000000e+01 2.10919832e+00
 7.58000000e+02 1.00000000e+01 2.07275524e+00
 7.59000000e+02 1.00000000e+01 3.03631215e+00
 7.60000000e+02 1.00000000e+01 2.99986907e+00
 7.61000000e+02 1.00000000e+01 2.96342598e+00
 7.62000000e+02 1.00000000e+01 1.92698289e+00
 7.63000000e+02 1.00000000e+01 1.89053981e+00
 7.64000000e+02 1.00000000e+01 1.85409672e+00
