 3.00000000e+00 1.90000000e+01 2.58240146e+01
 4.00000000e+00 1.90000000e+01 2.58647635e+01
 5.00000000e+00 1.90000000e+01 2.59055124e+01
 6.00000000e+00 1.90000000e+01 2.69462613e+01
 7.00000000e+00 1.90000000e+01 2.69870102e+01
 8.00000000e+00 1.90000000e+01 2.70277591e+01
 9.00000000e+00 1.90000000e+01 2.80685080e+01
 1.00000000e+01 1.90000000e+01 2.81092569e+01
 1.10000000e+01 1.90000000e+01 2.71500058e+01
 1.20000000e+01 1.90000000e+01 2.61907547e+01
 1.30000000e+01 1.90000000e+01 2.62315036e+01
 1.40000000e+01 1.90000000e+01 2.72722525e+01
 1.50000000e+01 1.90000000e+01 2.73130014e+01
 1.60000000e+01 1.90000000e+01 2.73537503e+01
 1.70000000e+01 1.90000000e+01 2.73944992e+01
 1.80000000e+01 1.90000000e+01 2.74352481e+01
 1.90000000e+01 1.90000000e+01 2.74759971e+01
 2.00000000e+01 1.90000000e+01 2.85167460e+01
 2.10000000e+01 1.90000000e+01 2.75574949e+01
 2.20000000e+01 1.90000000e+01 2.75982438e+01
 2.30000000e+01 1.90000000e+01 2.66389927e+01
 2.40000000e+01 1.90000000e+01 2.66797416e+01
 2.50000000e+01 1.90000000e+01 2.67204905e+01
 2.60000000e+01 1.90000000e+01 2.67612394e+01
 2.70000000e+01 1.90000000e+01 2.78019883e+01
 2.80000000e+01 1.90000000e+01 2.78427372e+01
 2.90000000e+01 1.90000000e+01 2.68834861e+01
 3.00000000e+01 1.90000000e+01 2.69242350e+01
 3.10000000e+01 1.90000000e+01 2.69649839e+01
 3.20000000e+01 1.90000000e+01 2.80057328e+01
 3.30000000e+01 1.90000000e+01 2.80464817e+01
 3.40000000e+01 1.90000000e+01 2.80872306e+01
 3.50000000e+01 1.90000000e+01 2.81279795e+01
 3.60000000e+01 1.90000000e+01 2.91687284e+01
 3.70000000e+01 1.90000000e+01 2.92094773e+01
 3.80000000e+01 1.90000000e+01 2.92502262e+01
 3.90000000e+01 1.90000000e+01 2.92909751e+01
 4.00000000e+01 1.90000000e+01 2.93317240e+01
 4.10000000e+01 1.90000000e+01 2.93724729e+01
 4.20000000e+01 1.90000000e+01 2.94132218e+01
 4.30000000e+01 1.90000000e+01 2.84539707e+01
 4.40000000e+01 1.90000000e+01 2.84947196e+01
 4.50000000e+01 1.90000000e+01 2.85354686e+01
 4.60000000e+01 1.90000000e+01 2.85762175e+01
 4.70000000e+01 1.90000000e+01 2.96169664e+01
 4.80000000e+01 1.90000000e+01 2.96577153e+01
 4.90000000e+01 1.90000000e+01 2.86984642e+01
 5.20000000e+01 1.90000000e+01 2.48207109e+01
 5.30000000e+01 1.90000000e+01 2.48614598e+01
 5.40000000e+01 1.90000000e+01 2.49022087e+01
 5.50000000e+01 1.90000000e+01 2.59429576e+01
 5.60000000e+01 1.90000000e+01 2.49837065e+01
 5.70000000e+01 1.90000000e+01 2.50244554e+01
 5.80000000e+01 1.90000000e+01 2.50652043e+01
 5.90000000e+01 1.90000000e+01 2.51059532e+01
 6.00000000e+01 1.90000000e+01 2.61467021e+01
 6.10000000e+01 1.90000000e+01 2.61874510e+01
 6.20000000e+01 1.90000000e+01 2.72281999e+01
 6.30000000e+01 1.90000000e+01 3.02689488e+01
 6.40000000e+01 1.90000000e+01 3.03096977e+01
 6.50000000e+01 1.90000000e+01 2.93504466e+01
 6.60000000e+01 1.90000000e+01 2.93911955e+01
 6.70000000e+01 1.90000000e+01 2.94319444e+01
 6.80000000e+01 1.90000000e+01 2.94726933e+01
 6.90000000e+01 1.90000000e+01 2.95134422e+01
 7.00000000e+01 1.90000000e+01 2.95541911e+01
 7.10000000e+01 1.90000000e+01 2.85949401e+01
 7.20000000e+01 1.90000000e+01 2.86356890e+01
 7.30000000e+01 1.90000000e+01 2.96764379e+01
 7.40000000e+01 1.90000000e+01 2.97171868e+01
 7.50000000e+01 1.90000000e+01 3.07579357e+01
 7.60000000e+01 1.90000000e+01 3.07986846e+01
 7.70000000e+01 1.90000000e+01 2.98394335e+01
 7.80000000e+01 1.90000000e+01 2.98801824e+01
 7.90000000e+01 1.90000000e+01 2.89209313e+01
 8.00000000e+01 1.90000000e+01 2.89616802e+01
 8.10000000e+01 1.90000000e+01 2.90024291e+01
 8.20000000e+01 1.90000000e+01 2.80431780e+01
 8.30000000e+01 1.90000000e+01 2.90839269e+01
 8.40000000e+01 1.90000000e+01 3.01246758e+01
 8.50000000e+01 1.90000000e+01 3.01654247e+01
 8.60000000e+01 1.90000000e+01 2.72061736e+01
 8.70000000e+01 1.90000000e+01 2.82469225e+01
 8.80000000e+01 1.90000000e+01 2.82876714e+01
 8.90000000e+01 1.90000000e+01 2.83284203e+01
 9.00000000e+01 1.90000000e+01 2.83691692e+01
 9.10000000e+01 1.90000000e+01 2.94099181e+01
 9.20000000e+01 1.90000000e+01 2.94506670e+01
 9.30000000e+01 1.90000000e+01 2.94914159e+01
 9.40000000e+01 1.90000000e+01 2.95321648e+01
 9.50000000e+01 1.90000000e+01 2.95729137e+01
 9.60000000e+01 1.90000000e+01 2.96136626e+01
 9.70000000e+01 1.90000000e+01 2.96544116e+01
 9.80000000e+01 1.90000000e+01 2.96951605e+01
 9.90000000e+01 1.90000000e+01 2.97359094e+01
 1.00000000e+02 1.90000000e+01 2.97766583e+01
 1.01000000e+02 1.90000000e+01 2.98174072e+01
 1.02000000e+02 1.90000000e+01 2.98581561e+01
 1.03000000e+02 1.90000000e+01 2.98989050e+01
 1.04000000e+02 1.90000000e+01 2.99396539e+01
 1.05000000e+02 1.90000000e+01 2.99804028e+01
 1.06000000e+02 1.90000000e+01 2.90211517e+01
 1.07000000e+02 1.90000000e+01 2.80619006e+01
 1.08000000e+02 1.90000000e+01 2.71026495e+01
 1.09000000e+02 1.90000000e+01 2.71433984e+01
 1.10000000e+02 1.90000000e+01 2.71841473e+01
 1.11000000e+02 1.90000000e+01 2.82248962e+01
 1.12000000e+02 1.90000000e+01 2.82656451e+01
 1.13000000e+02 1.90000000e+01 2.83063940e+01
 1.14000000e+02 1.90000000e+01 2.83471429e+01
 1.15000000e+02 1.90000000e+01 2.93878918e+01
 1.16000000e+02 1.90000000e+01 2.94286407e+01
 1.17000000e+02 1.90000000e+01 2.94693896e+01
 1.18000000e+02 1.90000000e+01 2.95101385e+01
 1.19000000e+02 1.90000000e+01 2.95508874e+01
 1.20000000e+02 1.90000000e+01 3.05916363e+01
 1.21000000e+02 1.90000000e+01 2.96323852e+01
 1.22000000e+02 1.90000000e+01 2.96731341e+01
 1.23000000e+02 1.90000000e+01 2.97138831e+01
 1.24000000e+02 1.90000000e+01 2.97546320e+01
 1.25000000e+02 1.90000000e+01 2.97953809e+01
 1.26000000e+02 1.90000000e+01 2.98361298e+01
 1.27000000e+02 1.90000000e+01 2.98768787e+01
 1.28000000e+02 1.90000000e+01 2.99176276e+01
 1.29000000e+02 1.90000000e+01 2.99583765e+01
 1.30000000e+02 1.90000000e+01 2.99991254e+01
 1.31000000e+02 1.90000000e+01 3.00398743e+01
 1.32000000e+02 1.90000000e+01 3.00806232e+01
 1.33000000e+02 1.90000000e+01 3.01213721e+01
 1.34000000e+02 1.90000000e+01 3.01621210e+01
 1.35000000e+02 1.90000000e+01 3.02028699e+01
 1.36000000e+02 1.90000000e+01 3.02436188e+01
 1.37000000e+02 1.90000000e+01 3.02843677e+01
 1.38000000e+02 1.90000000e+01 3.03251166e+01
 1.39000000e+02 1.90000000e+01 3.03658655e+01
 1.40000000e+02 1.90000000e+01 3.04066144e+01
 1.41000000e+02 1.90000000e+01 3.04473633e+01
 1.42000000e+02 1.90000000e+01 3.04881122e+01
 1.43000000e+02 1.90000000e+01 3.05288611e+01
 1.44000000e+02 1.90000000e+01 3.05696100e+01
 1.45000000e+02 1.90000000e+01 3.06103589e+01
 1.46000000e+02 1.90000000e+01 3.06511078e+01
 1.47000000e+02 1.90000000e+01 3.06918567e+01
 1.48000000e+02 1.90000000e+01 3.07326056e+01
 1.49000000e+02 1.90000000e+01 3.07733546e+01
 1.50000000e+02 1.90000000e+01 3.08141035e+01
 1.51000000e+02 1.90000000e+01 3.08548524e+01
 1.52000000e+02 1.90000000e+01 3.08956013e+01
 1.53000000e+02 1.90000000e+01 2.89363502e+01
 1.54000000e+02 1.90000000e+01 2.89770991e+01
 1.55000000e+02 1.90000000e+01 2.90178480e+01
 1.56000000e+02 1.90000000e+01 3.00585969e+01
 1.57000000e+02 1.90000000e+01 3.00993458e+01
 1.58000000e+02 1.90000000e+01 3.01400947e+01
 1.59000000e+02 1.90000000e+01 3.01808436e+01
 1.60000000e+02 1.90000000e+01 3.12215925e+01
 1.61000000e+02 1.90000000e+01 3.12623414e+01
 1.62000000e+02 1.90000000e+01 3.13030903e+01
 1.63000000e+02 1.90000000e+01 3.13438392e+01
 1.64000000e+02 1.90000000e+01 3.03845881e+01
 1.65000000e+02 1.90000000e+01 3.04253370e+01
 1.66000000e+02 1.90000000e+01 2.94660859e+01
 1.67000000e+02 1.90000000e+01 2.95068348e+01
 1.68000000e+02 1.90000000e+01 2.95475837e+01
 1.69000000e+02 1.90000000e+01 2.95883326e+01
 1.70000000e+02 1.90000000e+01 2.96290815e+01
 1.71000000e+02 1.90000000e+01 2.96698304e+01
 1.72000000e+02 1.90000000e+01 2.97105793e+01
 1.73000000e+02 1.90000000e+01 2.97513282e+01
 1.74000000e+02 1.90000000e+01 3.07920771e+01
 1.75000000e+02 1.90000000e+01 3.08328261e+01
 1.76000000e+02 1.90000000e+01 2.98735750e+01
 1.77000000e+02 1.90000000e+01 2.99143239e+01
 1.78000000e+02 1.90000000e+01 2.99550728e+01
 1.79000000e+02 1.90000000e+01 2.99958217e+01
 1.80000000e+02 1.90000000e+01 3.10365706e+01
 1.81000000e+02 1.90000000e+01 3.10773195e+01
 1.82000000e+02 1.90000000e+01 3.11180684e+01
 1.83000000e+02 1.90000000e+01 3.11588173e+01
 1.84000000e+02 1.90000000e+01 3.11995662e+01
 1.85000000e+02 1.90000000e+01 3.02403151e+01
 1.86000000e+02 1.90000000e+01 3.02810640e+01
 1.87000000e+02 1.90000000e+01 3.03218129e+01
 1.88000000e+02 1.90000000e+01 3.03625618e+01
 1.89000000e+02 1.90000000e+01 3.04033107e+01
 1.90000000e+02 1.90000000e+01 2.94440596e+01
 1.91000000e+02 1.90000000e+01 2.94848085e+01
 1.92000000e+02 1.90000000e+01 2.95255574e+01
 1.93000000e+02 1.90000000e+01 3.05663063e+01
 1.94000000e+02 1.90000000e+01 3.06070552e+01
 1.95000000e+02 1.90000000e+01 2.96478041e+01
 1.96000000e+02 1.90000000e+01 2.86885530e+01
 1.97000000e+02 1.90000000e+01 2.87293019e+01
 1.98000000e+02 1.90000000e+01 2.87700508e+01
 1.99000000e+02 1.90000000e+01 2.88107997e+01
 2.00000000e+02 1.90000000e+01 2.98515486e+01
 2.01000000e+02 1.90000000e+01 3.08922976e+01
 2.02000000e+02 1.90000000e+01 2.99330465e+01
 2.03000000e+02 1.90000000e+01 2.99737954e+01
 2.04000000e+02 1.90000000e+01 3.00145443e+01
 2.05000000e+02 1.90000000e+01 3.00552932e+01
 2.06000000e+02 1.90000000e+01 2.90960421e+01
 2.07000000e+02 1.90000000e+01 2.91367910e+01
 2.08000000e+02 1.90000000e+01 2.91775399e+01
 2.09000000e+02 1.90000000e+01 2.92182888e+01
 2.10000000e+02 1.90000000e+01 2.92590377e+01
 2.11000000e+02 1.90000000e+01 2.92997866e+01
 2.12000000e+02 1.90000000e+01 2.83405355e+01
 2.13000000e+02 1.90000000e+01 2.93812844e+01
 2.14000000e+02 1.90000000e+01 2.84220333e+01
 2.15000000e+02 1.90000000e+01 2.84627822e+01
 2.16000000e+02 1.90000000e+01 2.85035311e+01
 2.17000000e+02 1.90000000e+01 2.85442800e+01
 2.18000000e+02 1.90000000e+01 2.85850289e+01
 2.19000000e+02 1.90000000e+01 2.86257778e+01
 2.20000000e+02 1.90000000e+01 2.86665267e+01
 2.21000000e+02 1.90000000e+01 2.87072756e+01
 2.22000000e+02 1.90000000e+01 2.87480245e+01
 2.23000000e+02 1.90000000e+01 2.87887734e+01
 2.24000000e+02 1.90000000e+01 2.88295223e+01
 2.25000000e+02 1.90000000e+01 2.88702712e+01
 2.26000000e+02 1.90000000e+01 2.79110201e+01
 2.27000000e+02 1.90000000e+01 2.89517691e+01
 2.28000000e+02 1.90000000e+01 2.99925180e+01
 2.29000000e+02 1.90000000e+01 3.00332669e+01
 2.30000000e+02 1.90000000e+01 3.00740158e+01
 2.31000000e+02 1.90000000e+01 3.11147647e+01
 2.32000000e+02 1.90000000e+01 3.01555136e+01
 2.33000000e+02 1.90000000e+01 3.01962625e+01
 2.34000000e+02 1.90000000e+01 3.02370114e+01
 2.35000000e+02 1.90000000e+01 2.92777603e+01
 2.36000000e+02 1.90000000e+01 2.83185092e+01
 2.37000000e+02 1.90000000e+01 2.83592581e+01
 2.38000000e+02 1.90000000e+01 2.84000070e+01
 2.39000000e+02 1.90000000e+01 2.64407559e+01
 2.40000000e+02 1.90000000e+01 2.74815048e+01
 2.41000000e+02 1.90000000e+01 2.85222537e+01
 2.42000000e+02 1.90000000e+01 2.85630026e+01
 2.43000000e+02 1.90000000e+01 3.06037515e+01
 2.44000000e+02 1.90000000e+01 3.06445004e+01
 2.45000000e+02 1.90000000e+01 3.06852493e+01
 2.46000000e+02 1.90000000e+01 3.07259982e+01
 2.47000000e+02 1.90000000e+01 2.97667471e+01
 2.48000000e+02 1.90000000e+01 3.08074960e+01
 2.49000000e+02 1.90000000e+01 3.08482449e+01
 2.50000000e+02 1.90000000e+01 3.08889938e+01
 2.51000000e+02 1.90000000e+01 3.09297427e+01
 2.52000000e+02 1.90000000e+01 2.99704916e+01
 2.53000000e+02 1.90000000e+01 3.10112406e+01
 2.54000000e+02 1.90000000e+01 3.10519895e+01
 2.55000000e+02 1.90000000e+01 3.20927384e+01
 2.56000000e+02 1.90000000e+01 3.21334873e+01
 2.57000000e+02 1.90000000e+01 3.21742362e+01
 2.58000000e+02 1.90000000e+01 3.22149851e+01
 2.59000000e+02 1.90000000e+01 3.22557340e+01
 2.60000000e+02 1.90000000e+01 3.22964829e+01
 2.61000000e+02 1.90000000e+01 3.23372318e+01
 2.62000000e+02 1.90000000e+01 3.23779807e+01
 2.63000000e+02 1.90000000e+01 3.24187296e+01
 2.64000000e+02 1.90000000e+01 3.24594785e+01
 2.65000000e+02 1.90000000e+01 3.25002274e+01
 2.66000000e+02 1.90000000e+01 3.25409763e+01
 2.67000000e+02 1.90000000e+01 3.25817252e+01
 2.68000000e+02 1.90000000e+01 3.26224741e+01
 2.69000000e+02 1.90000000e+01 3.36632230e+01
 2.70000000e+02 1.90000000e+01 3.37039719e+01
 2.71000000e+02 1.90000000e+01 3.27447208e+01
 2.72000000e+02 1.90000000e+01 3.27854697e+01
 2.73000000e+02 1.90000000e+01 3.38262186e+01
 2.74000000e+02 1.90000000e+01 3.38669675e+01
 2.75000000e+02 1.90000000e+01 3.39077164e+01
 2.76000000e+02 1.90000000e+01 3.39484653e+01
 2.77000000e+02 1.90000000e+01 3.29892142e+01
 2.78000000e+02 1.90000000e+01 3.40299631e+01
 2.79000000e+02 1.90000000e+01 3.30707121e+01
 2.80000000e+02 1.90000000e+01 3.31114610e+01
 2.81000000e+02 1.90000000e+01 3.31522099e+01
 2.82000000e+02 1.90000000e+01 3.31929588e+01
 2.83000000e+02 1.90000000e+01 3.42337077e+01
 2.84000000e+02 1.90000000e+01 3.42744566e+01
 2.85000000e+02 1.90000000e+01 3.43152055e+01
 2.86000000e+02 1.90000000e+01 3.43559544e+01
 2.87000000e+02 1.90000000e+01 3.43967033e+01
 2.88000000e+02 1.90000000e+01 3.34374522e+01
 2.89000000e+02 1.90000000e+01 3.34782011e+01
 2.90000000e+02 1.90000000e+01 3.35189500e+01
 2.91000000e+02 1.90000000e+01 3.35596989e+01
 2.92000000e+02 1.90000000e+01 3.36004478e+01
 2.93000000e+02 1.90000000e+01 3.36411967e+01
 2.94000000e+02 1.90000000e+01 3.36819456e+01
 2.95000000e+02 1.90000000e+01 3.47226945e+01
 2.96000000e+02 1.90000000e+01 3.77634434e+01
 2.97000000e+02 1.90000000e+01 3.88041923e+01
 2.98000000e+02 1.90000000e+01 3.68449412e+01
 2.99000000e+02 1.90000000e+01 3.58856901e+01
 3.00000000e+02 1.90000000e+01 3.59264390e+01
 3.01000000e+02 1.90000000e+01 3.59671879e+01
 3.02000000e+02 1.90000000e+01 3.50079368e+01
 3.03000000e+02 1.90000000e+01 3.50486857e+01
 3.04000000e+02 1.90000000e+01 3.60894346e+01
 3.05000000e+02 1.90000000e+01 3.51301836e+01
 3.06000000e+02 1.90000000e+01 3.51709325e+01
 3.07000000e+02 1.90000000e+01 3.52116814e+01
 3.08000000e+02 1.90000000e+01 3.52524303e+01
 3.09000000e+02 1.90000000e+01 3.52931792e+01
 3.10000000e+02 1.90000000e+01 2.93339281e+01
 3.11000000e+02 1.90000000e+01 3.13746770e+01
 3.12000000e+02 1.90000000e+01 3.44154259e+01
 3.13000000e+02 1.90000000e+01 3.14561748e+01
 3.14000000e+02 1.90000000e+01 2.94969237e+01
 3.15000000e+02 1.90000000e+01 2.75376726e+01
 3.16000000e+02 1.90000000e+01 2.55784215e+01
 3.17000000e+02 1.90000000e+01 2.66191704e+01
 3.18000000e+02 1.90000000e+01 2.86599193e+01
 3.19000000e+02 1.90000000e+01 2.87006682e+01
 3.20000000e+02 1.90000000e+01 3.07414171e+01
 3.21000000e+02 1.90000000e+01 3.37821660e+01
 3.22000000e+02 1.90000000e+01 3.28229149e+01
 3.23000000e+02 1.90000000e+01 3.28636638e+01
 3.24000000e+02 1.90000000e+01 3.09044127e+01
 3.25000000e+02 1.90000000e+01 2.99451616e+01
 3.26000000e+02 1.90000000e+01 3.49859105e+01
 3.27000000e+02 1.90000000e+01 3.50266594e+01
 3.28000000e+02 1.90000000e+01 3.80674083e+01
 3.29000000e+02 1.90000000e+01 3.71081572e+01
 3.30000000e+02 1.90000000e+01 3.71489061e+01
 3.31000000e+02 1.90000000e+01 3.91896551e+01
 3.32000000e+02 1.90000000e+01 3.82304040e+01
 3.33000000e+02 1.90000000e+01 3.82711529e+01
 3.34000000e+02 1.90000000e+01 3.93119018e+01
 3.35000000e+02 1.90000000e+01 3.93526507e+01
 3.36000000e+02 1.90000000e+01 3.93933996e+01
 3.37000000e+02 1.90000000e+01 3.94341485e+01
 3.38000000e+02 1.90000000e+01 3.94748974e+01
 3.39000000e+02 1.90000000e+01 3.95156463e+01
 3.40000000e+02 1.90000000e+01 3.95563952e+01
 3.41000000e+02 1.90000000e+01 3.95971441e+01
 3.42000000e+02 1.90000000e+01 3.86378930e+01
 3.43000000e+02 1.90000000e+01 3.86786419e+01
 3.44000000e+02 1.90000000e+01 3.97193908e+01
 3.45000000e+02 1.90000000e+01 3.97601397e+01
 3.46000000e+02 1.90000000e+01 3.98008886e+01
 3.47000000e+02 1.90000000e+01 3.98416375e+01
 3.48000000e+02 1.90000000e+01 3.98823864e+01
 3.49000000e+02 1.90000000e+01 3.99231353e+01
 3.50000000e+02 1.90000000e+01 3.99638842e+01
 3.51000000e+02 1.90000000e+01 4.00046331e+01
 3.52000000e+02 1.90000000e+01 4.00453820e+01
 3.53000000e+02 1.90000000e+01 4.00861309e+01
 3.54000000e+02 1.90000000e+01 4.01268798e+01
 3.55000000e+02 1.90000000e+01 4.01676287e+01
 3.56000000e+02 1.90000000e+01 3.92083776e+01
 3.57000000e+02 1.90000000e+01 4.02491266e+01
 3.58000000e+02 1.90000000e+01 4.02898755e+01
 3.59000000e+02 1.90000000e+01 3.93306244e+01
 3.60000000e+02 1.90000000e+01 3.93713733e+01
 3.61000000e+02 1.90000000e+01 3.94121222e+01
 3.62000000e+02 1.90000000e+01 3.94528711e+01
 3.63000000e+02 1.90000000e+01 3.84936200e+01
 3.64000000e+02 1.90000000e+01 3.55343689e+01
 3.65000000e+02 1.90000000e+01 3.55751178e+01
 3.66000000e+02 1.90000000e+01 3.56158667e+01
 3.67000000e+02 1.90000000e+01 3.56566156e+01
 3.68000000e+02 1.90000000e+01 3.56973645e+01
 3.69000000e+02 1.90000000e+01 3.57381134e+01
 3.70000000e+02 1.90000000e+01 3.87788623e+01
 3.71000000e+02 1.90000000e+01 3.88196112e+01
 3.72000000e+02 1.90000000e+01 3.88603601e+01
 3.73000000e+02 1.90000000e+01 3.89011090e+01
 3.74000000e+02 1.90000000e+01 3.79418579e+01
 3.75000000e+02 1.90000000e+01 3.79826068e+01
 3.76000000e+02 1.90000000e+01 3.90233557e+01
 3.77000000e+02 1.90000000e+01 3.90641046e+01
 3.78000000e+02 1.90000000e+01 3.91048535e+01
 3.79000000e+02 1.90000000e+01 4.01456024e+01
 3.80000000e+02 1.90000000e+01 3.91863513e+01
 3.81000000e+02 1.90000000e+01 3.92271002e+01
 3.82000000e+02 1.90000000e+01 3.92678491e+01
 3.83000000e+02 1.90000000e+01 4.03085981e+01
 3.84000000e+02 1.90000000e+01 4.03493470e+01
 3.85000000e+02 1.90000000e+01 4.03900959e+01
 3.86000000e+02 1.90000000e+01 4.14308448e+01
 3.87000000e+02 1.90000000e+01 4.04715937e+01
 3.88000000e+02 1.90000000e+01 4.05123426e+01
 3.89000000e+02 1.90000000e+01 3.95530915e+01
 3.90000000e+02 1.90000000e+01 3.95938404e+01
 3.91000000e+02 1.90000000e+01 4.06345893e+01
 3.92000000e+02 1.90000000e+01 4.06753382e+01
 3.93000000e+02 1.90000000e+01 4.07160871e+01
 3.94000000e+02 1.90000000e+01 4.07568360e+01
 3.95000000e+02 1.90000000e+01 4.07975849e+01
 3.96000000e+02 1.90000000e+01 4.18383338e+01
 3.97000000e+02 1.90000000e+01 4.28790827e+01
 3.98000000e+02 1.90000000e+01 4.39198316e+01
 3.99000000e+02 1.90000000e+01 4.39605805e+01
 4.00000000e+02 1.90000000e+01 4.40013294e+01
 4.01000000e+02 1.90000000e+01 4.30420783e+01
 4.02000000e+02 1.90000000e+01 4.30828272e+01
 4.03000000e+02 1.90000000e+01 4.31235761e+01
 4.04000000e+02 1.90000000e+01 4.31643250e+01
 4.05000000e+02 1.90000000e+01 4.32050739e+01
 4.06000000e+02 1.90000000e+01 3.52458228e+01
 4.07000000e+02 1.90000000e+01 3.52865717e+01
 4.08000000e+02 1.90000000e+01 3.53273206e+01
 4.09000000e+02 1.90000000e+01 3.53680696e+01
 4.10000000e+02 1.90000000e+01 3.54088185e+01
 4.11000000e+02 1.90000000e+01 3.54495674e+01
 4.12000000e+02 1.90000000e+01 3.54903163e+01
 4.13000000e+02 1.90000000e+01 3.55310652e+01
 4.14000000e+02 1.90000000e+01 3.65718141e+01
 4.15000000e+02 1.90000000e+01 3.56125630e+01
 4.16000000e+02 1.90000000e+01 3.56533119e+01
 4.17000000e+02 1.90000000e+01 3.56940608e+01
 4.18000000e+02 1.90000000e+01 3.57348097e+01
 4.19000000e+02 1.90000000e+01 3.57755586e+01
 4.20000000e+02 1.90000000e+01 3.58163075e+01
 4.21000000e+02 1.90000000e+01 3.48570564e+01
 4.22000000e+02 1.90000000e+01 3.78978053e+01
 4.23000000e+02 1.90000000e+01 3.89385542e+01
 4.24000000e+02 1.90000000e+01 3.79793031e+01
 4.25000000e+02 1.90000000e+01 4.10200520e+01
 4.26000000e+02 1.90000000e+01 4.20608009e+01
 4.27000000e+02 1.90000000e+01 4.21015498e+01
 4.28000000e+02 1.90000000e+01 4.21422987e+01
 4.29000000e+02 1.90000000e+01 4.31830476e+01
 4.30000000e+02 1.90000000e+01 4.22237965e+01
 4.31000000e+02 1.90000000e+01 4.42645454e+01
 4.32000000e+02 1.90000000e+01 4.73052943e+01
 4.33000000e+02 1.90000000e+01 4.73460432e+01
 4.34000000e+02 1.90000000e+01 4.73867921e+01
 4.35000000e+02 1.90000000e+01 4.64275411e+01
 4.36000000e+02 1.90000000e+01 4.54682900e+01
 4.37000000e+02 1.90000000e+01 4.55090389e+01
 4.38000000e+02 1.90000000e+01 4.55497878e+01
 4.39000000e+02 1.90000000e+01 4.55905367e+01
 4.40000000e+02 1.90000000e+01 4.46312856e+01
 4.41000000e+02 1.90000000e+01 4.46720345e+01
 4.42000000e+02 1.90000000e+01 4.47127834e+01
 4.43000000e+02 1.90000000e+01 4.47535323e+01
 4.44000000e+02 1.90000000e+01 4.37942812e+01
 4.45000000e+02 1.90000000e+01 4.38350301e+01
 4.46000000e+02 1.90000000e+01 4.38757790e+01
 4.47000000e+02 1.90000000e+01 4.39165279e+01
 4.48000000e+02 1.90000000e+01 4.39572768e+01
 4.49000000e+02 1.90000000e+01 4.89980257e+01
 4.50000000e+02 1.90000000e+01 4.90387746e+01
 4.51000000e+02 1.90000000e+01 5.00795235e+01
 4.52000000e+02 1.90000000e+01 5.01202724e+01
 4.53000000e+02 1.90000000e+01 4.91610213e+01
 4.54000000e+02 1.90000000e+01 5.02017702e+01
 4.55000000e+02 1.90000000e+01 5.02425191e+01
 4.56000000e+02 1.90000000e+01 5.02832680e+01
 4.57000000e+02 1.90000000e+01 5.03240169e+01
 4.58000000e+02 1.90000000e+01 5.03647658e+01
 4.59000000e+02 1.90000000e+01 5.04055147e+01
 4.60000000e+02 1.90000000e+01 4.94462636e+01
 4.61000000e+02 1.90000000e+01 4.94870125e+01
 4.62000000e+02 1.90000000e+01 4.85277615e+01
 4.63000000e+02 1.90000000e+01 4.85685104e+01
 4.64000000e+02 1.90000000e+01 4.86092593e+01
 4.65000000e+02 1.90000000e+01 4.86500082e+01
 4.66000000e+02 1.90000000e+01 4.86907571e+01
 4.67000000e+02 1.90000000e+01 4.87315060e+01
 4.68000000e+02 1.90000000e+01 4.77722549e+01
 4.69000000e+02 1.90000000e+01 4.78130038e+01
 4.70000000e+02 1.90000000e+01 4.68537527e+01
 4.71000000e+02 1.90000000e+01 4.68945016e+01
 4.72000000e+02 1.90000000e+01 4.69352505e+01
 4.73000000e+02 1.90000000e+01 4.89759994e+01
 4.74000000e+02 1.90000000e+01 5.10167483e+01
 4.75000000e+02 1.90000000e+01 5.00574972e+01
 4.76000000e+02 1.90000000e+01 5.00982461e+01
 4.77000000e+02 1.90000000e+01 5.11389950e+01
 4.78000000e+02 1.90000000e+01 5.31797439e+01
 4.79000000e+02 1.90000000e+01 5.32204928e+01
 4.80000000e+02 1.90000000e+01 5.42612417e+01
 4.81000000e+02 1.90000000e+01 5.43019906e+01
 4.82000000e+02 1.90000000e+01 5.53427395e+01
 4.83000000e+02 1.90000000e+01 5.53834884e+01
 4.84000000e+02 1.90000000e+01 5.54242373e+01
 4.85000000e+02 1.90000000e+01 5.54649862e+01
 4.86000000e+02 1.90000000e+01 5.65057351e+01
 4.87000000e+02 1.90000000e+01 5.75464840e+01
 4.88000000e+02 1.90000000e+01 5.65872330e+01
 4.89000000e+02 1.90000000e+01 5.36279819e+01
 4.90000000e+02 1.90000000e+01 5.36687308e+01
 4.91000000e+02 1.90000000e+01 5.47094797e+01
 4.92000000e+02 1.90000000e+01 5.37502286e+01
 4.93000000e+02 1.90000000e+01 5.37909775e+01
 4.94000000e+02 1.90000000e+01 5.28317264e+01
 4.95000000e+02 1.90000000e+01 5.28724753e+01
 4.96000000e+02 1.90000000e+01 5.39132242e+01
 4.97000000e+02 1.90000000e+01 5.49539731e+01
 4.98000000e+02 1.90000000e+01 5.39947220e+01
 4.99000000e+02 1.90000000e+01 5.40354709e+01
 5.00000000e+02 1.90000000e+01 5.40762198e+01
 5.01000000e+02 1.90000000e+01 5.41169687e+01
 5.02000000e+02 1.90000000e+01 5.41577176e+01
 5.03000000e+02 1.90000000e+01 5.51984665e+01
 5.04000000e+02 1.90000000e+01 5.42392154e+01
 5.05000000e+02 1.90000000e+01 5.42799643e+01
 5.06000000e+02 1.90000000e+01 5.43207132e+01
 5.07000000e+02 1.90000000e+01 5.43614621e+01
 5.08000000e+02 1.90000000e+01 5.44022110e+01
 5.09000000e+02 1.90000000e+01 5.44429599e+01
 5.10000000e+02 1.90000000e+01 5.54837088e+01
 5.11000000e+02 1.90000000e+01 5.55244577e+01
 5.12000000e+02 1.90000000e+01 5.55652066e+01
 5.13000000e+02 1.90000000e+01 5.56059555e+01
 5.14000000e+02 1.90000000e+01 5.56467045e+01
 5.15000000e+02 1.90000000e+01 5.46874534e+01
 5.16000000e+02 1.90000000e+01 5.47282023e+01
 5.17000000e+02 1.90000000e+01 5.37689512e+01
 5.18000000e+02 1.90000000e+01 5.48097001e+01
 5.19000000e+02 1.90000000e+01 5.38504490e+01
 5.20000000e+02 1.90000000e+01 5.38911979e+01
 5.21000000e+02 1.90000000e+01 5.39319468e+01
 5.22000000e+02 1.90000000e+01 5.49726957e+01
 5.23000000e+02 1.90000000e+01 5.50134446e+01
 5.24000000e+02 1.90000000e+01 5.50541935e+01
 5.25000000e+02 1.90000000e+01 5.50949424e+01
 5.26000000e+02 1.90000000e+01 5.71356913e+01
 5.27000000e+02 1.90000000e+01 5.81764402e+01
 5.28000000e+02 1.90000000e+01 5.82171891e+01
 5.29000000e+02 1.90000000e+01 5.92579380e+01
 5.30000000e+02 1.90000000e+01 5.82986869e+01
 5.31000000e+02 1.90000000e+01 5.83394358e+01
 5.32000000e+02 1.90000000e+01 5.73801847e+01
 5.33000000e+02 1.90000000e+01 5.74209336e+01
 5.34000000e+02 1.90000000e+01 5.74616825e+01
 5.35000000e+02 1.90000000e+01 5.75024314e+01
 5.36000000e+02 1.90000000e+01 5.75431803e+01
 5.37000000e+02 1.90000000e+01 5.75839292e+01
 5.38000000e+02 1.90000000e+01 5.76246781e+01
 5.39000000e+02 1.90000000e+01 5.96654270e+01
 5.40000000e+02 1.90000000e+01 5.97061760e+01
 5.41000000e+02 1.90000000e+01 5.87469249e+01
 5.42000000e+02 1.90000000e+01 5.87876738e+01
 5.43000000e+02 1.90000000e+01 5.78284227e+01
 5.44000000e+02 1.90000000e+01 5.78691716e+01
 5.45000000e+02 1.90000000e+01 5.79099205e+01
 5.46000000e+02 1.90000000e+01 5.79506694e+01
 5.47000000e+02 1.90000000e+01 5.99914183e+01
 5.48000000e+02 1.90000000e+01 5.90321672e+01
 5.49000000e+02 1.90000000e+01 5.90729161e+01
 5.50000000e+02 1.90000000e+01 5.91136650e+01
 5.51000000e+02 1.90000000e+01 5.91544139e+01
 5.52000000e+02 1.90000000e+01 6.01951628e+01
 5.53000000e+02 1.90000000e+01 6.02359117e+01
 5.54000000e+02 1.90000000e+01 6.02766606e+01
 5.55000000e+02 1.90000000e+01 6.13174095e+01
 5.56000000e+02 1.90000000e+01 6.03581584e+01
 5.57000000e+02 1.90000000e+01 5.93989073e+01
 5.58000000e+02 1.90000000e+01 5.94396562e+01
 5.59000000e+02 1.90000000e+01 5.94804051e+01
 5.61000000e+02 1.90000000e+01 5.85619029e+01
 5.62000000e+02 1.90000000e+01 5.86026518e+01
 5.63000000e+02 1.90000000e+01 5.96434007e+01
 5.64000000e+02 1.90000000e+01 5.96841496e+01
 5.65000000e+02 1.90000000e+01 5.87248985e+01
 5.66000000e+02 1.90000000e+01 5.97656475e+01
 5.67000000e+02 1.90000000e+01 6.08063964e+01
 5.68000000e+02 1.90000000e+01 6.18471453e+01
 5.69000000e+02 1.90000000e+01 6.08878942e+01
 5.70000000e+02 1.90000000e+01 6.19286431e+01
 5.71000000e+02 1.90000000e+01 6.19693920e+01
 5.72000000e+02 1.90000000e+01 6.20101409e+01
 5.73000000e+02 1.90000000e+01 6.20508898e+01
 5.74000000e+02 1.90000000e+01 6.40916387e+01
 5.75000000e+02 1.90000000e+01 6.41323876e+01
 5.76000000e+02 1.90000000e+01 6.51731365e+01
 5.77000000e+02 1.90000000e+01 6.62138854e+01
 5.78000000e+02 1.90000000e+01 6.52546343e+01
 5.79000000e+02 1.90000000e+01 6.52953832e+01
 5.80000000e+02 1.90000000e+01 6.53361321e+01
 5.81000000e+02 1.90000000e+01 6.53768810e+01
 5.82000000e+02 1.90000000e+01 6.54176299e+01
 5.83000000e+02 1.90000000e+01 6.54583788e+01
 5.84000000e+02 1.90000000e+01 6.34991277e+01
 5.85000000e+02 1.90000000e+01 6.35398766e+01
 5.86000000e+02 1.90000000e+01 6.35806255e+01
 5.87000000e+02 1.90000000e+01 6.26213744e+01
 5.88000000e+02 1.90000000e+01 6.26621233e+01
 5.89000000e+02 1.90000000e+01 6.27028722e+01
 5.90000000e+02 1.90000000e+01 6.27436211e+01
 5.91000000e+02 1.90000000e+01 6.17843700e+01
 5.92000000e+02 1.90000000e+01 6.28251190e+01
 5.93000000e+02 1.90000000e+01 6.28658679e+01
 5.94000000e+02 1.90000000e+01 6.29066168e+01
 5.95000000e+02 1.90000000e+01 6.29473657e+01
 5.96000000e+02 1.90000000e+01 6.29881146e+01
 5.97000000e+02 1.90000000e+01 6.30288635e+01
 5.98000000e+02 1.90000000e+01 6.20696124e+01
 6.01000000e+02 1.90000000e+01 6.81918591e+01
 6.02000000e+02 1.90000000e+01 6.92326080e+01
 6.03000000e+02 1.90000000e+01 6.72733569e+01
 6.04000000e+02 1.90000000e+01 6.73141058e+01
 6.05000000e+02 1.90000000e+01 6.73548547e+01
 6.06000000e+02 1.90000000e+01 6.73956036e+01
 6.07000000e+02 1.90000000e+01 6.84363525e+01
 6.08000000e+02 1.90000000e+01 6.84771014e+01
 6.09000000e+02 1.90000000e+01 6.75178503e+01
 6.10000000e+02 1.90000000e+01 6.75585992e+01
 6.11000000e+02 1.90000000e+01 6.65993481e+01
 6.12000000e+02 1.90000000e+01 6.66400970e+01
 6.13000000e+02 1.90000000e+01 6.66808459e+01
 6.14000000e+02 1.90000000e+01 6.67215948e+01
 6.15000000e+02 1.90000000e+01 6.67623437e+01
 6.16000000e+02 1.90000000e+01 6.68030926e+01
 6.17000000e+02 1.90000000e+01 6.78438415e+01
 6.18000000e+02 1.90000000e+01 6.88845905e+01
 6.19000000e+02 1.90000000e+01 6.89253394e+01
 6.20000000e+02 1.90000000e+01 6.79660883e+01
 6.21000000e+02 1.90000000e+01 6.80068372e+01
 6.22000000e+02 1.90000000e+01 6.80475861e+01
 6.23000000e+02 1.90000000e+01 6.80883350e+01
 6.24000000e+02 1.90000000e+01 6.81290839e+01
 6.25000000e+02 1.90000000e+01 6.81698328e+01
 6.26000000e+02 1.90000000e+01 6.82105817e+01
 6.27000000e+02 1.90000000e+01 6.82513306e+01
 6.28000000e+02 1.90000000e+01 6.72920795e+01
 6.29000000e+02 1.90000000e+01 6.83328284e+01
 6.30000000e+02 1.90000000e+01 7.13735773e+01
 6.31000000e+02 1.90000000e+01 7.14143262e+01
 6.32000000e+02 1.90000000e+01 7.14550751e+01
 6.33000000e+02 1.90000000e+01 7.04958240e+01
 6.34000000e+02 1.90000000e+01 7.15365729e+01
 6.35000000e+02 1.90000000e+01 7.15773218e+01
 6.36000000e+02 1.90000000e+01 7.16180707e+01
 6.37000000e+02 1.90000000e+01 7.16588196e+01
 6.38000000e+02 1.90000000e+01 7.16995685e+01
 6.39000000e+02 1.90000000e+01 7.17403174e+01
 6.40000000e+02 1.90000000e+01 7.27810663e+01
 6.41000000e+02 1.90000000e+01 7.28218152e+01
 6.42000000e+02 1.90000000e+01 7.28625641e+01
 6.43000000e+02 1.90000000e+01 7.09033130e+01
 6.44000000e+02 1.90000000e+01 7.09440620e+01
 6.45000000e+02 1.90000000e+01 7.19848109e+01
 6.46000000e+02 1.90000000e+01 7.20255598e+01
 6.47000000e+02 1.90000000e+01 7.20663087e+01
 6.48000000e+02 1.90000000e+01 7.21070576e+01
 6.49000000e+02 1.90000000e+01 7.11478065e+01
 6.50000000e+02 1.90000000e+01 7.11885554e+01
 6.51000000e+02 1.90000000e+01 7.12293043e+01
 6.52000000e+02 1.90000000e+01 7.12700532e+01
 6.53000000e+02 1.90000000e+01 7.13108021e+01
 6.54000000e+02 1.90000000e+01 7.13515510e+01
 6.55000000e+02 1.90000000e+01 7.13922999e+01
 6.56000000e+02 1.90000000e+01 7.14330488e+01
 6.57000000e+02 1.90000000e+01 7.04737977e+01
 6.58000000e+02 1.90000000e+01 7.15145466e+01
 6.59000000e+02 1.90000000e+01 7.05552955e+01
 6.60000000e+02 1.90000000e+01 7.05960444e+01
 6.65000000e+02 1.90000000e+01 7.37997889e+01
 6.66000000e+02 1.90000000e+01 7.38405378e+01
 6.67000000e+02 1.90000000e+01 7.28812867e+01
 6.68000000e+02 1.90000000e+01 7.19220356e+01
 6.69000000e+02 1.90000000e+01 7.19627845e+01
 6.70000000e+02 1.90000000e+01 7.20035335e+01
 6.71000000e+02 1.90000000e+01 7.30442824e+01
 6.72000000e+02 1.90000000e+01 7.20850313e+01
 6.73000000e+02 1.90000000e+01 7.31257802e+01
 6.74000000e+02 1.90000000e+01 7.31665291e+01
 6.75000000e+02 1.90000000e+01 7.32072780e+01
 6.76000000e+02 1.90000000e+01 7.22480269e+01
 6.77000000e+02 1.90000000e+01 7.22887758e+01
 6.78000000e+02 1.90000000e+01 7.23295247e+01
 6.79000000e+02 1.90000000e+01 7.23702736e+01
 6.80000000e+02 1.90000000e+01 7.24110225e+01
 6.81000000e+02 1.90000000e+01 7.34517714e+01
 6.82000000e+02 1.90000000e+01 7.34925203e+01
 6.83000000e+02 1.90000000e+01 7.35332692e+01
 6.84000000e+02 1.90000000e+01 7.35740181e+01
 6.85000000e+02 1.90000000e+01 7.36147670e+01
 6.86000000e+02 1.90000000e+01 7.46555159e+01
 6.87000000e+02 1.90000000e+01 7.46962648e+01
 6.88000000e+02 1.90000000e+01 7.47370137e+01
 6.89000000e+02 1.90000000e+01 7.47777626e+01
 6.90000000e+02 1.90000000e+01 7.58185115e+01
 6.98000000e+02 1.90000000e+01 7.41445028e+01
 6.99000000e+02 1.90000000e+01 7.41852517e+01
 7.00000000e+02 1.90000000e+01 7.42260006e+01
 7.01000000e+02 1.90000000e+01 7.42667495e+01
 7.02000000e+02 1.90000000e+01 7.43074984e+01
 7.03000000e+02 1.90000000e+01 7.53482473e+01
 7.04000000e+02 1.90000000e+01 7.43889962e+01
 7.05000000e+02 1.90000000e+01 7.24297451e+01
 7.06000000e+02 1.90000000e+01 7.24704940e+01
 7.07000000e+02 1.90000000e+01 7.35112429e+01
 7.08000000e+02 1.90000000e+01 7.35519918e+01
 7.09000000e+02 1.90000000e+01 7.45927407e+01
 7.10000000e+02 1.90000000e+01 7.46334896e+01
 7.11000000e+02 1.90000000e+01 7.56742385e+01
 7.12000000e+02 1.90000000e+01 7.57149874e+01
 7.13000000e+02 1.90000000e+01 7.67557363e+01
 7.14000000e+02 1.90000000e+01 7.57964852e+01
 7.15000000e+02 1.90000000e+01 7.58372341e+01
 7.16000000e+02 1.90000000e+01 7.58779830e+01
