 1.00000000e+00 7.00000000e+00 4.17425168e+01
 2.00000000e+00 7.00000000e+00 4.17832657e+01
 3.00000000e+00 7.00000000e+00 4.18240146e+01
 4.00000000e+00 7.00000000e+00 4.18647635e+01
 5.00000000e+00 7.00000000e+00 4.09055124e+01
 6.00000000e+00 7.00000000e+00 4.09462613e+01
 7.00000000e+00 7.00000000e+00 3.99870102e+01
 8.00000000e+00 7.00000000e+00 4.00277591e+01
 9.00000000e+00 7.00000000e+00 4.00685080e+01
 1.00000000e+01 7.00000000e+00 4.11092569e+01
 1.10000000e+01 7.00000000e+00 4.11500058e+01
 1.20000000e+01 7.00000000e+00 4.21907547e+01
 1.30000000e+01 7.00000000e+00 4.12315036e+01
 1.40000000e+01 7.00000000e+00 4.12722525e+01
 1.50000000e+01 7.00000000e+00 4.03130014e+01
 1.60000000e+01 7.00000000e+00 4.03537503e+01
 1.70000000e+01 7.00000000e+00 4.03944992e+01
 1.80000000e+01 7.00000000e+00 4.04352481e+01
 1.90000000e+01 7.00000000e+00 4.04759971e+01
 2.00000000e+01 7.00000000e+00 4.05167460e+01
 2.10000000e+01 7.00000000e+00 4.05574949e+01
 2.20000000e+01 7.00000000e+00 4.05982438e+01
 2.30000000e+01 7.00000000e+00 4.06389927e+01
 2.40000000e+01 7.00000000e+00 4.06797416e+01
 2.50000000e+01 7.00000000e+00 4.07204905e+01
 2.60000000e+01 7.00000000e+00 4.07612394e+01
 2.70000000e+01 7.00000000e+00 4.08019883e+01
 2.80000000e+01 7.00000000e+00 4.18427372e+01
 2.90000000e+01 7.00000000e+00 4.28834861e+01
 3.00000000e+01 7.00000000e+00 4.29242350e+01
 3.10000000e+01 7.00000000e+00 4.19649839e+01
 3.20000000e+01 7.00000000e+00 4.20057328e+01
 3.30000000e+01 7.00000000e+00 4.30464817e+01
 3.40000000e+01 7.00000000e+00 4.30872306e+01
 3.50000000e+01 7.00000000e+00 4.31279795e+01
 3.60000000e+01 7.00000000e+00 4.31687284e+01
 3.70000000e+01 7.00000000e+00 4.32094773e+01
 3.80000000e+01 7.00000000e+00 4.32502262e+01
 3.90000000e+01 7.00000000e+00 4.32909751e+01
 4.00000000e+01 7.00000000e+00 4.33317240e+01
 4.10000000e+01 7.00000000e+00 4.33724729e+01
 4.20000000e+01 7.00000000e+00 4.34132218e+01
 4.30000000e+01 7.00000000e+00 4.34539707e+01
 4.40000000e+01 7.00000000e+00 4.34947196e+01
 4.50000000e+01 7.00000000e+00 4.35354686e+01
 4.60000000e+01 7.00000000e+00 4.35762175e+01
 4.70000000e+01 7.00000000e+00 4.36169664e+01
 4.80000000e+01 7.00000000e+00 4.36577153e+01
 4.90000000e+01 7.00000000e+00 4.36984642e+01
 5.00000000e+01 7.00000000e+00 4.37392131e+01
 5.10000000e+01 7.00000000e+00 4.27799620e+01
 5.20000000e+01 7.00000000e+00 4.28207109e+01
 5.30000000e+01 7.00000000e+00 4.28614598e+01
 5.40000000e+01 7.00000000e+00 4.29022087e+01
 5.50000000e+01 7.00000000e+00 4.29429576e+01
 5.60000000e+01 7.00000000e+00 4.29837065e+01
 5.70000000e+01 7.00000000e+00 4.40244554e+01
 5.80000000e+01 7.00000000e+00 4.50652043e+01
 5.90000000e+01 7.00000000e+00 4.41059532e+01
 6.00000000e+01 7.00000000e+00 4.41467021e+01
 6.10000000e+01 7.00000000e+00 4.41874510e+01
 6.20000000e+01 7.00000000e+00 4.42281999e+01
 6.30000000e+01 7.00000000e+00 4.42689488e+01
 6.40000000e+01 7.00000000e+00 4.33096977e+01
 6.50000000e+01 7.00000000e+00 4.23504466e+01
 6.60000000e+01 7.00000000e+00 4.23911955e+01
 6.70000000e+01 7.00000000e+00 4.24319444e+01
 6.80000000e+01 7.00000000e+00 4.14726933e+01
 6.90000000e+01 7.00000000e+00 4.15134422e+01
 7.00000000e+01 7.00000000e+00 4.15541911e+01
 7.10000000e+01 7.00000000e+00 4.05949401e+01
 7.20000000e+01 7.00000000e+00 4.06356890e+01
 7.30000000e+01 7.00000000e+00 4.06764379e+01
 7.40000000e+01 7.00000000e+00 3.97171868e+01
 7.50000000e+01 7.00000000e+00 4.07579357e+01
 7.60000000e+01 7.00000000e+00 4.07986846e+01
 7.70000000e+01 7.00000000e+00 4.08394335e+01
 7.80000000e+01 7.00000000e+00 4.08801824e+01
 7.90000000e+01 7.00000000e+00 3.99209313e+01
 8.00000000e+01 7.00000000e+00 4.09616802e+01
 8.10000000e+01 7.00000000e+00 4.10024291e+01
 8.20000000e+01 7.00000000e+00 4.10431780e+01
 8.30000000e+01 7.00000000e+00 4.10839269e+01
 8.40000000e+01 7.00000000e+00 4.11246758e+01
 8.50000000e+01 7.00000000e+00 4.21654247e+01
 8.60000000e+01 7.00000000e+00 4.22061736e+01
 8.70000000e+01 7.00000000e+00 4.22469225e+01
 8.80000000e+01 7.00000000e+00 4.12876714e+01
 8.90000000e+01 7.00000000e+00 4.23284203e+01
 9.00000000e+01 7.00000000e+00 4.23691692e+01
 9.10000000e+01 7.00000000e+00 4.14099181e+01
 9.20000000e+01 7.00000000e+00 4.14506670e+01
 9.30000000e+01 7.00000000e+00 4.14914159e+01
 9.40000000e+01 7.00000000e+00 4.15321648e+01
 9.50000000e+01 7.00000000e+00 4.15729137e+01
 9.60000000e+01 7.00000000e+00 4.16136626e+01
 9.70000000e+01 7.00000000e+00 4.26544116e+01
 9.80000000e+01 7.00000000e+00 4.26951605e+01
 9.90000000e+01 7.00000000e+00 4.27359094e+01
 1.00000000e+02 7.00000000e+00 4.27766583e+01
 1.01000000e+02 7.00000000e+00 4.28174072e+01
 1.02000000e+02 7.00000000e+00 4.38581561e+01
 1.03000000e+02 7.00000000e+00 4.28989050e+01
 1.04000000e+02 7.00000000e+00 4.19396539e+01
 1.05000000e+02 7.00000000e+00 4.29804028e+01
 1.06000000e+02 7.00000000e+00 4.20211517e+01
 1.07000000e+02 7.00000000e+00 4.30619006e+01
 1.08000000e+02 7.00000000e+00 4.21026495e+01
 1.09000000e+02 7.00000000e+00 4.01433984e+01
 1.10000000e+02 7.00000000e+00 4.11841473e+01
 1.11000000e+02 7.00000000e+00 4.12248962e+01
 1.12000000e+02 7.00000000e+00 4.12656451e+01
 1.13000000e+02 7.00000000e+00 4.13063940e+01
 1.14000000e+02 7.00000000e+00 4.23471429e+01
 1.15000000e+02 7.00000000e+00 4.13878918e+01
 1.16000000e+02 7.00000000e+00 4.14286407e+01
 1.17000000e+02 7.00000000e+00 4.14693896e+01
 1.18000000e+02 7.00000000e+00 4.15101385e+01
 1.19000000e+02 7.00000000e+00 4.15508874e+01
 1.20000000e+02 7.00000000e+00 4.15916363e+01
 1.21000000e+02 7.00000000e+00 4.26323852e+01
 1.22000000e+02 7.00000000e+00 4.26731341e+01
 1.23000000e+02 7.00000000e+00 4.27138831e+01
 1.24000000e+02 7.00000000e+00 4.37546320e+01
 1.25000000e+02 7.00000000e+00 4.37953809e+01
 1.26000000e+02 7.00000000e+00 4.38361298e+01
 1.27000000e+02 7.00000000e+00 4.38768787e+01
 1.28000000e+02 7.00000000e+00 4.39176276e+01
 1.29000000e+02 7.00000000e+00 4.39583765e+01
 1.30000000e+02 7.00000000e+00 4.39991254e+01
 1.31000000e+02 7.00000000e+00 4.40398743e+01
 1.32000000e+02 7.00000000e+00 4.40806232e+01
 1.33000000e+02 7.00000000e+00 4.31213721e+01
 1.34000000e+02 7.00000000e+00 4.21621210e+01
 1.35000000e+02 7.00000000e+00 4.32028699e+01
 1.36000000e+02 7.00000000e+00 4.32436188e+01
 1.37000000e+02 7.00000000e+00 4.32843677e+01
 1.38000000e+02 7.00000000e+00 4.33251166e+01
 1.39000000e+02 7.00000000e+00 4.33658655e+01
 1.40000000e+02 7.00000000e+00 4.34066144e+01
 1.41000000e+02 7.00000000e+00 4.34473633e+01
 1.42000000e+02 7.00000000e+00 4.44881122e+01
 1.43000000e+02 7.00000000e+00 4.45288611e+01
 1.44000000e+02 7.00000000e+00 4.45696100e+01
 1.45000000e+02 7.00000000e+00 4.46103589e+01
 1.46000000e+02 7.00000000e+00 4.46511078e+01
 1.47000000e+02 7.00000000e+00 4.46918567e+01
 1.48000000e+02 7.00000000e+00 4.47326056e+01
 1.49000000e+02 7.00000000e+00 4.47733546e+01
 1.50000000e+02 7.00000000e+00 4.48141035e+01
 1.51000000e+02 7.00000000e+00 4.38548524e+01
 1.52000000e+02 7.00000000e+00 4.38956013e+01
 1.53000000e+02 7.00000000e+00 4.39363502e+01
 1.54000000e+02 7.00000000e+00 4.39770991e+01
 1.55000000e+02 7.00000000e+00 4.40178480e+01
 1.56000000e+02 7.00000000e+00 4.40585969e+01
 1.57000000e+02 7.00000000e+00 4.40993458e+01
 1.58000000e+02 7.00000000e+00 4.51400947e+01
 1.59000000e+02 7.00000000e+00 4.51808436e+01
 1.60000000e+02 7.00000000e+00 4.52215925e+01
 1.61000000e+02 7.00000000e+00 4.52623414e+01
 1.62000000e+02 7.00000000e+00 4.53030903e+01
 1.63000000e+02 7.00000000e+00 4.53438392e+01
 1.64000000e+02 7.00000000e+00 4.43845881e+01
 1.65000000e+02 7.00000000e+00 4.44253370e+01
 1.66000000e+02 7.00000000e+00 4.44660859e+01
 1.67000000e+02 7.00000000e+00 4.45068348e+01
 1.68000000e+02 7.00000000e+00 4.45475837e+01
 1.69000000e+02 7.00000000e+00 4.45883326e+01
 1.70000000e+02 7.00000000e+00 4.56290815e+01
 1.71000000e+02 7.00000000e+00 4.66698304e+01
 1.72000000e+02 7.00000000e+00 4.67105793e+01
 1.73000000e+02 7.00000000e+00 4.67513282e+01
 1.74000000e+02 7.00000000e+00 4.67920771e+01
 1.75000000e+02 7.00000000e+00 4.68328261e+01
 1.76000000e+02 7.00000000e+00 4.68735750e+01
 1.77000000e+02 7.00000000e+00 4.69143239e+01
 1.78000000e+02 7.00000000e+00 4.69550728e+01
 1.79000000e+02 7.00000000e+00 4.69958217e+01
 1.80000000e+02 7.00000000e+00 4.80365706e+01
 1.81000000e+02 7.00000000e+00 4.80773195e+01
 1.82000000e+02 7.00000000e+00 4.71180684e+01
 1.83000000e+02 7.00000000e+00 4.81588173e+01
 1.84000000e+02 7.00000000e+00 4.81995662e+01
 1.85000000e+02 7.00000000e+00 4.72403151e+01
 1.86000000e+02 7.00000000e+00 4.72810640e+01
 1.87000000e+02 7.00000000e+00 4.73218129e+01
 1.88000000e+02 7.00000000e+00 4.73625618e+01
 1.89000000e+02 7.00000000e+00 4.84033107e+01
 1.90000000e+02 7.00000000e+00 4.94440596e+01
 1.91000000e+02 7.00000000e+00 4.84848085e+01
 1.92000000e+02 7.00000000e+00 4.85255574e+01
 1.93000000e+02 7.00000000e+00 4.85663063e+01
 1.94000000e+02 7.00000000e+00 4.86070552e+01
 1.95000000e+02 7.00000000e+00 4.86478041e+01
 1.96000000e+02 7.00000000e+00 4.86885530e+01
 1.97000000e+02 7.00000000e+00 4.87293019e+01
 1.98000000e+02 7.00000000e+00 4.97700508e+01
 1.99000000e+02 7.00000000e+00 4.98107997e+01
 2.00000000e+02 7.00000000e+00 4.98515486e+01
 2.01000000e+02 7.00000000e+00 4.98922976e+01
 2.02000000e+02 7.00000000e+00 4.99330465e+01
 2.03000000e+02 7.00000000e+00 4.99737954e+01
 2.04000000e+02 7.00000000e+00 5.00145443e+01
 2.05000000e+02 7.00000000e+00 5.00552932e+01
 2.06000000e+02 7.00000000e+00 5.00960421e+01
 2.07000000e+02 7.00000000e+00 4.91367910e+01
 2.08000000e+02 7.00000000e+00 4.91775399e+01
 2.09000000e+02 7.00000000e+00 4.92182888e+01
 2.10000000e+02 7.00000000e+00 4.92590377e+01
 2.11000000e+02 7.00000000e+00 4.92997866e+01
 2.12000000e+02 7.00000000e+00 4.93405355e+01
 2.13000000e+02 7.00000000e+00 4.93812844e+01
 2.14000000e+02 7.00000000e+00 5.04220333e+01
 2.15000000e+02 7.00000000e+00 5.14627822e+01
 2.16000000e+02 7.00000000e+00 5.05035311e+01
 2.17000000e+02 7.00000000e+00 5.05442800e+01
 2.18000000e+02 7.00000000e+00 5.05850289e+01
 2.19000000e+02 7.00000000e+00 5.06257778e+01
 2.20000000e+02 7.00000000e+00 5.06665267e+01
 2.21000000e+02 7.00000000e+00 5.07072756e+01
 2.22000000e+02 7.00000000e+00 5.07480245e+01
 2.23000000e+02 7.00000000e+00 5.07887734e+01
 2.24000000e+02 7.00000000e+00 5.18295223e+01
 2.25000000e+02 7.00000000e+00 5.18702712e+01
 2.26000000e+02 7.00000000e+00 5.29110201e+01
 2.27000000e+02 7.00000000e+00 5.19517691e+01
 2.28000000e+02 7.00000000e+00 5.19925180e+01
 2.29000000e+02 7.00000000e+00 5.20332669e+01
 2.30000000e+02 7.00000000e+00 5.20740158e+01
 2.31000000e+02 7.00000000e+00 5.21147647e+01
 2.32000000e+02 7.00000000e+00 5.21555136e+01
 2.33000000e+02 7.00000000e+00 5.21962625e+01
 2.34000000e+02 7.00000000e+00 5.32370114e+01
 2.35000000e+02 7.00000000e+00 5.32777603e+01
 2.36000000e+02 7.00000000e+00 5.33185092e+01
 2.37000000e+02 7.00000000e+00 5.23592581e+01
 2.38000000e+02 7.00000000e+00 5.14000070e+01
 2.39000000e+02 7.00000000e+00 5.14407559e+01
 2.40000000e+02 7.00000000e+00 5.14815048e+01
 2.41000000e+02 7.00000000e+00 5.15222537e+01
 2.42000000e+02 7.00000000e+00 5.15630026e+01
 2.43000000e+02 7.00000000e+00 5.16037515e+01
 2.44000000e+02 7.00000000e+00 5.16445004e+01
 2.45000000e+02 7.00000000e+00 5.16852493e+01
 2.46000000e+02 7.00000000e+00 5.07259982e+01
 2.47000000e+02 7.00000000e+00 5.07667471e+01
 2.48000000e+02 7.00000000e+00 5.18074960e+01
 2.49000000e+02 7.00000000e+00 5.18482449e+01
 2.50000000e+02 7.00000000e+00 5.18889938e+01
 2.51000000e+02 7.00000000e+00 5.29297427e+01
 2.52000000e+02 7.00000000e+00 5.19704916e+01
 2.53000000e+02 7.00000000e+00 5.20112406e+01
 2.54000000e+02 7.00000000e+00 5.30519895e+01
 2.55000000e+02 7.00000000e+00 5.30927384e+01
 2.56000000e+02 7.00000000e+00 5.31334873e+01
 2.57000000e+02 7.00000000e+00 5.21742362e+01
 2.58000000e+02 7.00000000e+00 5.22149851e+01
 2.59000000e+02 7.00000000e+00 5.22557340e+01
 2.60000000e+02 7.00000000e+00 5.22964829e+01
 2.61000000e+02 7.00000000e+00 5.23372318e+01
 2.62000000e+02 7.00000000e+00 5.23779807e+01
 2.63000000e+02 7.00000000e+00 5.24187296e+01
 2.64000000e+02 7.00000000e+00 5.24594785e+01
 2.65000000e+02 7.00000000e+00 5.25002274e+01
 2.66000000e+02 7.00000000e+00 5.25409763e+01
 2.67000000e+02 7.00000000e+00 5.35817252e+01
 2.68000000e+02 7.00000000e+00 5.26224741e+01
 2.69000000e+02 7.00000000e+00 5.26632230e+01
 2.70000000e+02 7.00000000e+00 5.27039719e+01
 2.71000000e+02 7.00000000e+00 5.27447208e+01
 2.72000000e+02 7.00000000e+00 5.27854697e+01
 2.73000000e+02 7.00000000e+00 5.28262186e+01
 2.74000000e+02 7.00000000e+00 5.28669675e+01
 2.75000000e+02 7.00000000e+00 5.29077164e+01
 2.76000000e+02 7.00000000e+00 5.29484653e+01
 2.77000000e+02 7.00000000e+00 5.29892142e+01
 2.78000000e+02 7.00000000e+00 5.30299631e+01
 2.79000000e+02 7.00000000e+00 5.20707121e+01
 2.80000000e+02 7.00000000e+00 5.21114610e+01
 2.81000000e+02 7.00000000e+00 5.21522099e+01
 2.82000000e+02 7.00000000e+00 5.21929588e+01
 2.83000000e+02 7.00000000e+00 5.22337077e+01
 2.84000000e+02 7.00000000e+00 5.32744566e+01
 2.85000000e+02 7.00000000e+00 5.33152055e+01
 2.86000000e+02 7.00000000e+00 5.33559544e+01
 2.87000000e+02 7.00000000e+00 5.33967033e+01
 2.88000000e+02 7.00000000e+00 5.34374522e+01
 2.89000000e+02 7.00000000e+00 5.34782011e+01
 2.90000000e+02 7.00000000e+00 5.35189500e+01
 2.91000000e+02 7.00000000e+00 5.35596989e+01
 2.92000000e+02 7.00000000e+00 5.26004478e+01
 2.93000000e+02 7.00000000e+00 5.26411967e+01
 2.94000000e+02 7.00000000e+00 5.36819456e+01
 2.95000000e+02 7.00000000e+00 5.37226945e+01
 2.96000000e+02 7.00000000e+00 5.37634434e+01
 2.97000000e+02 7.00000000e+00 5.38041923e+01
 2.98000000e+02 7.00000000e+00 5.38449412e+01
 2.99000000e+02 7.00000000e+00 5.38856901e+01
 3.00000000e+02 7.00000000e+00 5.39264390e+01
 3.01000000e+02 7.00000000e+00 5.49671879e+01
 3.02000000e+02 7.00000000e+00 5.40079368e+01
 3.03000000e+02 7.00000000e+00 5.40486857e+01
 3.04000000e+02 7.00000000e+00 5.40894346e+01
 3.05000000e+02 7.00000000e+00 5.41301836e+01
 3.06000000e+02 7.00000000e+00 5.41709325e+01
 3.07000000e+02 7.00000000e+00 5.32116814e+01
 3.08000000e+02 7.00000000e+00 5.32524303e+01
 3.09000000e+02 7.00000000e+00 5.22931792e+01
 3.10000000e+02 7.00000000e+00 5.23339281e+01
 3.11000000e+02 7.00000000e+00 5.23746770e+01
 3.12000000e+02 7.00000000e+00 5.24154259e+01
 3.13000000e+02 7.00000000e+00 5.24561748e+01
 3.14000000e+02 7.00000000e+00 5.14969237e+01
 3.15000000e+02 7.00000000e+00 5.25376726e+01
 3.16000000e+02 7.00000000e+00 5.25784215e+01
 3.17000000e+02 7.00000000e+00 5.26191704e+01
 3.18000000e+02 7.00000000e+00 5.26599193e+01
 3.19000000e+02 7.00000000e+00 5.27006682e+01
 3.20000000e+02 7.00000000e+00 5.27414171e+01
 3.21000000e+02 7.00000000e+00 5.27821660e+01
 3.22000000e+02 7.00000000e+00 5.38229149e+01
 3.23000000e+02 7.00000000e+00 5.38636638e+01
 3.24000000e+02 7.00000000e+00 5.39044127e+01
 3.25000000e+02 7.00000000e+00 5.39451616e+01
 3.26000000e+02 7.00000000e+00 5.39859105e+01
 3.27000000e+02 7.00000000e+00 5.40266594e+01
 3.28000000e+02 7.00000000e+00 5.40674083e+01
 3.29000000e+02 7.00000000e+00 5.41081572e+01
 3.30000000e+02 7.00000000e+00 5.41489061e+01
 3.31000000e+02 7.00000000e+00 5.41896551e+01
 3.32000000e+02 7.00000000e+00 5.42304040e+01
 3.33000000e+02 7.00000000e+00 5.42711529e+01
 3.34000000e+02 7.00000000e+00 5.43119018e+01
 3.35000000e+02 7.00000000e+00 5.43526507e+01
 3.36000000e+02 7.00000000e+00 5.53933996e+01
 3.37000000e+02 7.00000000e+00 5.44341485e+01
 3.38000000e+02 7.00000000e+00 5.44748974e+01
 3.39000000e+02 7.00000000e+00 5.45156463e+01
 3.40000000e+02 7.00000000e+00 5.35563952e+01
 3.41000000e+02 7.00000000e+00 5.35971441e+01
 3.42000000e+02 7.00000000e+00 5.56378930e+01
 3.43000000e+02 7.00000000e+00 5.66786419e+01
 3.44000000e+02 7.00000000e+00 5.57193908e+01
 3.45000000e+02 7.00000000e+00 5.57601397e+01
 3.46000000e+02 7.00000000e+00 5.58008886e+01
 3.47000000e+02 7.00000000e+00 5.58416375e+01
 3.48000000e+02 7.00000000e+00 5.58823864e+01
 3.49000000e+02 7.00000000e+00 5.59231353e+01
 3.50000000e+02 7.00000000e+00 5.59638842e+01
 3.51000000e+02 7.00000000e+00 5.70046331e+01
 3.52000000e+02 7.00000000e+00 5.70453820e+01
 3.53000000e+02 7.00000000e+00 5.60861309e+01
 3.54000000e+02 7.00000000e+00 5.71268798e+01
 3.55000000e+02 7.00000000e+00 5.71676287e+01
 3.56000000e+02 7.00000000e+00 5.72083776e+01
 3.57000000e+02 7.00000000e+00 5.72491266e+01
 3.58000000e+02 7.00000000e+00 5.62898755e+01
 3.59000000e+02 7.00000000e+00 5.63306244e+01
 3.60000000e+02 7.00000000e+00 5.53713733e+01
 3.61000000e+02 7.00000000e+00 5.64121222e+01
 3.62000000e+02 7.00000000e+00 5.74528711e+01
 3.63000000e+02 7.00000000e+00 5.74936200e+01
 3.64000000e+02 7.00000000e+00 5.65343689e+01
 3.65000000e+02 7.00000000e+00 5.65751178e+01
 3.66000000e+02 7.00000000e+00 5.56158667e+01
 3.67000000e+02 7.00000000e+00 5.46566156e+01
 3.68000000e+02 7.00000000e+00 5.46973645e+01
 3.69000000e+02 7.00000000e+00 5.57381134e+01
 3.70000000e+02 7.00000000e+00 5.47788623e+01
 3.71000000e+02 7.00000000e+00 5.48196112e+01
 3.72000000e+02 7.00000000e+00 5.48603601e+01
 3.73000000e+02 7.00000000e+00 5.49011090e+01
 3.74000000e+02 7.00000000e+00 5.59418579e+01
 3.75000000e+02 7.00000000e+00 5.59826068e+01
 3.76000000e+02 7.00000000e+00 6.00233557e+01
 3.77000000e+02 7.00000000e+00 6.00641046e+01
 3.78000000e+02 7.00000000e+00 6.01048535e+01
 3.79000000e+02 7.00000000e+00 6.01456024e+01
 3.80000000e+02 7.00000000e+00 6.01863513e+01
 3.81000000e+02 7.00000000e+00 6.12271002e+01
 3.82000000e+02 7.00000000e+00 6.02678491e+01
 3.83000000e+02 7.00000000e+00 6.03085981e+01
 3.84000000e+02 7.00000000e+00 6.03493470e+01
 3.85000000e+02 7.00000000e+00 6.13900959e+01
 3.86000000e+02 7.00000000e+00 6.14308448e+01
 3.87000000e+02 7.00000000e+00 6.14715937e+01
 3.88000000e+02 7.00000000e+00 6.25123426e+01
 3.89000000e+02 7.00000000e+00 6.25530915e+01
 3.90000000e+02 7.00000000e+00 6.25938404e+01
 3.91000000e+02 7.00000000e+00 6.16345893e+01
 3.92000000e+02 7.00000000e+00 6.16753382e+01
 3.93000000e+02 7.00000000e+00 6.07160871e+01
 3.94000000e+02 7.00000000e+00 6.17568360e+01
 3.95000000e+02 7.00000000e+00 6.17975849e+01
 3.96000000e+02 7.00000000e+00 6.28383338e+01
 3.97000000e+02 7.00000000e+00 6.28790827e+01
 3.98000000e+02 7.00000000e+00 6.29198316e+01
 3.99000000e+02 7.00000000e+00 6.29605805e+01
 4.00000000e+02 7.00000000e+00 6.30013294e+01
 4.01000000e+02 7.00000000e+00 6.30420783e+01
 4.02000000e+02 7.00000000e+00 6.40828272e+01
 4.03000000e+02 7.00000000e+00 6.41235761e+01
 4.04000000e+02 7.00000000e+00 6.41643250e+01
 4.05000000e+02 7.00000000e+00 6.42050739e+01
 4.06000000e+02 7.00000000e+00 6.52458228e+01
 4.07000000e+02 7.00000000e+00 6.52865717e+01
 4.08000000e+02 7.00000000e+00 6.43273206e+01
 4.09000000e+02 7.00000000e+00 6.43680696e+01
 4.10000000e+02 7.00000000e+00 6.34088185e+01
 4.11000000e+02 7.00000000e+00 6.24495674e+01
 4.12000000e+02 7.00000000e+00 6.24903163e+01
 4.13000000e+02 7.00000000e+00 6.25310652e+01
 4.14000000e+02 7.00000000e+00 6.35718141e+01
 4.15000000e+02 7.00000000e+00 6.36125630e+01
 4.16000000e+02 7.00000000e+00 6.46533119e+01
 4.17000000e+02 7.00000000e+00 6.56940608e+01
 4.18000000e+02 7.00000000e+00 6.57348097e+01
 4.19000000e+02 7.00000000e+00 6.67755586e+01
 4.20000000e+02 7.00000000e+00 6.68163075e+01
 4.21000000e+02 7.00000000e+00 6.68570564e+01
 4.22000000e+02 7.00000000e+00 6.68978053e+01
 4.23000000e+02 7.00000000e+00 6.69385542e+01
 4.24000000e+02 7.00000000e+00 6.69793031e+01
 4.25000000e+02 7.00000000e+00 6.70200520e+01
 4.26000000e+02 7.00000000e+00 6.80608009e+01
 4.27000000e+02 7.00000000e+00 6.81015498e+01
 4.28000000e+02 7.00000000e+00 6.81422987e+01
 4.29000000e+02 7.00000000e+00 6.81830476e+01
 4.30000000e+02 7.00000000e+00 6.72237965e+01
 4.31000000e+02 7.00000000e+00 6.72645454e+01
 4.32000000e+02 7.00000000e+00 6.73052943e+01
 4.33000000e+02 7.00000000e+00 6.73460432e+01
 4.34000000e+02 7.00000000e+00 6.73867921e+01
 4.35000000e+02 7.00000000e+00 6.74275411e+01
 4.36000000e+02 7.00000000e+00 6.74682900e+01
 4.37000000e+02 7.00000000e+00 6.85090389e+01
 4.38000000e+02 7.00000000e+00 6.85497878e+01
 4.39000000e+02 7.00000000e+00 6.85905367e+01
 4.40000000e+02 7.00000000e+00 6.96312856e+01
 4.41000000e+02 7.00000000e+00 6.86720345e+01
 4.42000000e+02 7.00000000e+00 6.97127834e+01
 4.43000000e+02 7.00000000e+00 6.97535323e+01
 4.44000000e+02 7.00000000e+00 6.97942812e+01
 4.45000000e+02 7.00000000e+00 6.98350301e+01
 4.46000000e+02 7.00000000e+00 7.18757790e+01
 4.47000000e+02 7.00000000e+00 7.29165279e+01
 4.48000000e+02 7.00000000e+00 7.29572768e+01
 4.49000000e+02 7.00000000e+00 7.29980257e+01
 4.50000000e+02 7.00000000e+00 7.30387746e+01
 4.51000000e+02 7.00000000e+00 7.30795235e+01
 4.52000000e+02 7.00000000e+00 7.31202724e+01
 4.53000000e+02 7.00000000e+00 7.31610213e+01
 4.54000000e+02 7.00000000e+00 7.32017702e+01
 4.55000000e+02 7.00000000e+00 7.42425191e+01
 4.56000000e+02 7.00000000e+00 7.32832680e+01
 4.57000000e+02 7.00000000e+00 7.43240169e+01
 4.58000000e+02 7.00000000e+00 7.43647658e+01
 4.59000000e+02 7.00000000e+00 7.44055147e+01
 4.60000000e+02 7.00000000e+00 7.44462636e+01
 4.61000000e+02 7.00000000e+00 7.44870125e+01
 4.62000000e+02 7.00000000e+00 7.45277615e+01
 4.63000000e+02 7.00000000e+00 7.35685104e+01
 4.64000000e+02 7.00000000e+00 7.36092593e+01
 4.65000000e+02 7.00000000e+00 7.36500082e+01
 4.66000000e+02 7.00000000e+00 7.26907571e+01
 4.67000000e+02 7.00000000e+00 7.37315060e+01
 4.68000000e+02 7.00000000e+00 7.37722549e+01
 4.69000000e+02 7.00000000e+00 7.38130038e+01
 4.70000000e+02 7.00000000e+00 7.48537527e+01
 4.71000000e+02 7.00000000e+00 7.48945016e+01
 4.72000000e+02 7.00000000e+00 7.49352505e+01
 4.73000000e+02 7.00000000e+00 7.49759994e+01
 4.74000000e+02 7.00000000e+00 7.60167483e+01
 4.75000000e+02 7.00000000e+00 7.60574972e+01
 4.76000000e+02 7.00000000e+00 7.60982461e+01
 4.77000000e+02 7.00000000e+00 7.61389950e+01
 4.78000000e+02 7.00000000e+00 7.61797439e+01
 4.79000000e+02 7.00000000e+00 7.62204928e+01
 4.80000000e+02 7.00000000e+00 7.62612417e+01
 4.81000000e+02 7.00000000e+00 7.73019906e+01
 4.82000000e+02 7.00000000e+00 7.73427395e+01
 4.83000000e+02 7.00000000e+00 7.83834884e+01
 4.84000000e+02 7.00000000e+00 7.84242373e+01
 4.85000000e+02 7.00000000e+00 7.84649862e+01
 4.86000000e+02 7.00000000e+00 7.85057351e+01
 4.87000000e+02 7.00000000e+00 7.95464840e+01
 4.88000000e+02 7.00000000e+00 7.75872330e+01
 4.89000000e+02 7.00000000e+00 7.66279819e+01
 4.90000000e+02 7.00000000e+00 7.66687308e+01
 4.91000000e+02 7.00000000e+00 7.67094797e+01
 4.92000000e+02 7.00000000e+00 7.67502286e+01
 4.93000000e+02 7.00000000e+00 7.57909775e+01
 4.94000000e+02 7.00000000e+00 7.58317264e+01
 4.95000000e+02 7.00000000e+00 7.58724753e+01
 4.96000000e+02 7.00000000e+00 7.69132242e+01
 4.97000000e+02 7.00000000e+00 7.69539731e+01
 4.98000000e+02 7.00000000e+00 7.89947220e+01
 4.99000000e+02 7.00000000e+00 7.90354709e+01
 5.00000000e+02 7.00000000e+00 7.90762198e+01
 5.01000000e+02 7.00000000e+00 8.01169687e+01
 5.02000000e+02 7.00000000e+00 8.11577176e+01
 5.03000000e+02 7.00000000e+00 8.11984665e+01
 5.04000000e+02 7.00000000e+00 8.12392154e+01
 5.05000000e+02 7.00000000e+00 8.02799643e+01
 5.06000000e+02 7.00000000e+00 8.03207132e+01
 5.07000000e+02 7.00000000e+00 8.03614621e+01
 5.08000000e+02 7.00000000e+00 8.04022110e+01
 5.09000000e+02 7.00000000e+00 8.14429599e+01
 5.10000000e+02 7.00000000e+00 8.24837088e+01
 5.11000000e+02 7.00000000e+00 8.25244577e+01
 5.12000000e+02 7.00000000e+00 8.25652066e+01
 5.13000000e+02 7.00000000e+00 8.16059555e+01
 5.14000000e+02 7.00000000e+00 8.16467045e+01
 5.15000000e+02 7.00000000e+00 8.16874534e+01
 5.16000000e+02 7.00000000e+00 8.17282023e+01
 5.17000000e+02 7.00000000e+00 8.27689512e+01
 5.18000000e+02 7.00000000e+00 8.28097001e+01
 5.19000000e+02 7.00000000e+00 8.08504490e+01
 5.20000000e+02 7.00000000e+00 7.98911979e+01
 5.21000000e+02 7.00000000e+00 7.99319468e+01
 5.22000000e+02 7.00000000e+00 7.89726957e+01
 5.23000000e+02 7.00000000e+00 7.90134446e+01
 5.24000000e+02 7.00000000e+00 7.90541935e+01
 5.25000000e+02 7.00000000e+00 7.90949424e+01
 5.26000000e+02 7.00000000e+00 7.81356913e+01
 5.27000000e+02 7.00000000e+00 7.91764402e+01
 5.28000000e+02 7.00000000e+00 7.92171891e+01
 5.29000000e+02 7.00000000e+00 7.82579380e+01
 5.30000000e+02 7.00000000e+00 7.82986869e+01
 5.31000000e+02 7.00000000e+00 7.83394358e+01
 5.32000000e+02 7.00000000e+00 7.83801847e+01
 5.33000000e+02 7.00000000e+00 7.84209336e+01
 5.34000000e+02 7.00000000e+00 7.84616825e+01
 5.35000000e+02 7.00000000e+00 7.85024314e+01
 5.36000000e+02 7.00000000e+00 7.75431803e+01
 5.37000000e+02 7.00000000e+00 7.85839292e+01
 5.38000000e+02 7.00000000e+00 7.86246781e+01
 5.39000000e+02 7.00000000e+00 7.76654270e+01
 5.40000000e+02 7.00000000e+00 7.77061760e+01
 5.41000000e+02 7.00000000e+00 7.77469249e+01
 5.42000000e+02 7.00000000e+00 7.97876738e+01
 5.43000000e+02 7.00000000e+00 7.88284227e+01
 5.44000000e+02 7.00000000e+00 7.78691716e+01
 5.45000000e+02 7.00000000e+00 7.79099205e+01
 5.46000000e+02 7.00000000e+00 7.79506694e+01
 5.47000000e+02 7.00000000e+00 7.79914183e+01
 5.48000000e+02 7.00000000e+00 7.80321672e+01
 5.49000000e+02 7.00000000e+00 7.90729161e+01
 5.50000000e+02 7.00000000e+00 7.91136650e+01
 5.51000000e+02 7.00000000e+00 7.91544139e+01
 5.52000000e+02 7.00000000e+00 7.91951628e+01
 5.53000000e+02 7.00000000e+00 7.92359117e+01
 5.54000000e+02 7.00000000e+00 7.92766606e+01
 5.55000000e+02 7.00000000e+00 7.83174095e+01
 5.56000000e+02 7.00000000e+00 8.03581584e+01
 5.57000000e+02 7.00000000e+00 8.03989073e+01
 5.58000000e+02 7.00000000e+00 8.04396562e+01
 5.59000000e+02 7.00000000e+00 7.94804051e+01
 5.60000000e+02 7.00000000e+00 7.85211540e+01
 5.61000000e+02 7.00000000e+00 7.95619029e+01
 5.62000000e+02 7.00000000e+00 8.06026518e+01
 5.63000000e+02 7.00000000e+00 8.06434007e+01
 5.64000000e+02 7.00000000e+00 8.06841496e+01
 5.65000000e+02 7.00000000e+00 7.97248985e+01
 5.66000000e+02 7.00000000e+00 7.97656475e+01
 5.67000000e+02 7.00000000e+00 7.98063964e+01
 5.68000000e+02 7.00000000e+00 8.08471453e+01
 5.69000000e+02 7.00000000e+00 8.08878942e+01
 5.70000000e+02 7.00000000e+00 8.09286431e+01
 5.71000000e+02 7.00000000e+00 8.09693920e+01
 5.72000000e+02 7.00000000e+00 8.10101409e+01
 5.73000000e+02 7.00000000e+00 8.10508898e+01
 5.74000000e+02 7.00000000e+00 8.10916387e+01
 5.75000000e+02 7.00000000e+00 8.11323876e+01
 5.76000000e+02 7.00000000e+00 8.11731365e+01
 5.77000000e+02 7.00000000e+00 8.12138854e+01
 5.78000000e+02 7.00000000e+00 8.12546343e+01
 5.79000000e+02 7.00000000e+00 8.12953832e+01
 5.80000000e+02 7.00000000e+00 8.13361321e+01
 5.81000000e+02 7.00000000e+00 8.13768810e+01
 5.82000000e+02 7.00000000e+00 8.04176299e+01
 5.83000000e+02 7.00000000e+00 8.14583788e+01
 5.84000000e+02 7.00000000e+00 8.64991277e+01
 5.85000000e+02 7.00000000e+00 8.55398766e+01
 5.86000000e+02 7.00000000e+00 8.55806255e+01
 5.87000000e+02 7.00000000e+00 8.56213744e+01
 5.88000000e+02 7.00000000e+00 8.56621233e+01
 5.89000000e+02 7.00000000e+00 8.47028722e+01
 5.90000000e+02 7.00000000e+00 8.47436211e+01
 5.91000000e+02 7.00000000e+00 8.47843700e+01
 5.92000000e+02 7.00000000e+00 8.48251190e+01
 5.93000000e+02 7.00000000e+00 8.48658679e+01
 5.94000000e+02 7.00000000e+00 8.49066168e+01
 5.95000000e+02 7.00000000e+00 8.49473657e+01
 5.96000000e+02 7.00000000e+00 8.69881146e+01
 5.97000000e+02 7.00000000e+00 8.60288635e+01
 5.98000000e+02 7.00000000e+00 8.60696124e+01
 5.99000000e+02 7.00000000e+00 8.61103613e+01
 6.00000000e+02 7.00000000e+00 8.61511102e+01
 6.01000000e+02 7.00000000e+00 8.61918591e+01
 6.02000000e+02 7.00000000e+00 8.82326080e+01
 6.03000000e+02 7.00000000e+00 8.82733569e+01
 6.04000000e+02 7.00000000e+00 8.73141058e+01
 6.05000000e+02 7.00000000e+00 8.73548547e+01
 6.06000000e+02 7.00000000e+00 8.63956036e+01
 6.07000000e+02 7.00000000e+00 8.74363525e+01
 6.08000000e+02 7.00000000e+00 8.64771014e+01
 6.09000000e+02 7.00000000e+00 8.65178503e+01
 6.10000000e+02 7.00000000e+00 8.65585992e+01
 6.11000000e+02 7.00000000e+00 8.65993481e+01
 6.12000000e+02 7.00000000e+00 8.66400970e+01
 6.13000000e+02 7.00000000e+00 9.36808459e+01
 6.14000000e+02 7.00000000e+00 9.37215948e+01
 6.15000000e+02 7.00000000e+00 9.47623437e+01
 6.16000000e+02 7.00000000e+00 9.58030926e+01
 6.17000000e+02 7.00000000e+00 9.58438415e+01
 6.18000000e+02 7.00000000e+00 9.48845905e+01
 6.19000000e+02 7.00000000e+00 9.49253394e+01
 6.20000000e+02 7.00000000e+00 9.39660883e+01
 6.21000000e+02 7.00000000e+00 9.40068372e+01
 6.22000000e+02 7.00000000e+00 9.40475861e+01
 6.23000000e+02 7.00000000e+00 9.40883350e+01
 6.24000000e+02 7.00000000e+00 9.41290839e+01
 6.37000000e+02 7.00000000e+00 9.56588196e+01
 6.38000000e+02 7.00000000e+00 9.56995685e+01
 6.39000000e+02 7.00000000e+00 9.57403174e+01
 6.40000000e+02 7.00000000e+00 9.57810663e+01
 6.41000000e+02 7.00000000e+00 9.58218152e+01
 6.42000000e+02 7.00000000e+00 9.68625641e+01
 6.43000000e+02 7.00000000e+00 9.59033130e+01
 6.44000000e+02 7.00000000e+00 9.59440620e+01
 6.45000000e+02 7.00000000e+00 9.69848109e+01
 6.46000000e+02 7.00000000e+00 9.70255598e+01
 6.47000000e+02 7.00000000e+00 9.80663087e+01
 6.48000000e+02 7.00000000e+00 9.81070576e+01
 6.49000000e+02 7.00000000e+00 9.81478065e+01
 6.50000000e+02 7.00000000e+00 9.91885554e+01
 6.51000000e+02 7.00000000e+00 9.92293043e+01
 6.53000000e+02 7.00000000e+00 9.83108021e+01
 6.54000000e+02 7.00000000e+00 9.73515510e+01
 6.55000000e+02 7.00000000e+00 9.73922999e+01
 6.56000000e+02 7.00000000e+00 9.74330488e+01
 6.57000000e+02 7.00000000e+00 9.74737977e+01
 6.58000000e+02 7.00000000e+00 9.75145466e+01
 6.59000000e+02 7.00000000e+00 9.75552955e+01
 6.60000000e+02 7.00000000e+00 9.65960444e+01
 6.61000000e+02 7.00000000e+00 9.76367933e+01
 6.62000000e+02 7.00000000e+00 9.66775422e+01
 6.63000000e+02 7.00000000e+00 9.67182911e+01
 6.64000000e+02 7.00000000e+00 9.67590400e+01
 6.65000000e+02 7.00000000e+00 9.67997889e+01
 6.66000000e+02 7.00000000e+00 9.68405378e+01
 6.67000000e+02 7.00000000e+00 9.68812867e+01
 6.68000000e+02 7.00000000e+00 9.69220356e+01
 6.69000000e+02 7.00000000e+00 9.69627845e+01
 6.70000000e+02 7.00000000e+00 9.70035335e+01
 6.71000000e+02 7.00000000e+00 9.70442824e+01
 6.72000000e+02 7.00000000e+00 9.70850313e+01
 6.73000000e+02 7.00000000e+00 9.71257802e+01
 6.74000000e+02 7.00000000e+00 9.71665291e+01
 6.75000000e+02 7.00000000e+00 9.72072780e+01
 6.76000000e+02 7.00000000e+00 9.82480269e+01
 6.77000000e+02 7.00000000e+00 9.82887758e+01
 6.78000000e+02 7.00000000e+00 1.01329525e+02
 6.79000000e+02 7.00000000e+00 1.01370274e+02
 6.80000000e+02 7.00000000e+00 1.02411022e+02
 6.81000000e+02 7.00000000e+00 1.01451771e+02
 6.82000000e+02 7.00000000e+00 1.01492520e+02
 6.83000000e+02 7.00000000e+00 1.01533269e+02
 6.84000000e+02 7.00000000e+00 1.01574018e+02
 6.85000000e+02 7.00000000e+00 1.01614767e+02
 6.86000000e+02 7.00000000e+00 1.01655516e+02
 6.87000000e+02 7.00000000e+00 1.01696265e+02
 6.88000000e+02 7.00000000e+00 1.02737014e+02
 6.89000000e+02 7.00000000e+00 1.01777763e+02
 6.90000000e+02 7.00000000e+00 1.01818512e+02
 6.91000000e+02 7.00000000e+00 1.01859260e+02
 6.92000000e+02 7.00000000e+00 1.02900009e+02
 6.93000000e+02 7.00000000e+00 1.01940758e+02
 6.94000000e+02 7.00000000e+00 1.01981507e+02
