 5.00000000e+00 3.80000000e+01 1.72113891e+01
 6.00000000e+00 3.80000000e+01 1.72504440e+01
 7.00000000e+00 3.80000000e+01 1.72894988e+01
 8.00000000e+00 3.80000000e+01 1.73285537e+01
 9.00000000e+00 3.80000000e+01 1.73676086e+01
 1.00000000e+01 3.80000000e+01 1.74066634e+01
 1.10000000e+01 3.80000000e+01 1.74457183e+01
 1.20000000e+01 3.80000000e+01 1.84847731e+01
 1.30000000e+01 3.80000000e+01 1.95238280e+01
 1.40000000e+01 3.80000000e+01 2.05628828e+01
 1.50000000e+01 3.80000000e+01 2.06019377e+01
 1.60000000e+01 3.80000000e+01 2.06409926e+01
 1.70000000e+01 3.80000000e+01 2.16800474e+01
 1.80000000e+01 3.80000000e+01 2.17191023e+01
 1.90000000e+01 3.80000000e+01 2.17581571e+01
 2.00000000e+01 3.80000000e+01 2.17972120e+01
 2.10000000e+01 3.80000000e+01 2.18362668e+01
 2.20000000e+01 3.80000000e+01 2.18753217e+01
 2.30000000e+01 3.80000000e+01 2.09143766e+01
 2.40000000e+01 3.80000000e+01 1.99534314e+01
 2.50000000e+01 3.80000000e+01 1.99924863e+01
 2.60000000e+01 3.80000000e+01 2.00315411e+01
 2.70000000e+01 3.80000000e+01 2.10705960e+01
 2.80000000e+01 3.80000000e+01 2.11096509e+01
 2.90000000e+01 3.80000000e+01 2.11487057e+01
 3.00000000e+01 3.80000000e+01 2.01877606e+01
 3.10000000e+01 3.80000000e+01 1.92268154e+01
 3.20000000e+01 3.80000000e+01 1.82658703e+01
 3.30000000e+01 3.80000000e+01 1.83049251e+01
 3.40000000e+01 3.80000000e+01 1.83439800e+01
 3.50000000e+01 3.80000000e+01 1.83830349e+01
 3.60000000e+01 3.80000000e+01 1.84220897e+01
 3.70000000e+01 3.80000000e+01 1.94611446e+01
 3.80000000e+01 3.80000000e+01 1.95001994e+01
 3.90000000e+01 3.80000000e+01 1.95392543e+01
 4.00000000e+01 3.80000000e+01 1.85783091e+01
 4.10000000e+01 3.80000000e+01 1.86173640e+01
 4.20000000e+01 3.80000000e+01 1.86564189e+01
 4.30000000e+01 3.80000000e+01 1.76954737e+01
 4.40000000e+01 3.80000000e+01 1.77345286e+01
 4.50000000e+01 3.80000000e+01 1.77735834e+01
 4.60000000e+01 3.80000000e+01 1.78126383e+01
 4.70000000e+01 3.80000000e+01 1.78516932e+01
 4.80000000e+01 3.80000000e+01 1.78907480e+01
 4.90000000e+01 3.80000000e+01 1.79298029e+01
 5.00000000e+01 3.80000000e+01 1.79688577e+01
 5.10000000e+01 3.80000000e+01 1.60079126e+01
 5.20000000e+01 3.80000000e+01 1.70469674e+01
 5.30000000e+01 3.80000000e+01 2.00860223e+01
 7.00000000e+01 3.80000000e+01 9.74995489e+00
 7.10000000e+01 3.80000000e+01 9.78900974e+00
 7.20000000e+01 3.80000000e+01 9.82806460e+00
 7.30000000e+01 3.80000000e+01 9.86711946e+00
 7.40000000e+01 3.80000000e+01 9.90617432e+00
 7.50000000e+01 3.80000000e+01 9.94522918e+00
 7.60000000e+01 3.80000000e+01 9.98428403e+00
 7.70000000e+01 3.80000000e+01 1.00233389e+01
 7.80000000e+01 3.80000000e+01 9.06239375e+00
 7.90000000e+01 3.80000000e+01 9.10144861e+00
 8.00000000e+01 3.80000000e+01 9.14050347e+00
 8.10000000e+01 3.80000000e+01 9.17955832e+00
 8.20000000e+01 3.80000000e+01 8.21861318e+00
 8.30000000e+01 3.80000000e+01 8.25766804e+00
 8.40000000e+01 3.80000000e+01 8.29672290e+00
 8.50000000e+01 3.80000000e+01 8.33577775e+00
 8.60000000e+01 3.80000000e+01 8.37483261e+00
 8.70000000e+01 3.80000000e+01 7.41388747e+00
 8.80000000e+01 3.80000000e+01 7.45294233e+00
 8.90000000e+01 3.80000000e+01 5.49199719e+00
 9.00000000e+01 3.80000000e+01 6.53105204e+00
 9.10000000e+01 3.80000000e+01 5.57010690e+00
 9.20000000e+01 3.80000000e+01 5.60916176e+00
 9.30000000e+01 3.80000000e+01 4.64821662e+00
 9.40000000e+01 3.80000000e+01 5.68727148e+00
 9.50000000e+01 3.80000000e+01 5.72632633e+00
 9.60000000e+01 3.80000000e+01 6.76538119e+00
 9.70000000e+01 3.80000000e+01 6.80443605e+00
 9.80000000e+01 3.80000000e+01 6.84349091e+00
 9.90000000e+01 3.80000000e+01 1.18825458e+01
 1.00000000e+02 3.80000000e+01 1.29216006e+01
 1.01000000e+02 3.80000000e+01 1.19606555e+01
 1.02000000e+02 3.80000000e+01 1.19997103e+01
 1.03000000e+02 3.80000000e+01 1.30387652e+01
 1.04000000e+02 3.80000000e+01 1.30778201e+01
 1.05000000e+02 3.80000000e+01 1.51168749e+01
 1.06000000e+02 3.80000000e+01 1.61559298e+01
 1.07000000e+02 3.80000000e+01 1.71949846e+01
 1.08000000e+02 3.80000000e+01 1.72340395e+01
 1.09000000e+02 3.80000000e+01 1.62730943e+01
 1.10000000e+02 3.80000000e+01 1.63121492e+01
 1.11000000e+02 3.80000000e+01 1.63512041e+01
 1.12000000e+02 3.80000000e+01 1.63902589e+01
 1.17000000e+02 3.80000000e+01 8.58553321e+00
 1.18000000e+02 3.80000000e+01 1.46245881e+01
 1.19000000e+02 3.80000000e+01 2.16636429e+01
 1.20000000e+02 3.80000000e+01 2.27026978e+01
 1.21000000e+02 3.80000000e+01 2.07417526e+01
 1.22000000e+02 3.80000000e+01 2.17808075e+01
 1.23000000e+02 3.80000000e+01 1.98198624e+01
 1.24000000e+02 3.80000000e+01 1.98589172e+01
 1.25000000e+02 3.80000000e+01 1.98979721e+01
 1.26000000e+02 3.80000000e+01 1.89370269e+01
 1.27000000e+02 3.80000000e+01 1.89760818e+01
 1.28000000e+02 3.80000000e+01 1.80151366e+01
 1.29000000e+02 3.80000000e+01 1.90541915e+01
 1.30000000e+02 3.80000000e+01 1.80932464e+01
 1.31000000e+02 3.80000000e+01 1.71323012e+01
 1.32000000e+02 3.80000000e+01 1.71713561e+01
 1.33000000e+02 3.80000000e+01 1.62104109e+01
 1.34000000e+02 3.80000000e+01 1.72494658e+01
 1.35000000e+02 3.80000000e+01 2.22885207e+01
 1.36000000e+02 3.80000000e+01 2.33275755e+01
 1.37000000e+02 3.80000000e+01 2.23666304e+01
 1.38000000e+02 3.80000000e+01 2.04056852e+01
 1.39000000e+02 3.80000000e+01 1.94447401e+01
 1.40000000e+02 3.80000000e+01 1.84837949e+01
 1.41000000e+02 3.80000000e+01 1.75228498e+01
 1.42000000e+02 3.80000000e+01 1.75619047e+01
 1.43000000e+02 3.80000000e+01 1.76009595e+01
 1.44000000e+02 3.80000000e+01 1.76400144e+01
 1.45000000e+02 3.80000000e+01 1.76790692e+01
 1.46000000e+02 3.80000000e+01 1.77181241e+01
 1.47000000e+02 3.80000000e+01 1.77571789e+01
 1.48000000e+02 3.80000000e+01 1.77962338e+01
 1.49000000e+02 3.80000000e+01 1.78352887e+01
 1.50000000e+02 3.80000000e+01 2.08743435e+01
 1.51000000e+02 3.80000000e+01 2.19133984e+01
 1.52000000e+02 3.80000000e+01 2.39524532e+01
 1.53000000e+02 3.80000000e+01 2.49915081e+01
 1.54000000e+02 3.80000000e+01 2.70305630e+01
 1.55000000e+02 3.80000000e+01 2.70696178e+01
 1.56000000e+02 3.80000000e+01 2.71086727e+01
 1.57000000e+02 3.80000000e+01 2.61477275e+01
 1.58000000e+02 3.80000000e+01 2.61867824e+01
 1.59000000e+02 3.80000000e+01 2.62258372e+01
 1.60000000e+02 3.80000000e+01 2.52648921e+01
 1.61000000e+02 3.80000000e+01 2.53039470e+01
 1.62000000e+02 3.80000000e+01 2.63430018e+01
 1.63000000e+02 3.80000000e+01 2.63820567e+01
 1.64000000e+02 3.80000000e+01 2.64211115e+01
 1.65000000e+02 3.80000000e+01 2.54601664e+01
 1.66000000e+02 3.80000000e+01 2.44992212e+01
 1.67000000e+02 3.80000000e+01 2.45382761e+01
 1.68000000e+02 3.80000000e+01 2.25773310e+01
 1.69000000e+02 3.80000000e+01 2.16163858e+01
 1.70000000e+02 3.80000000e+01 2.06554407e+01
 1.71000000e+02 3.80000000e+01 2.06944955e+01
 1.72000000e+02 3.80000000e+01 2.07335504e+01
 1.73000000e+02 3.80000000e+01 2.07726053e+01
 1.74000000e+02 3.80000000e+01 2.18116601e+01
 1.75000000e+02 3.80000000e+01 2.18507150e+01
 1.76000000e+02 3.80000000e+01 2.08897698e+01
 1.77000000e+02 3.80000000e+01 1.89288247e+01
 1.78000000e+02 3.80000000e+01 1.79678795e+01
 1.79000000e+02 3.80000000e+01 1.80069344e+01
 1.80000000e+02 3.80000000e+01 1.80459893e+01
 1.81000000e+02 3.80000000e+01 1.50850441e+01
 1.82000000e+02 3.80000000e+01 1.11240990e+01
 1.83000000e+02 3.80000000e+01 1.01631538e+01
 1.84000000e+02 3.80000000e+01 9.20220869e+00
 1.85000000e+02 3.80000000e+01 9.24126355e+00
 1.86000000e+02 3.80000000e+01 8.28031841e+00
 1.87000000e+02 3.80000000e+01 7.31937327e+00
 1.88000000e+02 3.80000000e+01 8.35842812e+00
 1.89000000e+02 3.80000000e+01 9.39748298e+00
 1.90000000e+02 3.80000000e+01 1.04365378e+01
 1.91000000e+02 3.80000000e+01 1.24755927e+01
 1.92000000e+02 3.80000000e+01 1.25146476e+01
 1.93000000e+02 3.80000000e+01 1.35537024e+01
 1.94000000e+02 3.80000000e+01 1.35927573e+01
 1.95000000e+02 3.80000000e+01 1.36318121e+01
 1.96000000e+02 3.80000000e+01 1.36708670e+01
 1.97000000e+02 3.80000000e+01 1.37099218e+01
 1.98000000e+02 3.80000000e+01 1.37489767e+01
 1.99000000e+02 3.80000000e+01 1.37880316e+01
 2.00000000e+02 3.80000000e+01 1.38270864e+01
 2.01000000e+02 3.80000000e+01 1.38661413e+01
 2.02000000e+02 3.80000000e+01 1.39051961e+01
 2.03000000e+02 3.80000000e+01 1.39442510e+01
 2.04000000e+02 3.80000000e+01 1.59833059e+01
 2.05000000e+02 3.80000000e+01 2.00223607e+01
 2.06000000e+02 3.80000000e+01 2.20614156e+01
 2.07000000e+02 3.80000000e+01 2.31004704e+01
 2.08000000e+02 3.80000000e+01 2.21395253e+01
 2.09000000e+02 3.80000000e+01 2.11785801e+01
 2.10000000e+02 3.80000000e+01 2.12176350e+01
 2.11000000e+02 3.80000000e+01 2.02566899e+01
 2.12000000e+02 3.80000000e+01 1.92957447e+01
 2.13000000e+02 3.80000000e+01 2.03347996e+01
 2.14000000e+02 3.80000000e+01 1.93738544e+01
 2.15000000e+02 3.80000000e+01 1.94129093e+01
 2.16000000e+02 3.80000000e+01 1.84519641e+01
 2.17000000e+02 3.80000000e+01 1.74910190e+01
 2.18000000e+02 3.80000000e+01 1.65300739e+01
 2.19000000e+02 3.80000000e+01 1.65691287e+01
 2.20000000e+02 3.80000000e+01 1.76081836e+01
 2.21000000e+02 3.80000000e+01 1.56472384e+01
 2.22000000e+02 3.80000000e+01 1.96862933e+01
 2.23000000e+02 3.80000000e+01 1.97253482e+01
 2.24000000e+02 3.80000000e+01 2.47644030e+01
 2.25000000e+02 3.80000000e+01 2.48034579e+01
 2.26000000e+02 3.80000000e+01 2.58425127e+01
 2.27000000e+02 3.80000000e+01 2.58815676e+01
 2.28000000e+02 3.80000000e+01 2.59206224e+01
 2.29000000e+02 3.80000000e+01 2.69596773e+01
 2.30000000e+02 3.80000000e+01 2.49987322e+01
 2.31000000e+02 3.80000000e+01 2.20377870e+01
 2.32000000e+02 3.80000000e+01 2.10768419e+01
 2.33000000e+02 3.80000000e+01 2.01158967e+01
 2.34000000e+02 3.80000000e+01 1.91549516e+01
 2.35000000e+02 3.80000000e+01 1.91940064e+01
 2.36000000e+02 3.80000000e+01 1.92330613e+01
 2.37000000e+02 3.80000000e+01 2.02721162e+01
 2.38000000e+02 3.80000000e+01 1.93111710e+01
 2.39000000e+02 3.80000000e+01 1.83502259e+01
 2.40000000e+02 3.80000000e+01 1.73892807e+01
 2.41000000e+02 3.80000000e+01 1.54283356e+01
 2.42000000e+02 3.80000000e+01 1.44673905e+01
 2.43000000e+02 3.80000000e+01 1.25064453e+01
 2.44000000e+02 3.80000000e+01 1.15455002e+01
 2.45000000e+02 3.80000000e+01 1.25845550e+01
 2.46000000e+02 3.80000000e+01 1.26236099e+01
 2.47000000e+02 3.80000000e+01 1.16626647e+01
 2.48000000e+02 3.80000000e+01 1.17017196e+01
 2.49000000e+02 3.80000000e+01 1.17407745e+01
 2.50000000e+02 3.80000000e+01 1.27798293e+01
 2.51000000e+02 3.80000000e+01 1.28188842e+01
 2.52000000e+02 3.80000000e+01 1.28579390e+01
 2.53000000e+02 3.80000000e+01 8.89699389e+00
 2.54000000e+02 3.80000000e+01 9.93604875e+00
 2.55000000e+02 3.80000000e+01 9.97510361e+00
 2.56000000e+02 3.80000000e+01 1.00141585e+01
 2.57000000e+02 3.80000000e+01 1.60532133e+01
 2.58000000e+02 3.80000000e+01 1.90922682e+01
 2.59000000e+02 3.80000000e+01 2.01313230e+01
 2.60000000e+02 3.80000000e+01 2.41703779e+01
 2.61000000e+02 3.80000000e+01 2.72094328e+01
 2.62000000e+02 3.80000000e+01 2.72484876e+01
 2.63000000e+02 3.80000000e+01 2.32875425e+01
 2.64000000e+02 3.80000000e+01 2.13265973e+01
 2.65000000e+02 3.80000000e+01 1.83656522e+01
 2.66000000e+02 3.80000000e+01 1.74047070e+01
 2.67000000e+02 3.80000000e+01 1.94437619e+01
 2.68000000e+02 3.80000000e+01 2.14828168e+01
 2.69000000e+02 3.80000000e+01 2.05218716e+01
 2.70000000e+02 3.80000000e+01 1.35609265e+01
 2.71000000e+02 3.80000000e+01 1.15999813e+01
 2.72000000e+02 3.80000000e+01 1.26390362e+01
 2.73000000e+02 3.80000000e+01 1.36780910e+01
 2.74000000e+02 3.80000000e+01 1.47171459e+01
 2.75000000e+02 3.80000000e+01 1.57562008e+01
 2.76000000e+02 3.80000000e+01 1.67952556e+01
 2.77000000e+02 3.80000000e+01 1.68343105e+01
 2.78000000e+02 3.80000000e+01 1.78733653e+01
 2.79000000e+02 3.80000000e+01 1.79124202e+01
 2.80000000e+02 3.80000000e+01 1.99514751e+01
 2.81000000e+02 3.80000000e+01 1.99905299e+01
 2.82000000e+02 3.80000000e+01 2.00295848e+01
 2.83000000e+02 3.80000000e+01 1.90686396e+01
 2.84000000e+02 3.80000000e+01 1.81076945e+01
 2.85000000e+02 3.80000000e+01 2.21467493e+01
 2.86000000e+02 3.80000000e+01 2.11858042e+01
 2.87000000e+02 3.80000000e+01 2.02248591e+01
 2.88000000e+02 3.80000000e+01 2.02639139e+01
 2.89000000e+02 3.80000000e+01 2.03029688e+01
 2.90000000e+02 3.80000000e+01 1.93420236e+01
 2.91000000e+02 3.80000000e+01 2.03810785e+01
 2.92000000e+02 3.80000000e+01 2.24201334e+01
 2.93000000e+02 3.80000000e+01 2.24591882e+01
 2.94000000e+02 3.80000000e+01 1.94982431e+01
 2.95000000e+02 3.80000000e+01 1.85372979e+01
 2.96000000e+02 3.80000000e+01 1.75763528e+01
 2.97000000e+02 3.80000000e+01 1.86154076e+01
 2.98000000e+02 3.80000000e+01 1.86544625e+01
 2.99000000e+02 3.80000000e+01 1.86935174e+01
 3.00000000e+02 3.80000000e+01 1.87325722e+01
 3.01000000e+02 3.80000000e+01 1.87716271e+01
 3.02000000e+02 3.80000000e+01 1.88106819e+01
 3.03000000e+02 3.80000000e+01 1.78497368e+01
 3.04000000e+02 3.80000000e+01 1.88887916e+01
 3.05000000e+02 3.80000000e+01 1.69278465e+01
 3.06000000e+02 3.80000000e+01 1.69669014e+01
 3.07000000e+02 3.80000000e+01 1.70059562e+01
 3.08000000e+02 3.80000000e+01 1.60450111e+01
 3.09000000e+02 3.80000000e+01 1.50840659e+01
 3.10000000e+02 3.80000000e+01 1.51231208e+01
 3.11000000e+02 3.80000000e+01 1.51621757e+01
 3.12000000e+02 3.80000000e+01 1.52012305e+01
 3.13000000e+02 3.80000000e+01 1.52402854e+01
 3.14000000e+02 3.80000000e+01 1.52793402e+01
 3.15000000e+02 3.80000000e+01 1.43183951e+01
 3.16000000e+02 3.80000000e+01 1.83574499e+01
 3.17000000e+02 3.80000000e+01 1.73965048e+01
 3.18000000e+02 3.80000000e+01 1.74355597e+01
 3.19000000e+02 3.80000000e+01 1.84746145e+01
 3.20000000e+02 3.80000000e+01 1.85136694e+01
 3.21000000e+02 3.80000000e+01 1.85527242e+01
 3.22000000e+02 3.80000000e+01 1.85917791e+01
 3.23000000e+02 3.80000000e+01 1.86308339e+01
 3.24000000e+02 3.80000000e+01 1.86698888e+01
 3.25000000e+02 3.80000000e+01 9.70894366e+00
 3.26000000e+02 3.80000000e+01 1.07479985e+01
 3.27000000e+02 3.80000000e+01 1.07870534e+01
 3.28000000e+02 3.80000000e+01 1.08261082e+01
 3.29000000e+02 3.80000000e+01 1.08651631e+01
 3.30000000e+02 3.80000000e+01 2.79042180e+01
 3.31000000e+02 3.80000000e+01 2.59432728e+01
 3.32000000e+02 3.80000000e+01 2.59823277e+01
 3.33000000e+02 3.80000000e+01 2.60213825e+01
 3.34000000e+02 3.80000000e+01 2.60604374e+01
 3.35000000e+02 3.80000000e+01 2.60994922e+01
 3.36000000e+02 3.80000000e+01 2.61385471e+01
 3.37000000e+02 3.80000000e+01 2.61776020e+01
 3.38000000e+02 3.80000000e+01 2.62166568e+01
 3.39000000e+02 3.80000000e+01 2.52557117e+01
 3.40000000e+02 3.80000000e+01 2.52947665e+01
 3.41000000e+02 3.80000000e+01 2.43338214e+01
 3.42000000e+02 3.80000000e+01 2.43728762e+01
 3.43000000e+02 3.80000000e+01 2.34119311e+01
 3.44000000e+02 3.80000000e+01 2.34509860e+01
 3.45000000e+02 3.80000000e+01 2.24900408e+01
 3.46000000e+02 3.80000000e+01 2.25290957e+01
 3.47000000e+02 3.80000000e+01 2.25681505e+01
 3.48000000e+02 3.80000000e+01 2.26072054e+01
 3.49000000e+02 3.80000000e+01 2.26462603e+01
 3.50000000e+02 3.80000000e+01 2.26853151e+01
 3.51000000e+02 3.80000000e+01 2.27243700e+01
 3.52000000e+02 3.80000000e+01 2.17634248e+01
 3.53000000e+02 3.80000000e+01 2.28024797e+01
 3.54000000e+02 3.80000000e+01 2.18415345e+01
 3.55000000e+02 3.80000000e+01 2.28805894e+01
 3.56000000e+02 3.80000000e+01 2.29196443e+01
 3.57000000e+02 3.80000000e+01 2.19586991e+01
 3.58000000e+02 3.80000000e+01 2.09977540e+01
 3.59000000e+02 3.80000000e+01 2.10368088e+01
 3.60000000e+02 3.80000000e+01 2.10758637e+01
 3.61000000e+02 3.80000000e+01 2.21149185e+01
 3.62000000e+02 3.80000000e+01 2.21539734e+01
 3.63000000e+02 3.80000000e+01 2.21930283e+01
 3.64000000e+02 3.80000000e+01 2.22320831e+01
 3.65000000e+02 3.80000000e+01 2.22711380e+01
 3.66000000e+02 3.80000000e+01 2.23101928e+01
 3.67000000e+02 3.80000000e+01 2.13492477e+01
 3.68000000e+02 3.80000000e+01 2.03883026e+01
 3.69000000e+02 3.80000000e+01 1.94273574e+01
 3.70000000e+02 3.80000000e+01 1.94664123e+01
 3.71000000e+02 3.80000000e+01 1.85054671e+01
 3.72000000e+02 3.80000000e+01 1.85445220e+01
 3.73000000e+02 3.80000000e+01 1.75835768e+01
 3.74000000e+02 3.80000000e+01 1.76226317e+01
 3.75000000e+02 3.80000000e+01 1.76616866e+01
 3.76000000e+02 3.80000000e+01 1.77007414e+01
 3.77000000e+02 3.80000000e+01 1.77397963e+01
 3.78000000e+02 3.80000000e+01 1.77788511e+01
 3.79000000e+02 3.80000000e+01 1.78179060e+01
 3.80000000e+02 3.80000000e+01 1.78569609e+01
 3.81000000e+02 3.80000000e+01 1.78960157e+01
 3.82000000e+02 3.80000000e+01 1.69350706e+01
 3.83000000e+02 3.80000000e+01 1.69741254e+01
 3.84000000e+02 3.80000000e+01 1.70131803e+01
 3.85000000e+02 3.80000000e+01 1.70522351e+01
 3.86000000e+02 3.80000000e+01 1.70912900e+01
 3.87000000e+02 3.80000000e+01 1.81303449e+01
 3.88000000e+02 3.80000000e+01 1.71693997e+01
 3.89000000e+02 3.80000000e+01 1.62084546e+01
 3.90000000e+02 3.80000000e+01 1.72475094e+01
 3.91000000e+02 3.80000000e+01 1.62865643e+01
 3.92000000e+02 3.80000000e+01 1.63256191e+01
 3.93000000e+02 3.80000000e+01 1.63646740e+01
 3.94000000e+02 3.80000000e+01 1.64037289e+01
 3.95000000e+02 3.80000000e+01 1.64427837e+01
 3.96000000e+02 3.80000000e+01 1.64818386e+01
 3.97000000e+02 3.80000000e+01 1.65208934e+01
 3.98000000e+02 3.80000000e+01 1.65599483e+01
 3.99000000e+02 3.80000000e+01 1.65990032e+01
 4.00000000e+02 3.80000000e+01 1.76380580e+01
 4.01000000e+02 3.80000000e+01 1.66771129e+01
 4.02000000e+02 3.80000000e+01 1.67161677e+01
 4.03000000e+02 3.80000000e+01 1.67552226e+01
 4.04000000e+02 3.80000000e+01 1.67942774e+01
 4.05000000e+02 3.80000000e+01 1.78333323e+01
 4.06000000e+02 3.80000000e+01 1.88723872e+01
 4.07000000e+02 3.80000000e+01 1.89114420e+01
 4.08000000e+02 3.80000000e+01 1.89504969e+01
 4.36000000e+02 3.80000000e+01 2.10440329e+01
 4.37000000e+02 3.80000000e+01 2.20830878e+01
 4.38000000e+02 3.80000000e+01 2.31221426e+01
 4.39000000e+02 3.80000000e+01 2.31611975e+01
 4.40000000e+02 3.80000000e+01 2.02002523e+01
 4.41000000e+02 3.80000000e+01 2.02393072e+01
 4.42000000e+02 3.80000000e+01 2.02783620e+01
 4.43000000e+02 3.80000000e+01 2.13174169e+01
 4.44000000e+02 3.80000000e+01 2.23564718e+01
 4.45000000e+02 3.80000000e+01 2.23955266e+01
 4.46000000e+02 3.80000000e+01 2.24345815e+01
 4.47000000e+02 3.80000000e+01 2.34736363e+01
 4.48000000e+02 3.80000000e+01 2.45126912e+01
 4.49000000e+02 3.80000000e+01 2.65517460e+01
 4.50000000e+02 3.80000000e+01 2.95908009e+01
 4.51000000e+02 3.80000000e+01 2.96298558e+01
 4.52000000e+02 3.80000000e+01 3.06689106e+01
 4.53000000e+02 3.80000000e+01 3.07079655e+01
 4.54000000e+02 3.80000000e+01 3.07470203e+01
 4.55000000e+02 3.80000000e+01 3.07860752e+01
 4.56000000e+02 3.80000000e+01 3.18251301e+01
 4.57000000e+02 3.80000000e+01 3.18641849e+01
 4.58000000e+02 3.80000000e+01 3.09032398e+01
 4.60000000e+02 3.80000000e+01 2.49813495e+01
 4.61000000e+02 3.80000000e+01 2.50204043e+01
 4.62000000e+02 3.80000000e+01 2.40594592e+01
 4.63000000e+02 3.80000000e+01 2.40985141e+01
 4.64000000e+02 3.80000000e+01 2.31375689e+01
 4.65000000e+02 3.80000000e+01 2.21766238e+01
 4.66000000e+02 3.80000000e+01 2.22156786e+01
 4.67000000e+02 3.80000000e+01 2.22547335e+01
 4.68000000e+02 3.80000000e+01 2.22937884e+01
 4.69000000e+02 3.80000000e+01 2.23328432e+01
 4.70000000e+02 3.80000000e+01 2.13718981e+01
 4.71000000e+02 3.80000000e+01 2.24109529e+01
 4.72000000e+02 3.80000000e+01 2.24500078e+01
 4.73000000e+02 3.80000000e+01 2.14890626e+01
 4.74000000e+02 3.80000000e+01 2.15281175e+01
 4.75000000e+02 3.80000000e+01 2.15671724e+01
 4.76000000e+02 3.80000000e+01 2.16062272e+01
 4.77000000e+02 3.80000000e+01 2.16452821e+01
 4.78000000e+02 3.80000000e+01 2.16843369e+01
 4.79000000e+02 3.80000000e+01 2.17233918e+01
 4.80000000e+02 3.80000000e+01 2.17624466e+01
 4.81000000e+02 3.80000000e+01 2.18015015e+01
 4.82000000e+02 3.80000000e+01 2.18405564e+01
 4.83000000e+02 3.80000000e+01 2.18796112e+01
 4.84000000e+02 3.80000000e+01 2.09186661e+01
 4.85000000e+02 3.80000000e+01 2.09577209e+01
 4.86000000e+02 3.80000000e+01 2.09967758e+01
 4.87000000e+02 3.80000000e+01 2.10358307e+01
 4.88000000e+02 3.80000000e+01 2.10748855e+01
 4.89000000e+02 3.80000000e+01 2.11139404e+01
 4.90000000e+02 3.80000000e+01 2.01529952e+01
 4.91000000e+02 3.80000000e+01 1.91920501e+01
 4.92000000e+02 3.80000000e+01 1.82311049e+01
 4.93000000e+02 3.80000000e+01 1.72701598e+01
 4.94000000e+02 3.80000000e+01 1.83092147e+01
 4.95000000e+02 3.80000000e+01 2.13482695e+01
 4.96000000e+02 3.80000000e+01 2.13873244e+01
 4.97000000e+02 3.80000000e+01 1.84263792e+01
 4.98000000e+02 3.80000000e+01 1.64654341e+01
 4.99000000e+02 3.80000000e+01 1.55044889e+01
 5.00000000e+02 3.80000000e+01 1.55435438e+01
 5.01000000e+02 3.80000000e+01 1.55825987e+01
 5.02000000e+02 3.80000000e+01 1.56216535e+01
 5.03000000e+02 3.80000000e+01 1.56607084e+01
 5.04000000e+02 3.80000000e+01 1.56997632e+01
 5.05000000e+02 3.80000000e+01 1.77388181e+01
 5.11000000e+02 3.80000000e+01 1.99731472e+01
 5.12000000e+02 3.80000000e+01 2.10122021e+01
 5.13000000e+02 3.80000000e+01 2.10512570e+01
 5.14000000e+02 3.80000000e+01 2.10903118e+01
 5.15000000e+02 3.80000000e+01 2.21293667e+01
 5.16000000e+02 3.80000000e+01 2.31684215e+01
 5.17000000e+02 3.80000000e+01 2.12074764e+01
 5.18000000e+02 3.80000000e+01 2.12465312e+01
 5.19000000e+02 3.80000000e+01 2.12855861e+01
 5.20000000e+02 3.80000000e+01 2.03246410e+01
 5.21000000e+02 3.80000000e+01 2.03636958e+01
 5.22000000e+02 3.80000000e+01 1.84027507e+01
 5.23000000e+02 3.80000000e+01 1.64418055e+01
 5.24000000e+02 3.80000000e+01 1.64808604e+01
 5.25000000e+02 3.80000000e+01 1.65199153e+01
 5.26000000e+02 3.80000000e+01 1.55589701e+01
 5.27000000e+02 3.80000000e+01 1.55980250e+01
 5.28000000e+02 3.80000000e+01 1.56370798e+01
 5.29000000e+02 3.80000000e+01 1.56761347e+01
 5.43000000e+02 3.80000000e+01 2.52229027e+01
 5.44000000e+02 3.80000000e+01 2.72619576e+01
 5.45000000e+02 3.80000000e+01 2.73010124e+01
 5.46000000e+02 3.80000000e+01 2.63400673e+01
 5.47000000e+02 3.80000000e+01 2.73791221e+01
 5.48000000e+02 3.80000000e+01 2.64181770e+01
 5.49000000e+02 3.80000000e+01 2.44572318e+01
 5.50000000e+02 3.80000000e+01 2.44962867e+01
 5.51000000e+02 3.80000000e+01 2.45353416e+01
 5.52000000e+02 3.80000000e+01 2.45743964e+01
 5.53000000e+02 3.80000000e+01 2.46134513e+01
 5.54000000e+02 3.80000000e+01 2.46525061e+01
 5.55000000e+02 3.80000000e+01 2.46915610e+01
 5.56000000e+02 3.80000000e+01 2.47306159e+01
 5.57000000e+02 3.80000000e+01 2.37696707e+01
 5.58000000e+02 3.80000000e+01 2.38087256e+01
 5.59000000e+02 3.80000000e+01 2.38477804e+01
 5.60000000e+02 3.80000000e+01 2.38868353e+01
 5.61000000e+02 3.80000000e+01 2.29258901e+01
 5.62000000e+02 3.80000000e+01 2.29649450e+01
 5.63000000e+02 3.80000000e+01 2.20039999e+01
 5.64000000e+02 3.80000000e+01 2.20430547e+01
 5.65000000e+02 3.80000000e+01 2.10821096e+01
 5.66000000e+02 3.80000000e+01 2.01211644e+01
 5.67000000e+02 3.80000000e+01 2.01602193e+01
 5.68000000e+02 3.80000000e+01 2.11992741e+01
 5.76000000e+02 3.80000000e+01 3.45117130e+01
 5.77000000e+02 3.80000000e+01 3.45507679e+01
 5.78000000e+02 3.80000000e+01 3.55898227e+01
 5.79000000e+02 3.80000000e+01 3.56288776e+01
 5.80000000e+02 3.80000000e+01 3.66679324e+01
 5.81000000e+02 3.80000000e+01 3.57069873e+01
 5.82000000e+02 3.80000000e+01 3.57460422e+01
 5.83000000e+02 3.80000000e+01 3.57850970e+01
 5.84000000e+02 3.80000000e+01 3.58241519e+01
 5.85000000e+02 3.80000000e+01 3.58632067e+01
 5.86000000e+02 3.80000000e+01 3.59022616e+01
 5.87000000e+02 3.80000000e+01 3.59413164e+01
 5.88000000e+02 3.80000000e+01 3.59803713e+01
 5.89000000e+02 3.80000000e+01 3.60194262e+01
 5.90000000e+02 3.80000000e+01 3.60584810e+01
 5.91000000e+02 3.80000000e+01 3.60975359e+01
 5.92000000e+02 3.80000000e+01 3.61365907e+01
 5.93000000e+02 3.80000000e+01 3.61756456e+01
 5.94000000e+02 3.80000000e+01 3.62147005e+01
 5.95000000e+02 3.80000000e+01 3.62537553e+01
 5.96000000e+02 3.80000000e+01 3.62928102e+01
 5.97000000e+02 3.80000000e+01 3.43318650e+01
 5.98000000e+02 3.80000000e+01 3.43709199e+01
 5.99000000e+02 3.80000000e+01 3.44099747e+01
 6.00000000e+02 3.80000000e+01 3.44490296e+01
 6.01000000e+02 3.80000000e+01 3.74880845e+01
 6.02000000e+02 3.80000000e+01 3.85271393e+01
 6.03000000e+02 3.80000000e+01 3.85661942e+01
 6.04000000e+02 3.80000000e+01 3.86052490e+01
 6.05000000e+02 3.80000000e+01 3.86443039e+01
 6.06000000e+02 3.80000000e+01 3.86833587e+01
 6.07000000e+02 3.80000000e+01 3.87224136e+01
 6.08000000e+02 3.80000000e+01 3.87614685e+01
 6.09000000e+02 3.80000000e+01 3.88005233e+01
 6.10000000e+02 3.80000000e+01 3.88395782e+01
 6.13000000e+02 3.80000000e+01 3.89567428e+01
 6.14000000e+02 3.80000000e+01 3.89957976e+01
 6.15000000e+02 3.80000000e+01 3.90348525e+01
 6.16000000e+02 3.80000000e+01 3.90739073e+01
 6.17000000e+02 3.80000000e+01 3.91129622e+01
 6.18000000e+02 3.80000000e+01 3.81520170e+01
 6.19000000e+02 3.80000000e+01 3.81910719e+01
 6.20000000e+02 3.80000000e+01 3.82301268e+01
 6.21000000e+02 3.80000000e+01 3.82691816e+01
 6.22000000e+02 3.80000000e+01 3.73082365e+01
 6.23000000e+02 3.80000000e+01 3.93472913e+01
 6.24000000e+02 3.80000000e+01 4.03863462e+01
 6.25000000e+02 3.80000000e+01 3.84254010e+01
 6.26000000e+02 3.80000000e+01 3.74644559e+01
 6.27000000e+02 3.80000000e+01 3.75035108e+01
 6.28000000e+02 3.80000000e+01 3.75425656e+01
 6.29000000e+02 3.80000000e+01 3.75816205e+01
 6.30000000e+02 3.80000000e+01 3.76206753e+01
 6.31000000e+02 3.80000000e+01 3.76597302e+01
 6.32000000e+02 3.80000000e+01 3.86987851e+01
 6.33000000e+02 3.80000000e+01 3.87378399e+01
 6.34000000e+02 3.80000000e+01 3.97768948e+01
 6.35000000e+02 3.80000000e+01 3.98159496e+01
 6.36000000e+02 3.80000000e+01 3.98550045e+01
 6.37000000e+02 3.80000000e+01 3.98940593e+01
 6.38000000e+02 3.80000000e+01 3.99331142e+01
 6.39000000e+02 3.80000000e+01 3.99721691e+01
 6.40000000e+02 3.80000000e+01 4.00112239e+01
 6.41000000e+02 3.80000000e+01 3.90502788e+01
 6.42000000e+02 3.80000000e+01 3.90893336e+01
 6.43000000e+02 3.80000000e+01 3.91283885e+01
 6.44000000e+02 3.80000000e+01 4.01674434e+01
 6.45000000e+02 3.80000000e+01 4.02064982e+01
 6.46000000e+02 3.80000000e+01 4.02455531e+01
 6.47000000e+02 3.80000000e+01 4.02846079e+01
 6.48000000e+02 3.80000000e+01 3.93236628e+01
 6.49000000e+02 3.80000000e+01 3.93627176e+01
 6.50000000e+02 3.80000000e+01 3.94017725e+01
 6.51000000e+02 3.80000000e+01 3.94408274e+01
 6.52000000e+02 3.80000000e+01 3.94798822e+01
 6.53000000e+02 3.80000000e+01 3.95189371e+01
 6.54000000e+02 3.80000000e+01 3.95579919e+01
 6.55000000e+02 3.80000000e+01 3.95970468e+01
 6.56000000e+02 3.80000000e+01 3.96361016e+01
 6.57000000e+02 3.80000000e+01 3.96751565e+01
 6.58000000e+02 3.80000000e+01 4.07142114e+01
 6.59000000e+02 3.80000000e+01 4.07532662e+01
 6.60000000e+02 3.80000000e+01 4.07923211e+01
 6.61000000e+02 3.80000000e+01 4.08313759e+01
 6.62000000e+02 3.80000000e+01 4.08704308e+01
 6.63000000e+02 3.80000000e+01 4.09094857e+01
 6.64000000e+02 3.80000000e+01 4.09485405e+01
 6.65000000e+02 3.80000000e+01 4.09875954e+01
 6.66000000e+02 3.80000000e+01 4.10266502e+01
 6.67000000e+02 3.80000000e+01 4.10657051e+01
 6.68000000e+02 3.80000000e+01 4.11047599e+01
 6.69000000e+02 3.80000000e+01 4.11438148e+01
 6.70000000e+02 3.80000000e+01 4.11828697e+01
 6.71000000e+02 3.80000000e+01 4.22219245e+01
 6.72000000e+02 3.80000000e+01 4.22609794e+01
 6.73000000e+02 3.80000000e+01 4.13000342e+01
 6.74000000e+02 3.80000000e+01 4.13390891e+01
 6.75000000e+02 3.80000000e+01 4.13781439e+01
 6.76000000e+02 3.80000000e+01 4.14171988e+01
 6.77000000e+02 3.80000000e+01 4.14562537e+01
 6.78000000e+02 3.80000000e+01 4.14953085e+01
 6.79000000e+02 3.80000000e+01 4.15343634e+01
 6.80000000e+02 3.80000000e+01 4.15734182e+01
 6.81000000e+02 3.80000000e+01 4.16124731e+01
 6.82000000e+02 3.80000000e+01 4.16515280e+01
 6.83000000e+02 3.80000000e+01 4.16905828e+01
 6.84000000e+02 3.80000000e+01 4.07296377e+01
 6.85000000e+02 3.80000000e+01 4.07686925e+01
 6.86000000e+02 3.80000000e+01 4.08077474e+01
 6.87000000e+02 3.80000000e+01 4.08468022e+01
 6.88000000e+02 3.80000000e+01 3.98858571e+01
 6.89000000e+02 3.80000000e+01 3.99249120e+01
 6.90000000e+02 3.80000000e+01 3.99639668e+01
 6.91000000e+02 3.80000000e+01 4.00030217e+01
 6.92000000e+02 3.80000000e+01 3.90420765e+01
 6.93000000e+02 3.80000000e+01 3.90811314e+01
 6.94000000e+02 3.80000000e+01 3.91201862e+01
 6.95000000e+02 3.80000000e+01 3.91592411e+01
 6.96000000e+02 3.80000000e+01 3.91982960e+01
 6.97000000e+02 3.80000000e+01 3.92373508e+01
 6.98000000e+02 3.80000000e+01 3.92764057e+01
