 1.00000000e+00 1.00000000e+01 3.80551697e+01
 2.00000000e+00 1.00000000e+01 3.80942245e+01
 3.00000000e+00 1.00000000e+01 3.81332794e+01
 4.00000000e+00 1.00000000e+01 3.71723343e+01
 5.00000000e+00 1.00000000e+01 3.72113891e+01
 6.00000000e+00 1.00000000e+01 3.72504440e+01
 7.00000000e+00 1.00000000e+01 3.72894988e+01
 8.00000000e+00 1.00000000e+01 3.73285537e+01
 9.00000000e+00 1.00000000e+01 3.73676086e+01
 1.00000000e+01 1.00000000e+01 3.74066634e+01
 1.10000000e+01 1.00000000e+01 3.74457183e+01
 1.20000000e+01 1.00000000e+01 3.74847731e+01
 1.30000000e+01 1.00000000e+01 3.75238280e+01
 1.40000000e+01 1.00000000e+01 3.65628828e+01
 1.50000000e+01 1.00000000e+01 3.66019377e+01
 1.60000000e+01 1.00000000e+01 3.66409926e+01
 1.70000000e+01 1.00000000e+01 3.66800474e+01
 1.80000000e+01 1.00000000e+01 3.77191023e+01
 1.90000000e+01 1.00000000e+01 3.77581571e+01
 2.00000000e+01 1.00000000e+01 3.77972120e+01
 2.10000000e+01 1.00000000e+01 3.88362668e+01
 2.20000000e+01 1.00000000e+01 3.88753217e+01
 2.30000000e+01 1.00000000e+01 3.99143766e+01
 2.40000000e+01 1.00000000e+01 3.89534314e+01
 2.50000000e+01 1.00000000e+01 3.89924863e+01
 2.60000000e+01 1.00000000e+01 3.80315411e+01
 2.70000000e+01 1.00000000e+01 3.80705960e+01
 2.80000000e+01 1.00000000e+01 3.71096509e+01
 2.90000000e+01 1.00000000e+01 3.71487057e+01
 3.00000000e+01 1.00000000e+01 3.71877606e+01
 3.10000000e+01 1.00000000e+01 3.82268154e+01
 3.20000000e+01 1.00000000e+01 3.72658703e+01
 3.30000000e+01 1.00000000e+01 3.83049251e+01
 3.40000000e+01 1.00000000e+01 3.83439800e+01
 3.50000000e+01 1.00000000e+01 3.83830349e+01
 3.60000000e+01 1.00000000e+01 3.74220897e+01
 3.70000000e+01 1.00000000e+01 3.74611446e+01
 3.80000000e+01 1.00000000e+01 3.85001994e+01
 3.90000000e+01 1.00000000e+01 3.85392543e+01
 4.00000000e+01 1.00000000e+01 3.85783091e+01
 4.10000000e+01 1.00000000e+01 3.86173640e+01
 4.20000000e+01 1.00000000e+01 3.86564189e+01
 4.30000000e+01 1.00000000e+01 3.96954737e+01
 4.40000000e+01 1.00000000e+01 3.97345286e+01
 4.50000000e+01 1.00000000e+01 3.97735834e+01
 4.60000000e+01 1.00000000e+01 3.98126383e+01
 4.70000000e+01 1.00000000e+01 3.98516932e+01
 4.80000000e+01 1.00000000e+01 3.98907480e+01
 4.90000000e+01 1.00000000e+01 3.89298029e+01
 5.00000000e+01 1.00000000e+01 3.89688577e+01
 5.10000000e+01 1.00000000e+01 3.80079126e+01
 5.20000000e+01 1.00000000e+01 3.80469674e+01
 5.30000000e+01 1.00000000e+01 3.90860223e+01
 5.40000000e+01 1.00000000e+01 3.91250772e+01
 5.50000000e+01 1.00000000e+01 3.91641320e+01
 5.60000000e+01 1.00000000e+01 3.92031869e+01
 5.70000000e+01 1.00000000e+01 4.02422417e+01
 5.80000000e+01 1.00000000e+01 4.02812966e+01
 5.90000000e+01 1.00000000e+01 4.13203514e+01
 6.00000000e+01 1.00000000e+01 4.13594063e+01
 6.10000000e+01 1.00000000e+01 4.03984612e+01
 6.20000000e+01 1.00000000e+01 4.14375160e+01
 6.30000000e+01 1.00000000e+01 4.34765709e+01
 6.40000000e+01 1.00000000e+01 4.35156257e+01
 6.50000000e+01 1.00000000e+01 4.35546806e+01
 6.60000000e+01 1.00000000e+01 4.35937355e+01
 6.70000000e+01 1.00000000e+01 4.36327903e+01
 6.80000000e+01 1.00000000e+01 4.36718452e+01
 6.90000000e+01 1.00000000e+01 4.37109000e+01
 7.00000000e+01 1.00000000e+01 4.47499549e+01
 7.10000000e+01 1.00000000e+01 4.37890097e+01
 7.20000000e+01 1.00000000e+01 4.38280646e+01
 7.30000000e+01 1.00000000e+01 3.98671195e+01
 7.40000000e+01 1.00000000e+01 4.09061743e+01
 7.50000000e+01 1.00000000e+01 3.99452292e+01
 7.60000000e+01 1.00000000e+01 3.99842840e+01
 7.70000000e+01 1.00000000e+01 3.90233389e+01
 7.80000000e+01 1.00000000e+01 3.90623937e+01
 7.90000000e+01 1.00000000e+01 3.91014486e+01
 8.00000000e+01 1.00000000e+01 3.81405035e+01
 8.10000000e+01 1.00000000e+01 3.81795583e+01
 8.20000000e+01 1.00000000e+01 3.82186132e+01
 8.30000000e+01 1.00000000e+01 3.92576680e+01
 8.40000000e+01 1.00000000e+01 3.92967229e+01
 8.50000000e+01 1.00000000e+01 4.03357778e+01
 8.60000000e+01 1.00000000e+01 4.03748326e+01
 8.70000000e+01 1.00000000e+01 3.94138875e+01
 8.80000000e+01 1.00000000e+01 3.94529423e+01
 8.90000000e+01 1.00000000e+01 3.94919972e+01
 9.00000000e+01 1.00000000e+01 3.95310520e+01
 9.10000000e+01 1.00000000e+01 3.85701069e+01
 9.20000000e+01 1.00000000e+01 3.86091618e+01
 9.30000000e+01 1.00000000e+01 3.76482166e+01
 9.40000000e+01 1.00000000e+01 3.66872715e+01
 9.50000000e+01 1.00000000e+01 3.67263263e+01
 9.60000000e+01 1.00000000e+01 3.67653812e+01
 9.70000000e+01 1.00000000e+01 3.68044361e+01
 9.80000000e+01 1.00000000e+01 3.98434909e+01
 9.90000000e+01 1.00000000e+01 4.08825458e+01
 1.00000000e+02 1.00000000e+01 3.79216006e+01
 1.01000000e+02 1.00000000e+01 3.49606555e+01
 1.02000000e+02 1.00000000e+01 3.59997103e+01
 1.03000000e+02 1.00000000e+01 3.70387652e+01
 1.04000000e+02 1.00000000e+01 3.70778201e+01
 1.05000000e+02 1.00000000e+01 3.81168749e+01
 1.06000000e+02 1.00000000e+01 3.81559298e+01
 1.07000000e+02 1.00000000e+01 3.81949846e+01
 1.08000000e+02 1.00000000e+01 3.72340395e+01
 1.09000000e+02 1.00000000e+01 3.72730943e+01
 1.10000000e+02 1.00000000e+01 3.73121492e+01
 1.11000000e+02 1.00000000e+01 3.73512041e+01
 1.12000000e+02 1.00000000e+01 3.63902589e+01
 1.13000000e+02 1.00000000e+01 3.74293138e+01
 1.14000000e+02 1.00000000e+01 3.84683686e+01
 1.15000000e+02 1.00000000e+01 3.95074235e+01
 1.16000000e+02 1.00000000e+01 3.85464784e+01
 1.17000000e+02 1.00000000e+01 3.75855332e+01
 1.18000000e+02 1.00000000e+01 3.76245881e+01
 1.19000000e+02 1.00000000e+01 3.76636429e+01
 1.20000000e+02 1.00000000e+01 3.77026978e+01
 1.21000000e+02 1.00000000e+01 3.67417526e+01
 1.22000000e+02 1.00000000e+01 3.57808075e+01
 1.23000000e+02 1.00000000e+01 3.58198624e+01
 1.24000000e+02 1.00000000e+01 3.58589172e+01
 1.25000000e+02 1.00000000e+01 3.68979721e+01
 1.26000000e+02 1.00000000e+01 3.69370269e+01
 1.27000000e+02 1.00000000e+01 4.19760818e+01
 1.28000000e+02 1.00000000e+01 4.20151366e+01
 1.29000000e+02 1.00000000e+01 4.20541915e+01
 1.30000000e+02 1.00000000e+01 4.20932464e+01
 1.31000000e+02 1.00000000e+01 4.21323012e+01
 1.32000000e+02 1.00000000e+01 4.21713561e+01
 1.35000000e+02 1.00000000e+01 4.22885207e+01
 1.36000000e+02 1.00000000e+01 4.23275755e+01
 1.37000000e+02 1.00000000e+01 4.23666304e+01
 1.38000000e+02 1.00000000e+01 4.24056852e+01
 1.39000000e+02 1.00000000e+01 4.24447401e+01
 1.40000000e+02 1.00000000e+01 4.34837949e+01
 1.41000000e+02 1.00000000e+01 4.55228498e+01
 1.42000000e+02 1.00000000e+01 4.55619047e+01
 1.43000000e+02 1.00000000e+01 4.56009595e+01
 1.44000000e+02 1.00000000e+01 4.56400144e+01
 1.45000000e+02 1.00000000e+01 4.56790692e+01
 1.46000000e+02 1.00000000e+01 4.37181241e+01
 1.47000000e+02 1.00000000e+01 4.37571789e+01
 1.48000000e+02 1.00000000e+01 4.27962338e+01
 1.49000000e+02 1.00000000e+01 3.38352887e+01
 1.50000000e+02 1.00000000e+01 3.28743435e+01
 1.51000000e+02 1.00000000e+01 3.29133984e+01
 1.52000000e+02 1.00000000e+01 3.29524532e+01
 1.53000000e+02 1.00000000e+01 3.29915081e+01
 1.54000000e+02 1.00000000e+01 3.50305630e+01
 1.55000000e+02 1.00000000e+01 3.50696178e+01
 1.56000000e+02 1.00000000e+01 3.51086727e+01
 1.57000000e+02 1.00000000e+01 3.51477275e+01
 1.58000000e+02 1.00000000e+01 3.51867824e+01
 1.59000000e+02 1.00000000e+01 3.52258372e+01
 1.60000000e+02 1.00000000e+01 3.52648921e+01
 1.61000000e+02 1.00000000e+01 3.53039470e+01
 1.62000000e+02 1.00000000e+01 3.43430018e+01
 1.63000000e+02 1.00000000e+01 3.43820567e+01
 1.64000000e+02 1.00000000e+01 3.44211115e+01
 1.65000000e+02 1.00000000e+01 3.44601664e+01
 1.66000000e+02 1.00000000e+01 3.44992212e+01
 1.67000000e+02 1.00000000e+01 3.45382761e+01
 1.68000000e+02 1.00000000e+01 3.45773310e+01
 1.69000000e+02 1.00000000e+01 3.56163858e+01
 1.70000000e+02 1.00000000e+01 3.56554407e+01
 1.71000000e+02 1.00000000e+01 3.56944955e+01
 1.72000000e+02 1.00000000e+01 3.57335504e+01
 1.73000000e+02 1.00000000e+01 3.57726053e+01
 1.74000000e+02 1.00000000e+01 3.68116601e+01
 1.75000000e+02 1.00000000e+01 3.58507150e+01
 1.76000000e+02 1.00000000e+01 3.68897698e+01
 1.77000000e+02 1.00000000e+01 3.69288247e+01
 1.78000000e+02 1.00000000e+01 3.69678795e+01
 1.79000000e+02 1.00000000e+01 3.70069344e+01
 1.80000000e+02 1.00000000e+01 3.80459893e+01
 1.81000000e+02 1.00000000e+01 3.70850441e+01
 1.82000000e+02 1.00000000e+01 3.71240990e+01
 1.83000000e+02 1.00000000e+01 3.51631538e+01
 1.84000000e+02 1.00000000e+01 3.52022087e+01
 1.85000000e+02 1.00000000e+01 3.42412636e+01
 1.86000000e+02 1.00000000e+01 3.42803184e+01
 1.87000000e+02 1.00000000e+01 3.43193733e+01
 1.88000000e+02 1.00000000e+01 3.53584281e+01
 1.89000000e+02 1.00000000e+01 3.63974830e+01
 1.90000000e+02 1.00000000e+01 3.64365378e+01
 1.91000000e+02 1.00000000e+01 3.64755927e+01
 1.92000000e+02 1.00000000e+01 3.65146476e+01
 1.93000000e+02 1.00000000e+01 3.75537024e+01
 1.94000000e+02 1.00000000e+01 3.75927573e+01
 1.95000000e+02 1.00000000e+01 3.76318121e+01
 1.96000000e+02 1.00000000e+01 3.66708670e+01
 1.97000000e+02 1.00000000e+01 3.67099218e+01
 1.98000000e+02 1.00000000e+01 3.77489767e+01
 1.99000000e+02 1.00000000e+01 4.07880316e+01
 2.00000000e+02 1.00000000e+01 3.98270864e+01
 2.01000000e+02 1.00000000e+01 3.98661413e+01
 2.02000000e+02 1.00000000e+01 3.99051961e+01
 2.03000000e+02 1.00000000e+01 3.99442510e+01
 2.04000000e+02 1.00000000e+01 3.99833059e+01
 2.05000000e+02 1.00000000e+01 4.00223607e+01
 2.06000000e+02 1.00000000e+01 3.70614156e+01
 2.07000000e+02 1.00000000e+01 3.71004704e+01
 2.08000000e+02 1.00000000e+01 3.71395253e+01
 2.09000000e+02 1.00000000e+01 3.91785801e+01
 2.10000000e+02 1.00000000e+01 3.92176350e+01
 2.11000000e+02 1.00000000e+01 3.92566899e+01
 2.12000000e+02 1.00000000e+01 3.92957447e+01
 2.13000000e+02 1.00000000e+01 3.83347996e+01
 2.14000000e+02 1.00000000e+01 3.83738544e+01
 2.15000000e+02 1.00000000e+01 3.84129093e+01
 2.16000000e+02 1.00000000e+01 3.74519641e+01
 2.17000000e+02 1.00000000e+01 3.74910190e+01
 2.18000000e+02 1.00000000e+01 3.75300739e+01
 2.19000000e+02 1.00000000e+01 3.75691287e+01
 2.20000000e+02 1.00000000e+01 3.86081836e+01
 2.21000000e+02 1.00000000e+01 3.86472384e+01
 2.22000000e+02 1.00000000e+01 3.96862933e+01
 2.23000000e+02 1.00000000e+01 4.07253482e+01
 2.24000000e+02 1.00000000e+01 4.07644030e+01
 2.25000000e+02 1.00000000e+01 4.08034579e+01
 2.26000000e+02 1.00000000e+01 3.98425127e+01
 2.27000000e+02 1.00000000e+01 3.98815676e+01
 2.28000000e+02 1.00000000e+01 3.89206224e+01
 2.29000000e+02 1.00000000e+01 3.79596773e+01
 2.30000000e+02 1.00000000e+01 4.29987322e+01
 2.31000000e+02 1.00000000e+01 4.30377870e+01
 2.32000000e+02 1.00000000e+01 4.30768419e+01
 2.33000000e+02 1.00000000e+01 4.31158967e+01
 2.34000000e+02 1.00000000e+01 4.31549516e+01
 2.35000000e+02 1.00000000e+01 4.31940064e+01
 2.36000000e+02 1.00000000e+01 4.42330613e+01
 2.37000000e+02 1.00000000e+01 4.42721162e+01
 2.38000000e+02 1.00000000e+01 4.43111710e+01
 2.39000000e+02 1.00000000e+01 4.43502259e+01
 2.40000000e+02 1.00000000e+01 4.43892807e+01
 2.41000000e+02 1.00000000e+01 4.54283356e+01
 2.42000000e+02 1.00000000e+01 4.54673905e+01
 2.43000000e+02 1.00000000e+01 4.55064453e+01
 2.44000000e+02 1.00000000e+01 4.55455002e+01
 2.45000000e+02 1.00000000e+01 4.25845550e+01
 2.46000000e+02 1.00000000e+01 4.16236099e+01
 2.47000000e+02 1.00000000e+01 4.16626647e+01
 2.48000000e+02 1.00000000e+01 4.17017196e+01
 2.49000000e+02 1.00000000e+01 4.07407745e+01
 2.50000000e+02 1.00000000e+01 3.97798293e+01
 2.51000000e+02 1.00000000e+01 3.98188842e+01
 2.52000000e+02 1.00000000e+01 3.98579390e+01
 2.53000000e+02 1.00000000e+01 3.98969939e+01
 2.54000000e+02 1.00000000e+01 4.09360487e+01
 2.55000000e+02 1.00000000e+01 3.99751036e+01
 2.56000000e+02 1.00000000e+01 4.20141585e+01
 2.57000000e+02 1.00000000e+01 4.10532133e+01
 2.58000000e+02 1.00000000e+01 4.00922682e+01
 2.59000000e+02 1.00000000e+01 3.91313230e+01
 2.60000000e+02 1.00000000e+01 3.91703779e+01
 2.61000000e+02 1.00000000e+01 3.92094328e+01
 2.62000000e+02 1.00000000e+01 3.92484876e+01
 2.63000000e+02 1.00000000e+01 4.02875425e+01
 2.64000000e+02 1.00000000e+01 3.93265973e+01
 2.65000000e+02 1.00000000e+01 3.93656522e+01
 2.66000000e+02 1.00000000e+01 4.04047070e+01
 2.67000000e+02 1.00000000e+01 4.04437619e+01
 2.68000000e+02 1.00000000e+01 4.14828168e+01
 2.69000000e+02 1.00000000e+01 4.35218716e+01
 2.70000000e+02 1.00000000e+01 4.45609265e+01
 2.71000000e+02 1.00000000e+01 4.55999813e+01
 2.72000000e+02 1.00000000e+01 4.66390362e+01
 2.73000000e+02 1.00000000e+01 4.76780910e+01
 2.74000000e+02 1.00000000e+01 4.77171459e+01
 2.75000000e+02 1.00000000e+01 4.77562008e+01
 2.76000000e+02 1.00000000e+01 4.77952556e+01
 2.77000000e+02 1.00000000e+01 4.48343105e+01
 2.78000000e+02 1.00000000e+01 4.48733653e+01
 2.79000000e+02 1.00000000e+01 4.39124202e+01
 2.80000000e+02 1.00000000e+01 4.19514751e+01
 2.81000000e+02 1.00000000e+01 4.09905299e+01
 2.82000000e+02 1.00000000e+01 4.20295848e+01
 2.83000000e+02 1.00000000e+01 4.20686396e+01
 2.84000000e+02 1.00000000e+01 4.21076945e+01
 2.85000000e+02 1.00000000e+01 4.41467493e+01
 2.86000000e+02 1.00000000e+01 4.41858042e+01
 2.87000000e+02 1.00000000e+01 4.42248591e+01
 2.88000000e+02 1.00000000e+01 4.32639139e+01
 2.89000000e+02 1.00000000e+01 4.43029688e+01
 2.90000000e+02 1.00000000e+01 4.53420236e+01
 2.91000000e+02 1.00000000e+01 4.73810785e+01
 2.92000000e+02 1.00000000e+01 4.74201334e+01
 2.93000000e+02 1.00000000e+01 4.64591882e+01
 2.94000000e+02 1.00000000e+01 4.74982431e+01
 2.95000000e+02 1.00000000e+01 4.65372979e+01
 2.96000000e+02 1.00000000e+01 4.65763528e+01
 2.97000000e+02 1.00000000e+01 4.56154076e+01
 2.98000000e+02 1.00000000e+01 4.36544625e+01
 2.99000000e+02 1.00000000e+01 4.66935174e+01
 3.00000000e+02 1.00000000e+01 4.67325722e+01
 3.01000000e+02 1.00000000e+01 4.87716271e+01
 3.02000000e+02 1.00000000e+01 4.88106819e+01
 3.03000000e+02 1.00000000e+01 4.88497368e+01
 3.04000000e+02 1.00000000e+01 4.68887916e+01
 3.05000000e+02 1.00000000e+01 4.59278465e+01
 3.06000000e+02 1.00000000e+01 4.49669014e+01
 3.07000000e+02 1.00000000e+01 4.50059562e+01
 3.08000000e+02 1.00000000e+01 4.40450111e+01
 3.09000000e+02 1.00000000e+01 4.40840659e+01
 3.10000000e+02 1.00000000e+01 4.31231208e+01
 3.11000000e+02 1.00000000e+01 4.31621757e+01
 3.12000000e+02 1.00000000e+01 4.22012305e+01
 3.13000000e+02 1.00000000e+01 4.22402854e+01
 3.14000000e+02 1.00000000e+01 4.72793402e+01
 3.15000000e+02 1.00000000e+01 5.33183951e+01
 3.16000000e+02 1.00000000e+01 5.33574499e+01
 3.17000000e+02 1.00000000e+01 5.33965048e+01
 3.18000000e+02 1.00000000e+01 5.44355597e+01
 3.19000000e+02 1.00000000e+01 5.54746145e+01
 3.20000000e+02 1.00000000e+01 5.55136694e+01
 3.21000000e+02 1.00000000e+01 5.55527242e+01
 3.22000000e+02 1.00000000e+01 5.55917791e+01
 3.23000000e+02 1.00000000e+01 5.56308339e+01
 3.24000000e+02 1.00000000e+01 5.56698888e+01
 3.25000000e+02 1.00000000e+01 5.57089437e+01
 3.26000000e+02 1.00000000e+01 5.57479985e+01
 3.27000000e+02 1.00000000e+01 5.57870534e+01
 3.28000000e+02 1.00000000e+01 5.58261082e+01
 3.29000000e+02 1.00000000e+01 5.68651631e+01
 3.30000000e+02 1.00000000e+01 5.69042180e+01
 3.31000000e+02 1.00000000e+01 5.69432728e+01
 3.32000000e+02 1.00000000e+01 5.69823277e+01
 3.33000000e+02 1.00000000e+01 5.80213825e+01
 3.34000000e+02 1.00000000e+01 5.80604374e+01
 3.35000000e+02 1.00000000e+01 5.80994922e+01
 3.36000000e+02 1.00000000e+01 5.81385471e+01
 3.37000000e+02 1.00000000e+01 5.71776020e+01
 3.38000000e+02 1.00000000e+01 5.72166568e+01
 3.39000000e+02 1.00000000e+01 5.72557117e+01
 3.40000000e+02 1.00000000e+01 5.72947665e+01
 3.41000000e+02 1.00000000e+01 5.73338214e+01
 3.42000000e+02 1.00000000e+01 5.73728762e+01
 3.43000000e+02 1.00000000e+01 5.84119311e+01
 3.44000000e+02 1.00000000e+01 5.84509860e+01
 3.45000000e+02 1.00000000e+01 5.84900408e+01
 3.46000000e+02 1.00000000e+01 5.85290957e+01
 3.47000000e+02 1.00000000e+01 5.95681505e+01
 3.48000000e+02 1.00000000e+01 5.96072054e+01
 3.49000000e+02 1.00000000e+01 6.06462603e+01
 3.50000000e+02 1.00000000e+01 5.96853151e+01
 3.51000000e+02 1.00000000e+01 5.97243700e+01
 3.52000000e+02 1.00000000e+01 5.97634248e+01
 3.53000000e+02 1.00000000e+01 5.98024797e+01
 3.54000000e+02 1.00000000e+01 5.88415345e+01
 3.55000000e+02 1.00000000e+01 5.88805894e+01
 3.56000000e+02 1.00000000e+01 5.89196443e+01
 3.57000000e+02 1.00000000e+01 5.99586991e+01
 3.58000000e+02 1.00000000e+01 5.99977540e+01
 3.59000000e+02 1.00000000e+01 5.90368088e+01
 3.60000000e+02 1.00000000e+01 5.90758637e+01
 3.61000000e+02 1.00000000e+01 5.91149185e+01
 3.62000000e+02 1.00000000e+01 5.81539734e+01
 3.63000000e+02 1.00000000e+01 4.91930283e+01
 3.64000000e+02 1.00000000e+01 4.92320831e+01
 3.65000000e+02 1.00000000e+01 4.92711380e+01
 3.66000000e+02 1.00000000e+01 5.03101928e+01
 3.67000000e+02 1.00000000e+01 5.03492477e+01
 3.68000000e+02 1.00000000e+01 5.03883026e+01
 3.69000000e+02 1.00000000e+01 5.04273574e+01
 3.70000000e+02 1.00000000e+01 4.94664123e+01
 3.71000000e+02 1.00000000e+01 6.15054671e+01
 3.72000000e+02 1.00000000e+01 6.15445220e+01
 3.73000000e+02 1.00000000e+01 6.25835768e+01
 3.74000000e+02 1.00000000e+01 6.26226317e+01
 3.75000000e+02 1.00000000e+01 6.26616866e+01
 3.76000000e+02 1.00000000e+01 6.27007414e+01
 3.77000000e+02 1.00000000e+01 6.27397963e+01
 3.78000000e+02 1.00000000e+01 6.27788511e+01
 3.79000000e+02 1.00000000e+01 6.28179060e+01
 3.80000000e+02 1.00000000e+01 6.28569609e+01
 3.81000000e+02 1.00000000e+01 6.18960157e+01
 3.82000000e+02 1.00000000e+01 6.19350706e+01
 3.83000000e+02 1.00000000e+01 5.49741254e+01
 3.84000000e+02 1.00000000e+01 5.60131803e+01
 3.85000000e+02 1.00000000e+01 5.50522351e+01
 3.86000000e+02 1.00000000e+01 5.50912900e+01
 3.87000000e+02 1.00000000e+01 5.71303449e+01
 3.88000000e+02 1.00000000e+01 5.81693997e+01
 3.89000000e+02 1.00000000e+01 5.72084546e+01
 3.90000000e+02 1.00000000e+01 5.82475094e+01
 3.91000000e+02 1.00000000e+01 5.92865643e+01
 3.92000000e+02 1.00000000e+01 5.93256191e+01
 3.93000000e+02 1.00000000e+01 6.03646740e+01
 3.94000000e+02 1.00000000e+01 6.04037289e+01
 3.95000000e+02 1.00000000e+01 6.14427837e+01
 3.96000000e+02 1.00000000e+01 6.14818386e+01
 3.97000000e+02 1.00000000e+01 6.15208934e+01
 3.98000000e+02 1.00000000e+01 6.15599483e+01
 3.99000000e+02 1.00000000e+01 6.25990032e+01
 4.00000000e+02 1.00000000e+01 6.26380580e+01
 4.01000000e+02 1.00000000e+01 6.26771129e+01
 4.02000000e+02 1.00000000e+01 6.17161677e+01
 4.03000000e+02 1.00000000e+01 6.17552226e+01
 4.04000000e+02 1.00000000e+01 6.27942774e+01
 4.05000000e+02 1.00000000e+01 6.28333323e+01
 4.06000000e+02 1.00000000e+01 6.28723872e+01
 4.07000000e+02 1.00000000e+01 6.19114420e+01
 4.08000000e+02 1.00000000e+01 6.29504969e+01
 4.09000000e+02 1.00000000e+01 6.29895517e+01
 4.10000000e+02 1.00000000e+01 6.30286066e+01
 4.11000000e+02 1.00000000e+01 6.30676614e+01
 4.12000000e+02 1.00000000e+01 6.31067163e+01
 4.13000000e+02 1.00000000e+01 6.41457712e+01
 4.14000000e+02 1.00000000e+01 6.41848260e+01
 4.15000000e+02 1.00000000e+01 6.52238809e+01
 4.16000000e+02 1.00000000e+01 6.52629357e+01
 4.17000000e+02 1.00000000e+01 6.53019906e+01
 4.18000000e+02 1.00000000e+01 6.43410455e+01
 4.19000000e+02 1.00000000e+01 6.33801003e+01
 4.20000000e+02 1.00000000e+01 6.24191552e+01
 4.21000000e+02 1.00000000e+01 6.14582100e+01
 4.22000000e+02 1.00000000e+01 6.24972649e+01
 4.23000000e+02 1.00000000e+01 6.35363197e+01
 4.24000000e+02 1.00000000e+01 6.35753746e+01
 4.25000000e+02 1.00000000e+01 6.56144295e+01
 4.26000000e+02 1.00000000e+01 6.66534843e+01
 4.27000000e+02 1.00000000e+01 6.66925392e+01
 4.28000000e+02 1.00000000e+01 6.77315940e+01
 4.29000000e+02 1.00000000e+01 6.87706489e+01
 4.30000000e+02 1.00000000e+01 6.88097037e+01
 4.31000000e+02 1.00000000e+01 6.78487586e+01
 4.32000000e+02 1.00000000e+01 6.68878135e+01
 4.33000000e+02 1.00000000e+01 6.69268683e+01
 4.34000000e+02 1.00000000e+01 6.59659232e+01
 4.35000000e+02 1.00000000e+01 6.70049780e+01
 4.36000000e+02 1.00000000e+01 6.70440329e+01
 4.37000000e+02 1.00000000e+01 6.70830878e+01
 4.38000000e+02 1.00000000e+01 6.71221426e+01
 4.39000000e+02 1.00000000e+01 6.81611975e+01
 4.40000000e+02 1.00000000e+01 6.92002523e+01
 4.41000000e+02 1.00000000e+01 6.92393072e+01
 4.42000000e+02 1.00000000e+01 6.92783620e+01
 4.43000000e+02 1.00000000e+01 6.83174169e+01
 4.44000000e+02 1.00000000e+01 6.93564718e+01
 4.45000000e+02 1.00000000e+01 6.93955266e+01
 4.46000000e+02 1.00000000e+01 6.94345815e+01
 4.47000000e+02 1.00000000e+01 6.94736363e+01
 4.48000000e+02 1.00000000e+01 6.85126912e+01
 4.49000000e+02 1.00000000e+01 6.95517460e+01
 4.50000000e+02 1.00000000e+01 6.95908009e+01
 4.51000000e+02 1.00000000e+01 7.06298558e+01
 4.52000000e+02 1.00000000e+01 7.06689106e+01
 4.53000000e+02 1.00000000e+01 6.97079655e+01
 4.54000000e+02 1.00000000e+01 6.97470203e+01
 4.55000000e+02 1.00000000e+01 6.97860752e+01
 4.56000000e+02 1.00000000e+01 6.98251301e+01
 4.57000000e+02 1.00000000e+01 6.98641849e+01
 4.58000000e+02 1.00000000e+01 6.99032398e+01
 4.59000000e+02 1.00000000e+01 6.89422946e+01
 4.60000000e+02 1.00000000e+01 6.79813495e+01
 4.61000000e+02 1.00000000e+01 6.80204043e+01
 4.62000000e+02 1.00000000e+01 6.80594592e+01
 4.63000000e+02 1.00000000e+01 6.80985141e+01
 4.64000000e+02 1.00000000e+01 6.91375689e+01
 4.65000000e+02 1.00000000e+01 6.91766238e+01
 4.66000000e+02 1.00000000e+01 6.92156786e+01
 4.67000000e+02 1.00000000e+01 7.02547335e+01
 4.68000000e+02 1.00000000e+01 7.02937884e+01
 4.69000000e+02 1.00000000e+01 7.23328432e+01
 4.70000000e+02 1.00000000e+01 7.33718981e+01
 4.71000000e+02 1.00000000e+01 7.34109529e+01
 4.72000000e+02 1.00000000e+01 7.24500078e+01
 4.73000000e+02 1.00000000e+01 7.34890626e+01
 4.74000000e+02 1.00000000e+01 7.45281175e+01
 4.75000000e+02 1.00000000e+01 7.45671724e+01
 4.76000000e+02 1.00000000e+01 7.46062272e+01
 4.77000000e+02 1.00000000e+01 7.46452821e+01
 4.78000000e+02 1.00000000e+01 7.36843369e+01
 4.79000000e+02 1.00000000e+01 7.27233918e+01
 4.80000000e+02 1.00000000e+01 7.27624466e+01
 4.81000000e+02 1.00000000e+01 7.28015015e+01
 4.82000000e+02 1.00000000e+01 7.08405564e+01
 4.83000000e+02 1.00000000e+01 7.18796112e+01
 4.84000000e+02 1.00000000e+01 6.89186661e+01
 4.85000000e+02 1.00000000e+01 6.89577209e+01
 4.86000000e+02 1.00000000e+01 6.89967758e+01
 4.87000000e+02 1.00000000e+01 7.00358307e+01
 4.88000000e+02 1.00000000e+01 7.10748855e+01
 4.89000000e+02 1.00000000e+01 7.21139404e+01
 4.90000000e+02 1.00000000e+01 7.21529952e+01
 4.91000000e+02 1.00000000e+01 7.21920501e+01
 4.92000000e+02 1.00000000e+01 7.22311049e+01
 4.93000000e+02 1.00000000e+01 7.22701598e+01
 4.94000000e+02 1.00000000e+01 7.23092147e+01
 4.95000000e+02 1.00000000e+01 7.23482695e+01
 4.96000000e+02 1.00000000e+01 7.33873244e+01
 4.97000000e+02 1.00000000e+01 7.44263792e+01
 4.98000000e+02 1.00000000e+01 7.44654341e+01
 4.99000000e+02 1.00000000e+01 7.55044889e+01
 5.00000000e+02 1.00000000e+01 7.55435438e+01
 5.01000000e+02 1.00000000e+01 7.65825987e+01
 5.02000000e+02 1.00000000e+01 7.66216535e+01
 5.03000000e+02 1.00000000e+01 7.66607084e+01
 5.04000000e+02 1.00000000e+01 7.56997632e+01
 5.05000000e+02 1.00000000e+01 7.27388181e+01
 5.06000000e+02 1.00000000e+01 7.27778730e+01
 5.07000000e+02 1.00000000e+01 7.08169278e+01
 5.08000000e+02 1.00000000e+01 6.98559827e+01
 5.09000000e+02 1.00000000e+01 6.88950375e+01
 5.10000000e+02 1.00000000e+01 6.89340924e+01
 5.11000000e+02 1.00000000e+01 6.99731472e+01
 5.12000000e+02 1.00000000e+01 7.00122021e+01
 5.13000000e+02 1.00000000e+01 7.20512570e+01
 5.14000000e+02 1.00000000e+01 7.30903118e+01
 5.15000000e+02 1.00000000e+01 7.31293667e+01
 5.16000000e+02 1.00000000e+01 7.31684215e+01
 5.17000000e+02 1.00000000e+01 7.32074764e+01
 5.18000000e+02 1.00000000e+01 7.32465312e+01
 5.19000000e+02 1.00000000e+01 7.42855861e+01
 5.20000000e+02 1.00000000e+01 7.53246410e+01
 5.21000000e+02 1.00000000e+01 7.53636958e+01
 5.22000000e+02 1.00000000e+01 7.64027507e+01
 5.23000000e+02 1.00000000e+01 7.64418055e+01
 5.24000000e+02 1.00000000e+01 7.54808604e+01
 5.25000000e+02 1.00000000e+01 7.45199153e+01
 5.26000000e+02 1.00000000e+01 7.55589701e+01
 5.27000000e+02 1.00000000e+01 7.45980250e+01
 5.28000000e+02 1.00000000e+01 7.66370798e+01
 5.29000000e+02 1.00000000e+01 7.56761347e+01
 5.30000000e+02 1.00000000e+01 7.67151895e+01
 5.31000000e+02 1.00000000e+01 7.67542444e+01
 5.32000000e+02 1.00000000e+01 7.57932993e+01
 5.33000000e+02 1.00000000e+01 7.58323541e+01
 5.34000000e+02 1.00000000e+01 7.58714090e+01
 5.35000000e+02 1.00000000e+01 7.59104638e+01
 5.36000000e+02 1.00000000e+01 7.49495187e+01
 5.37000000e+02 1.00000000e+01 7.49885735e+01
 5.38000000e+02 1.00000000e+01 7.50276284e+01
 5.39000000e+02 1.00000000e+01 7.50666833e+01
 5.40000000e+02 1.00000000e+01 7.61057381e+01
 5.41000000e+02 1.00000000e+01 7.61447930e+01
 5.42000000e+02 1.00000000e+01 7.71838478e+01
 5.43000000e+02 1.00000000e+01 7.92229027e+01
 5.44000000e+02 1.00000000e+01 7.92619576e+01
 5.45000000e+02 1.00000000e+01 8.23010124e+01
 5.46000000e+02 1.00000000e+01 8.23400673e+01
 5.47000000e+02 1.00000000e+01 8.33791221e+01
 5.48000000e+02 1.00000000e+01 8.44181770e+01
 5.49000000e+02 1.00000000e+01 8.44572318e+01
 5.50000000e+02 1.00000000e+01 8.54962867e+01
 5.51000000e+02 1.00000000e+01 8.55353416e+01
 5.52000000e+02 1.00000000e+01 8.55743964e+01
 5.53000000e+02 1.00000000e+01 8.46134513e+01
 5.54000000e+02 1.00000000e+01 8.36525061e+01
 5.55000000e+02 1.00000000e+01 8.36915610e+01
 5.56000000e+02 1.00000000e+01 8.37306159e+01
 5.57000000e+02 1.00000000e+01 8.37696707e+01
 5.58000000e+02 1.00000000e+01 8.48087256e+01
 5.59000000e+02 1.00000000e+01 8.48477804e+01
 5.60000000e+02 1.00000000e+01 8.48868353e+01
 5.61000000e+02 1.00000000e+01 8.49258901e+01
 5.62000000e+02 1.00000000e+01 8.49649450e+01
 5.63000000e+02 1.00000000e+01 8.50039999e+01
 5.64000000e+02 1.00000000e+01 8.60430547e+01
 5.65000000e+02 1.00000000e+01 8.60821096e+01
 5.66000000e+02 1.00000000e+01 8.61211644e+01
 5.67000000e+02 1.00000000e+01 8.81602193e+01
 5.68000000e+02 1.00000000e+01 8.71992741e+01
 5.69000000e+02 1.00000000e+01 8.72383290e+01
 5.70000000e+02 1.00000000e+01 8.62773839e+01
 5.71000000e+02 1.00000000e+01 8.63164387e+01
 5.72000000e+02 1.00000000e+01 8.53554936e+01
 5.73000000e+02 1.00000000e+01 8.53945484e+01
 5.74000000e+02 1.00000000e+01 8.54336033e+01
 5.75000000e+02 1.00000000e+01 8.44726582e+01
 5.76000000e+02 1.00000000e+01 8.55117130e+01
 5.77000000e+02 1.00000000e+01 8.65507679e+01
 5.78000000e+02 1.00000000e+01 8.75898227e+01
 5.79000000e+02 1.00000000e+01 8.76288776e+01
 5.80000000e+02 1.00000000e+01 8.76679324e+01
 5.81000000e+02 1.00000000e+01 8.57069873e+01
 5.82000000e+02 1.00000000e+01 8.57460422e+01
 5.83000000e+02 1.00000000e+01 8.57850970e+01
 5.84000000e+02 1.00000000e+01 8.58241519e+01
 5.85000000e+02 1.00000000e+01 8.58632067e+01
 5.86000000e+02 1.00000000e+01 8.59022616e+01
 5.87000000e+02 1.00000000e+01 8.59413164e+01
 5.88000000e+02 1.00000000e+01 8.59803713e+01
 5.89000000e+02 1.00000000e+01 8.60194262e+01
 5.90000000e+02 1.00000000e+01 8.60584810e+01
 5.91000000e+02 1.00000000e+01 8.60975359e+01
 5.92000000e+02 1.00000000e+01 8.61365907e+01
 5.93000000e+02 1.00000000e+01 8.61756456e+01
 5.94000000e+02 1.00000000e+01 8.62147005e+01
 5.95000000e+02 1.00000000e+01 8.72537553e+01
 5.96000000e+02 1.00000000e+01 8.72928102e+01
 5.97000000e+02 1.00000000e+01 8.73318650e+01
 5.98000000e+02 1.00000000e+01 8.73709199e+01
 5.99000000e+02 1.00000000e+01 8.64099747e+01
 6.00000000e+02 1.00000000e+01 8.74490296e+01
 6.01000000e+02 1.00000000e+01 8.74880845e+01
 6.02000000e+02 1.00000000e+01 8.75271393e+01
 6.03000000e+02 1.00000000e+01 8.75661942e+01
 6.04000000e+02 1.00000000e+01 8.76052490e+01
 6.05000000e+02 1.00000000e+01 8.76443039e+01
 6.06000000e+02 1.00000000e+01 8.76833587e+01
 6.07000000e+02 1.00000000e+01 8.77224136e+01
 6.08000000e+02 1.00000000e+01 8.87614685e+01
 6.09000000e+02 1.00000000e+01 8.88005233e+01
 6.10000000e+02 1.00000000e+01 8.88395782e+01
 6.11000000e+02 1.00000000e+01 8.88786330e+01
 6.12000000e+02 1.00000000e+01 8.89176879e+01
 6.14000000e+02 1.00000000e+01 9.49957976e+01
 6.15000000e+02 1.00000000e+01 9.20348525e+01
 6.16000000e+02 1.00000000e+01 9.20739073e+01
 6.17000000e+02 1.00000000e+01 9.21129622e+01
 6.18000000e+02 1.00000000e+01 9.31520170e+01
 6.19000000e+02 1.00000000e+01 9.31910719e+01
 6.20000000e+02 1.00000000e+01 9.42301268e+01
 6.21000000e+02 1.00000000e+01 9.52691816e+01
 6.22000000e+02 1.00000000e+01 9.53082365e+01
 6.23000000e+02 1.00000000e+01 9.53472913e+01
 6.24000000e+02 1.00000000e+01 9.53863462e+01
 6.25000000e+02 1.00000000e+01 9.54254010e+01
 6.26000000e+02 1.00000000e+01 9.54644559e+01
 6.27000000e+02 1.00000000e+01 9.55035108e+01
 6.28000000e+02 1.00000000e+01 9.65425656e+01
 6.29000000e+02 1.00000000e+01 9.75816205e+01
 6.30000000e+02 1.00000000e+01 9.76206753e+01
 6.31000000e+02 1.00000000e+01 9.86597302e+01
 6.32000000e+02 1.00000000e+01 9.96987851e+01
 6.33000000e+02 1.00000000e+01 1.00737840e+02
 6.34000000e+02 1.00000000e+01 1.01776895e+02
 6.35000000e+02 1.00000000e+01 1.01815950e+02
 6.36000000e+02 1.00000000e+01 1.01855004e+02
 6.37000000e+02 1.00000000e+01 1.00894059e+02
 6.38000000e+02 1.00000000e+01 1.00933114e+02
 6.39000000e+02 1.00000000e+01 9.99721691e+01
 6.40000000e+02 1.00000000e+01 1.00011224e+02
 6.41000000e+02 1.00000000e+01 1.00050279e+02
 6.42000000e+02 1.00000000e+01 1.00089334e+02
 6.43000000e+02 1.00000000e+01 9.91283885e+01
 6.44000000e+02 1.00000000e+01 9.91674434e+01
 6.45000000e+02 1.00000000e+01 9.92064982e+01
 6.46000000e+02 1.00000000e+01 9.92455531e+01
 6.47000000e+02 1.00000000e+01 9.82846079e+01
 6.48000000e+02 1.00000000e+01 9.93236628e+01
 6.49000000e+02 1.00000000e+01 1.01362718e+02
 6.50000000e+02 1.00000000e+01 1.00401772e+02
 6.51000000e+02 1.00000000e+01 1.01440827e+02
 6.52000000e+02 1.00000000e+01 1.01479882e+02
 6.53000000e+02 1.00000000e+01 1.01518937e+02
 6.54000000e+02 1.00000000e+01 1.00557992e+02
 6.55000000e+02 1.00000000e+01 9.85970468e+01
 6.56000000e+02 1.00000000e+01 9.76361016e+01
 6.57000000e+02 1.00000000e+01 9.66751565e+01
 6.58000000e+02 1.00000000e+01 9.67142114e+01
 6.59000000e+02 1.00000000e+01 9.87532662e+01
 6.60000000e+02 1.00000000e+01 9.87923211e+01
 6.61000000e+02 1.00000000e+01 9.98313759e+01
 6.62000000e+02 1.00000000e+01 9.98704308e+01
 6.63000000e+02 1.00000000e+01 9.99094857e+01
 6.64000000e+02 1.00000000e+01 9.99485405e+01
 6.65000000e+02 1.00000000e+01 9.99875954e+01
 6.66000000e+02 1.00000000e+01 1.00026650e+02
 6.67000000e+02 1.00000000e+01 1.00065705e+02
 6.68000000e+02 1.00000000e+01 1.00104760e+02
 6.69000000e+02 1.00000000e+01 1.01143815e+02
 6.70000000e+02 1.00000000e+01 1.01182870e+02
 6.71000000e+02 1.00000000e+01 1.01221925e+02
 6.72000000e+02 1.00000000e+01 1.02260979e+02
 6.73000000e+02 1.00000000e+01 1.02300034e+02
 6.74000000e+02 1.00000000e+01 1.02339089e+02
 6.75000000e+02 1.00000000e+01 1.04378144e+02
 6.76000000e+02 1.00000000e+01 1.04417199e+02
 6.77000000e+02 1.00000000e+01 1.04456254e+02
 6.78000000e+02 1.00000000e+01 1.03495309e+02
 6.79000000e+02 1.00000000e+01 1.04534363e+02
 6.80000000e+02 1.00000000e+01 1.03573418e+02
 6.81000000e+02 1.00000000e+01 1.03612473e+02
 6.82000000e+02 1.00000000e+01 1.03651528e+02
 6.83000000e+02 1.00000000e+01 1.03690583e+02
 6.84000000e+02 1.00000000e+01 1.04729638e+02
 6.85000000e+02 1.00000000e+01 1.04768693e+02
 6.86000000e+02 1.00000000e+01 1.04807747e+02
 6.87000000e+02 1.00000000e+01 1.05846802e+02
 6.88000000e+02 1.00000000e+01 1.05885857e+02
 6.89000000e+02 1.00000000e+01 1.05924912e+02
 6.90000000e+02 1.00000000e+01 1.05963967e+02
 6.91000000e+02 1.00000000e+01 1.06003022e+02
 6.92000000e+02 1.00000000e+01 1.06042077e+02
 6.93000000e+02 1.00000000e+01 1.07081131e+02
 6.94000000e+02 1.00000000e+01 1.07120186e+02
 6.95000000e+02 1.00000000e+01 1.07159241e+02
 6.96000000e+02 1.00000000e+01 1.07198296e+02
 6.97000000e+02 1.00000000e+01 1.07237351e+02
 6.98000000e+02 1.00000000e+01 1.07276406e+02
 6.99000000e+02 1.00000000e+01 1.06315461e+02
 7.00000000e+02 1.00000000e+01 1.07354515e+02
