 1.00000000e+00 4.00000000e+00 5.10551697e+01
 2.00000000e+00 4.00000000e+00 5.00942245e+01
 3.00000000e+00 4.00000000e+00 5.01332794e+01
 4.00000000e+00 4.00000000e+00 5.01723343e+01
 5.00000000e+00 4.00000000e+00 5.12113891e+01
 6.00000000e+00 4.00000000e+00 5.12504440e+01
 7.00000000e+00 4.00000000e+00 5.12894988e+01
 8.00000000e+00 4.00000000e+00 5.03285537e+01
 9.00000000e+00 4.00000000e+00 5.03676086e+01
 1.00000000e+01 4.00000000e+00 5.04066634e+01
 1.10000000e+01 4.00000000e+00 5.04457183e+01
 1.20000000e+01 4.00000000e+00 4.94847731e+01
 1.30000000e+01 4.00000000e+00 4.95238280e+01
 1.40000000e+01 4.00000000e+00 4.95628828e+01
 1.50000000e+01 4.00000000e+00 4.96019377e+01
 1.60000000e+01 4.00000000e+00 4.96409926e+01
 1.70000000e+01 4.00000000e+00 5.06800474e+01
 1.80000000e+01 4.00000000e+00 5.07191023e+01
 1.90000000e+01 4.00000000e+00 5.07581571e+01
 2.00000000e+01 4.00000000e+00 4.97972120e+01
 2.10000000e+01 4.00000000e+00 4.98362668e+01
 2.20000000e+01 4.00000000e+00 4.78753217e+01
 2.30000000e+01 4.00000000e+00 4.79143766e+01
 2.40000000e+01 4.00000000e+00 4.69534314e+01
 2.50000000e+01 4.00000000e+00 4.79924863e+01
 2.60000000e+01 4.00000000e+00 4.70315411e+01
 2.70000000e+01 4.00000000e+00 4.70705960e+01
 2.80000000e+01 4.00000000e+00 4.81096509e+01
 2.90000000e+01 4.00000000e+00 4.71487057e+01
 3.00000000e+01 4.00000000e+00 4.71877606e+01
 3.10000000e+01 4.00000000e+00 4.72268154e+01
 3.20000000e+01 4.00000000e+00 4.72658703e+01
 3.30000000e+01 4.00000000e+00 4.73049251e+01
 3.40000000e+01 4.00000000e+00 4.83439800e+01
 3.50000000e+01 4.00000000e+00 4.83830349e+01
 3.60000000e+01 4.00000000e+00 4.84220897e+01
 3.70000000e+01 4.00000000e+00 4.84611446e+01
 3.80000000e+01 4.00000000e+00 4.85001994e+01
 3.90000000e+01 4.00000000e+00 4.85392543e+01
 4.00000000e+01 4.00000000e+00 4.95783091e+01
 4.10000000e+01 4.00000000e+00 4.96173640e+01
 4.20000000e+01 4.00000000e+00 4.96564189e+01
 4.30000000e+01 4.00000000e+00 4.96954737e+01
 4.40000000e+01 4.00000000e+00 4.87345286e+01
 4.50000000e+01 4.00000000e+00 4.87735834e+01
 4.60000000e+01 4.00000000e+00 4.98126383e+01
 4.70000000e+01 4.00000000e+00 4.88516932e+01
 4.80000000e+01 4.00000000e+00 4.78907480e+01
 4.90000000e+01 4.00000000e+00 4.69298029e+01
 5.00000000e+01 4.00000000e+00 4.69688577e+01
 5.10000000e+01 4.00000000e+00 4.70079126e+01
 5.20000000e+01 4.00000000e+00 4.60469674e+01
 5.30000000e+01 4.00000000e+00 4.50860223e+01
 5.40000000e+01 4.00000000e+00 4.61250772e+01
 5.50000000e+01 4.00000000e+00 4.61641320e+01
 5.60000000e+01 4.00000000e+00 4.62031869e+01
 5.70000000e+01 4.00000000e+00 4.62422417e+01
 5.80000000e+01 4.00000000e+00 4.62812966e+01
 5.90000000e+01 4.00000000e+00 4.63203514e+01
 6.00000000e+01 4.00000000e+00 4.63594063e+01
 6.10000000e+01 4.00000000e+00 4.63984612e+01
 6.20000000e+01 4.00000000e+00 4.74375160e+01
 6.30000000e+01 4.00000000e+00 4.74765709e+01
 6.40000000e+01 4.00000000e+00 4.75156257e+01
 6.50000000e+01 4.00000000e+00 4.85546806e+01
 6.60000000e+01 4.00000000e+00 4.85937355e+01
 6.70000000e+01 4.00000000e+00 4.86327903e+01
 6.80000000e+01 4.00000000e+00 4.86718452e+01
 6.90000000e+01 4.00000000e+00 4.87109000e+01
 7.00000000e+01 4.00000000e+00 4.87499549e+01
 7.10000000e+01 4.00000000e+00 4.97890097e+01
 7.20000000e+01 4.00000000e+00 4.98280646e+01
 7.30000000e+01 4.00000000e+00 4.78671195e+01
 7.40000000e+01 4.00000000e+00 4.79061743e+01
 7.50000000e+01 4.00000000e+00 4.69452292e+01
 7.60000000e+01 4.00000000e+00 4.69842840e+01
 7.70000000e+01 4.00000000e+00 4.90233389e+01
 7.80000000e+01 4.00000000e+00 4.90623937e+01
 7.90000000e+01 4.00000000e+00 4.91014486e+01
 8.00000000e+01 4.00000000e+00 5.01405035e+01
 8.10000000e+01 4.00000000e+00 5.01795583e+01
 8.20000000e+01 4.00000000e+00 5.02186132e+01
 8.30000000e+01 4.00000000e+00 5.02576680e+01
 8.40000000e+01 4.00000000e+00 4.92967229e+01
 8.50000000e+01 4.00000000e+00 4.93357778e+01
 8.60000000e+01 4.00000000e+00 5.03748326e+01
 8.70000000e+01 4.00000000e+00 5.14138875e+01
 8.80000000e+01 4.00000000e+00 5.44529423e+01
 8.90000000e+01 4.00000000e+00 5.44919972e+01
 9.00000000e+01 4.00000000e+00 5.45310520e+01
 9.10000000e+01 4.00000000e+00 5.15701069e+01
 9.20000000e+01 4.00000000e+00 5.16091618e+01
 9.30000000e+01 4.00000000e+00 5.06482166e+01
 9.40000000e+01 4.00000000e+00 5.06872715e+01
 9.50000000e+01 4.00000000e+00 5.07263263e+01
 9.60000000e+01 4.00000000e+00 5.07653812e+01
 9.70000000e+01 4.00000000e+00 5.08044361e+01
 9.80000000e+01 4.00000000e+00 5.08434909e+01
 9.90000000e+01 4.00000000e+00 4.98825458e+01
 1.00000000e+02 4.00000000e+00 4.99216006e+01
 1.01000000e+02 4.00000000e+00 5.09606555e+01
 1.02000000e+02 4.00000000e+00 5.19997103e+01
 1.03000000e+02 4.00000000e+00 5.10387652e+01
 1.04000000e+02 4.00000000e+00 5.10778201e+01
 1.05000000e+02 4.00000000e+00 5.11168749e+01
 1.06000000e+02 4.00000000e+00 5.11559298e+01
 1.07000000e+02 4.00000000e+00 5.11949846e+01
 1.08000000e+02 4.00000000e+00 5.12340395e+01
 1.09000000e+02 4.00000000e+00 5.12730943e+01
 1.10000000e+02 4.00000000e+00 5.23121492e+01
 1.11000000e+02 4.00000000e+00 5.13512041e+01
 1.12000000e+02 4.00000000e+00 5.13902589e+01
 1.13000000e+02 4.00000000e+00 5.04293138e+01
 1.14000000e+02 4.00000000e+00 5.04683686e+01
 1.15000000e+02 4.00000000e+00 5.15074235e+01
 1.16000000e+02 4.00000000e+00 5.15464784e+01
 1.17000000e+02 4.00000000e+00 5.05855332e+01
 1.18000000e+02 4.00000000e+00 5.06245881e+01
 1.19000000e+02 4.00000000e+00 5.16636429e+01
 1.20000000e+02 4.00000000e+00 5.37026978e+01
 1.21000000e+02 4.00000000e+00 5.37417526e+01
 1.22000000e+02 4.00000000e+00 5.27808075e+01
 1.23000000e+02 4.00000000e+00 4.28198624e+01
 1.24000000e+02 4.00000000e+00 4.28589172e+01
 1.25000000e+02 4.00000000e+00 5.28979721e+01
 1.26000000e+02 4.00000000e+00 5.29370269e+01
 1.27000000e+02 4.00000000e+00 5.29760818e+01
 1.28000000e+02 4.00000000e+00 5.30151366e+01
 1.29000000e+02 4.00000000e+00 5.40541915e+01
 1.30000000e+02 4.00000000e+00 5.40932464e+01
 1.31000000e+02 4.00000000e+00 5.51323012e+01
 1.32000000e+02 4.00000000e+00 5.61713561e+01
 1.33000000e+02 4.00000000e+00 5.62104109e+01
 1.34000000e+02 4.00000000e+00 5.62494658e+01
 1.35000000e+02 4.00000000e+00 5.62885207e+01
 1.36000000e+02 4.00000000e+00 5.63275755e+01
 1.37000000e+02 4.00000000e+00 5.63666304e+01
 1.38000000e+02 4.00000000e+00 5.74056852e+01
 1.39000000e+02 4.00000000e+00 5.74447401e+01
 1.40000000e+02 4.00000000e+00 5.74837949e+01
 1.41000000e+02 4.00000000e+00 5.75228498e+01
 1.42000000e+02 4.00000000e+00 5.65619047e+01
 1.43000000e+02 4.00000000e+00 5.66009595e+01
 1.44000000e+02 4.00000000e+00 5.56400144e+01
 1.45000000e+02 4.00000000e+00 5.56790692e+01
 1.46000000e+02 4.00000000e+00 5.67181241e+01
 1.47000000e+02 4.00000000e+00 5.57571789e+01
 1.48000000e+02 4.00000000e+00 5.57962338e+01
 1.49000000e+02 4.00000000e+00 5.68352887e+01
 1.50000000e+02 4.00000000e+00 5.68743435e+01
 1.51000000e+02 4.00000000e+00 5.69133984e+01
 1.52000000e+02 4.00000000e+00 5.79524532e+01
 1.53000000e+02 4.00000000e+00 5.69915081e+01
 1.54000000e+02 4.00000000e+00 5.70305630e+01
 1.55000000e+02 4.00000000e+00 5.70696178e+01
 1.56000000e+02 4.00000000e+00 5.61086727e+01
 1.57000000e+02 4.00000000e+00 5.61477275e+01
 1.58000000e+02 4.00000000e+00 5.61867824e+01
 1.59000000e+02 4.00000000e+00 5.62258372e+01
 1.60000000e+02 4.00000000e+00 5.62648921e+01
 1.61000000e+02 4.00000000e+00 5.13039470e+01
 1.62000000e+02 4.00000000e+00 5.23430018e+01
 1.63000000e+02 4.00000000e+00 5.23820567e+01
 1.64000000e+02 4.00000000e+00 5.44211115e+01
 1.65000000e+02 4.00000000e+00 5.34601664e+01
 1.66000000e+02 4.00000000e+00 5.24992212e+01
 1.67000000e+02 4.00000000e+00 5.25382761e+01
 1.68000000e+02 4.00000000e+00 5.15773310e+01
 1.69000000e+02 4.00000000e+00 5.16163858e+01
 1.70000000e+02 4.00000000e+00 4.96554407e+01
 1.71000000e+02 4.00000000e+00 4.86944955e+01
 1.72000000e+02 4.00000000e+00 4.77335504e+01
 1.73000000e+02 4.00000000e+00 4.77726053e+01
 1.74000000e+02 4.00000000e+00 4.78116601e+01
 1.75000000e+02 4.00000000e+00 4.78507150e+01
 1.76000000e+02 4.00000000e+00 4.78897698e+01
 1.77000000e+02 4.00000000e+00 4.89288247e+01
 1.78000000e+02 4.00000000e+00 4.79678795e+01
 1.79000000e+02 4.00000000e+00 4.80069344e+01
 1.80000000e+02 4.00000000e+00 4.80459893e+01
 1.81000000e+02 4.00000000e+00 4.80850441e+01
 1.82000000e+02 4.00000000e+00 4.71240990e+01
 1.83000000e+02 4.00000000e+00 4.71631538e+01
 1.84000000e+02 4.00000000e+00 4.82022087e+01
 1.85000000e+02 4.00000000e+00 4.82412636e+01
 1.86000000e+02 4.00000000e+00 4.82803184e+01
 1.87000000e+02 4.00000000e+00 4.83193733e+01
 1.88000000e+02 4.00000000e+00 4.83584281e+01
 1.89000000e+02 4.00000000e+00 5.03974830e+01
 1.90000000e+02 4.00000000e+00 4.94365378e+01
 1.91000000e+02 4.00000000e+00 4.94755927e+01
 1.92000000e+02 4.00000000e+00 5.05146476e+01
 1.93000000e+02 4.00000000e+00 5.05537024e+01
 1.94000000e+02 4.00000000e+00 5.15927573e+01
 1.95000000e+02 4.00000000e+00 5.16318121e+01
 1.96000000e+02 4.00000000e+00 5.16708670e+01
 1.97000000e+02 4.00000000e+00 5.27099218e+01
 1.98000000e+02 4.00000000e+00 5.27489767e+01
 1.99000000e+02 4.00000000e+00 5.37880316e+01
 2.00000000e+02 4.00000000e+00 5.38270864e+01
 2.01000000e+02 4.00000000e+00 5.18661413e+01
 2.02000000e+02 4.00000000e+00 4.99051961e+01
 2.03000000e+02 4.00000000e+00 5.09442510e+01
 2.04000000e+02 4.00000000e+00 4.99833059e+01
 2.05000000e+02 4.00000000e+00 5.00223607e+01
 2.06000000e+02 4.00000000e+00 4.90614156e+01
 2.07000000e+02 4.00000000e+00 4.91004704e+01
 2.08000000e+02 4.00000000e+00 4.91395253e+01
 2.09000000e+02 4.00000000e+00 4.71785801e+01
 2.10000000e+02 4.00000000e+00 4.62176350e+01
 2.11000000e+02 4.00000000e+00 4.62566899e+01
 2.12000000e+02 4.00000000e+00 4.62957447e+01
 2.13000000e+02 4.00000000e+00 4.33347996e+01
 2.14000000e+02 4.00000000e+00 4.13738544e+01
 2.15000000e+02 4.00000000e+00 4.14129093e+01
 2.16000000e+02 4.00000000e+00 4.14519641e+01
 2.17000000e+02 4.00000000e+00 4.34910190e+01
 2.18000000e+02 4.00000000e+00 4.25300739e+01
 2.19000000e+02 4.00000000e+00 4.25691287e+01
 2.20000000e+02 4.00000000e+00 4.26081836e+01
 2.21000000e+02 4.00000000e+00 4.16472384e+01
 2.22000000e+02 4.00000000e+00 4.16862933e+01
 2.23000000e+02 4.00000000e+00 3.97253482e+01
 2.24000000e+02 4.00000000e+00 3.97644030e+01
 2.25000000e+02 4.00000000e+00 3.88034579e+01
 2.26000000e+02 4.00000000e+00 3.68425127e+01
 2.27000000e+02 4.00000000e+00 3.78815676e+01
 2.28000000e+02 4.00000000e+00 3.89206224e+01
 2.29000000e+02 4.00000000e+00 3.99596773e+01
 2.30000000e+02 4.00000000e+00 4.39987322e+01
 2.31000000e+02 4.00000000e+00 4.40377870e+01
 2.32000000e+02 4.00000000e+00 4.30768419e+01
 2.33000000e+02 4.00000000e+00 4.31158967e+01
 2.34000000e+02 4.00000000e+00 4.31549516e+01
 2.35000000e+02 4.00000000e+00 4.41940064e+01
 2.36000000e+02 4.00000000e+00 4.52330613e+01
 2.37000000e+02 4.00000000e+00 4.62721162e+01
 2.38000000e+02 4.00000000e+00 4.73111710e+01
 2.39000000e+02 4.00000000e+00 4.73502259e+01
 2.40000000e+02 4.00000000e+00 4.73892807e+01
 2.41000000e+02 4.00000000e+00 4.74283356e+01
 2.42000000e+02 4.00000000e+00 5.04673905e+01
 2.43000000e+02 4.00000000e+00 5.05064453e+01
 2.44000000e+02 4.00000000e+00 5.25455002e+01
 2.45000000e+02 4.00000000e+00 5.35845550e+01
 2.46000000e+02 4.00000000e+00 5.56236099e+01
 2.47000000e+02 4.00000000e+00 5.66626647e+01
 2.48000000e+02 4.00000000e+00 5.67017196e+01
 2.49000000e+02 4.00000000e+00 5.67407745e+01
 2.50000000e+02 4.00000000e+00 5.87798293e+01
 2.51000000e+02 4.00000000e+00 5.88188842e+01
 2.52000000e+02 4.00000000e+00 5.78579390e+01
 2.53000000e+02 4.00000000e+00 5.78969939e+01
 2.54000000e+02 4.00000000e+00 5.69360487e+01
 2.55000000e+02 4.00000000e+00 5.49751036e+01
 2.56000000e+02 4.00000000e+00 5.50141585e+01
 2.57000000e+02 4.00000000e+00 5.30532133e+01
 2.58000000e+02 4.00000000e+00 5.40922682e+01
 2.59000000e+02 4.00000000e+00 5.41313230e+01
 2.60000000e+02 4.00000000e+00 5.51703779e+01
 2.61000000e+02 4.00000000e+00 5.52094328e+01
 2.62000000e+02 4.00000000e+00 5.62484876e+01
 2.63000000e+02 4.00000000e+00 5.42875425e+01
 2.64000000e+02 4.00000000e+00 5.23265973e+01
 2.65000000e+02 4.00000000e+00 5.33656522e+01
 2.66000000e+02 4.00000000e+00 5.44047070e+01
 2.67000000e+02 4.00000000e+00 5.44437619e+01
 2.68000000e+02 4.00000000e+00 5.34828168e+01
 2.69000000e+02 4.00000000e+00 5.35218716e+01
 2.70000000e+02 4.00000000e+00 5.35609265e+01
 2.71000000e+02 4.00000000e+00 5.25999813e+01
 2.72000000e+02 4.00000000e+00 5.26390362e+01
 2.73000000e+02 4.00000000e+00 5.26780910e+01
 2.74000000e+02 4.00000000e+00 5.17171459e+01
 2.75000000e+02 4.00000000e+00 5.17562008e+01
 2.76000000e+02 4.00000000e+00 5.17952556e+01
 2.77000000e+02 4.00000000e+00 5.38343105e+01
 2.78000000e+02 4.00000000e+00 5.28733653e+01
 2.79000000e+02 4.00000000e+00 5.09124202e+01
 2.80000000e+02 4.00000000e+00 5.39514751e+01
 2.81000000e+02 4.00000000e+00 5.39905299e+01
 2.82000000e+02 4.00000000e+00 5.40295848e+01
 2.83000000e+02 4.00000000e+00 5.50686396e+01
 2.84000000e+02 4.00000000e+00 5.61076945e+01
 2.85000000e+02 4.00000000e+00 5.61467493e+01
 2.86000000e+02 4.00000000e+00 5.71858042e+01
 2.87000000e+02 4.00000000e+00 5.82248591e+01
 2.88000000e+02 4.00000000e+00 5.72639139e+01
 2.89000000e+02 4.00000000e+00 5.63029688e+01
 2.90000000e+02 4.00000000e+00 5.43420236e+01
 2.91000000e+02 4.00000000e+00 5.23810785e+01
 2.92000000e+02 4.00000000e+00 5.34201334e+01
 2.93000000e+02 4.00000000e+00 5.34591882e+01
 2.94000000e+02 4.00000000e+00 5.34982431e+01
 2.95000000e+02 4.00000000e+00 5.45372979e+01
 2.96000000e+02 4.00000000e+00 5.65763528e+01
 2.97000000e+02 4.00000000e+00 5.86154076e+01
 2.98000000e+02 4.00000000e+00 5.86544625e+01
 2.99000000e+02 4.00000000e+00 5.86935174e+01
 3.00000000e+02 4.00000000e+00 5.87325722e+01
 3.01000000e+02 4.00000000e+00 5.77716271e+01
 3.02000000e+02 4.00000000e+00 5.68106819e+01
 3.03000000e+02 4.00000000e+00 5.58497368e+01
 3.04000000e+02 4.00000000e+00 5.58887916e+01
 3.05000000e+02 4.00000000e+00 5.79278465e+01
 3.06000000e+02 4.00000000e+00 5.79669014e+01
 3.07000000e+02 4.00000000e+00 6.00059562e+01
 3.08000000e+02 4.00000000e+00 5.90450111e+01
 3.09000000e+02 4.00000000e+00 5.70840659e+01
 3.10000000e+02 4.00000000e+00 5.91231208e+01
 3.11000000e+02 4.00000000e+00 5.91621757e+01
 3.12000000e+02 4.00000000e+00 5.92012305e+01
 3.13000000e+02 4.00000000e+00 6.02402854e+01
 3.14000000e+02 4.00000000e+00 6.02793402e+01
 3.15000000e+02 4.00000000e+00 6.03183951e+01
 3.16000000e+02 4.00000000e+00 6.03574499e+01
 3.17000000e+02 4.00000000e+00 6.03965048e+01
 3.18000000e+02 4.00000000e+00 6.04355597e+01
 3.19000000e+02 4.00000000e+00 6.04746145e+01
 3.20000000e+02 4.00000000e+00 6.05136694e+01
 3.21000000e+02 4.00000000e+00 6.05527242e+01
 3.22000000e+02 4.00000000e+00 6.15917791e+01
 3.23000000e+02 4.00000000e+00 6.06308339e+01
 3.24000000e+02 4.00000000e+00 6.16698888e+01
 3.25000000e+02 4.00000000e+00 6.27089437e+01
 3.26000000e+02 4.00000000e+00 6.27479985e+01
 3.27000000e+02 4.00000000e+00 6.27870534e+01
 3.28000000e+02 4.00000000e+00 6.28261082e+01
 3.29000000e+02 4.00000000e+00 6.18651631e+01
 3.30000000e+02 4.00000000e+00 6.29042180e+01
 3.31000000e+02 4.00000000e+00 6.29432728e+01
 3.32000000e+02 4.00000000e+00 6.29823277e+01
 3.33000000e+02 4.00000000e+00 6.30213825e+01
 3.34000000e+02 4.00000000e+00 6.00604374e+01
 3.35000000e+02 4.00000000e+00 6.00994922e+01
 3.36000000e+02 4.00000000e+00 5.91385471e+01
 3.37000000e+02 4.00000000e+00 5.91776020e+01
 3.38000000e+02 4.00000000e+00 6.02166568e+01
 3.39000000e+02 4.00000000e+00 6.02557117e+01
 3.40000000e+02 4.00000000e+00 6.12947665e+01
 3.41000000e+02 4.00000000e+00 6.23338214e+01
 3.42000000e+02 4.00000000e+00 6.23728762e+01
 3.43000000e+02 4.00000000e+00 6.24119311e+01
 3.44000000e+02 4.00000000e+00 6.24509860e+01
 3.45000000e+02 4.00000000e+00 6.14900408e+01
 3.46000000e+02 4.00000000e+00 6.15290957e+01
 3.47000000e+02 4.00000000e+00 6.05681505e+01
 3.48000000e+02 4.00000000e+00 6.06072054e+01
 3.49000000e+02 4.00000000e+00 6.06462603e+01
 3.50000000e+02 4.00000000e+00 5.96853151e+01
 3.51000000e+02 4.00000000e+00 5.97243700e+01
 3.52000000e+02 4.00000000e+00 5.87634248e+01
 3.53000000e+02 4.00000000e+00 5.68024797e+01
 3.54000000e+02 4.00000000e+00 5.68415345e+01
 3.55000000e+02 4.00000000e+00 5.68805894e+01
 3.56000000e+02 4.00000000e+00 5.69196443e+01
 3.57000000e+02 4.00000000e+00 5.89586991e+01
 3.58000000e+02 4.00000000e+00 5.79977540e+01
 3.59000000e+02 4.00000000e+00 5.60368088e+01
 3.60000000e+02 4.00000000e+00 5.50758637e+01
 3.61000000e+02 4.00000000e+00 5.41149185e+01
 3.62000000e+02 4.00000000e+00 5.61539734e+01
 3.63000000e+02 4.00000000e+00 5.71930283e+01
 3.64000000e+02 4.00000000e+00 5.82320831e+01
 3.65000000e+02 4.00000000e+00 5.82711380e+01
 3.66000000e+02 4.00000000e+00 5.83101928e+01
 3.67000000e+02 4.00000000e+00 5.73492477e+01
 3.68000000e+02 4.00000000e+00 5.83883026e+01
 3.69000000e+02 4.00000000e+00 5.84273574e+01
 3.70000000e+02 4.00000000e+00 5.84664123e+01
 3.71000000e+02 4.00000000e+00 5.85054671e+01
 3.72000000e+02 4.00000000e+00 5.85445220e+01
 3.73000000e+02 4.00000000e+00 5.75835768e+01
 3.74000000e+02 4.00000000e+00 5.86226317e+01
 3.75000000e+02 4.00000000e+00 5.76616866e+01
 3.76000000e+02 4.00000000e+00 5.87007414e+01
 3.77000000e+02 4.00000000e+00 5.87397963e+01
 3.78000000e+02 4.00000000e+00 5.87788511e+01
 3.79000000e+02 4.00000000e+00 6.08179060e+01
 3.80000000e+02 4.00000000e+00 5.88569609e+01
 3.81000000e+02 4.00000000e+00 5.78960157e+01
 3.82000000e+02 4.00000000e+00 5.49350706e+01
 3.83000000e+02 4.00000000e+00 5.49741254e+01
 3.84000000e+02 4.00000000e+00 5.60131803e+01
 3.85000000e+02 4.00000000e+00 6.10522351e+01
 3.86000000e+02 4.00000000e+00 6.50912900e+01
 3.87000000e+02 4.00000000e+00 6.71303449e+01
 3.88000000e+02 4.00000000e+00 6.71693997e+01
 3.89000000e+02 4.00000000e+00 6.72084546e+01
 3.90000000e+02 4.00000000e+00 6.72475094e+01
 3.91000000e+02 4.00000000e+00 6.72865643e+01
 3.92000000e+02 4.00000000e+00 6.63256191e+01
 3.93000000e+02 4.00000000e+00 6.53646740e+01
 3.94000000e+02 4.00000000e+00 6.54037289e+01
 3.95000000e+02 4.00000000e+00 6.44427837e+01
 3.96000000e+02 4.00000000e+00 6.24818386e+01
 3.97000000e+02 4.00000000e+00 6.45208934e+01
 3.98000000e+02 4.00000000e+00 6.35599483e+01
 3.99000000e+02 4.00000000e+00 6.35990032e+01
 4.00000000e+02 4.00000000e+00 6.46380580e+01
 4.01000000e+02 4.00000000e+00 6.46771129e+01
 4.02000000e+02 4.00000000e+00 6.37161677e+01
 4.03000000e+02 4.00000000e+00 6.27552226e+01
 4.04000000e+02 4.00000000e+00 6.27942774e+01
 4.05000000e+02 4.00000000e+00 6.28333323e+01
 4.06000000e+02 4.00000000e+00 6.38723872e+01
 4.07000000e+02 4.00000000e+00 6.39114420e+01
 4.08000000e+02 4.00000000e+00 6.29504969e+01
 4.09000000e+02 4.00000000e+00 6.29895517e+01
 4.10000000e+02 4.00000000e+00 6.40286066e+01
 4.11000000e+02 4.00000000e+00 6.40676614e+01
 4.12000000e+02 4.00000000e+00 6.41067163e+01
 4.13000000e+02 4.00000000e+00 6.51457712e+01
 4.14000000e+02 4.00000000e+00 6.61848260e+01
 4.15000000e+02 4.00000000e+00 6.92238809e+01
 4.16000000e+02 4.00000000e+00 6.92629357e+01
 4.17000000e+02 4.00000000e+00 6.93019906e+01
 4.18000000e+02 4.00000000e+00 7.03410455e+01
 4.19000000e+02 4.00000000e+00 7.03801003e+01
 4.20000000e+02 4.00000000e+00 7.04191552e+01
 4.21000000e+02 4.00000000e+00 6.94582100e+01
 4.22000000e+02 4.00000000e+00 6.84972649e+01
 4.23000000e+02 4.00000000e+00 6.75363197e+01
 4.24000000e+02 4.00000000e+00 6.75753746e+01
 4.25000000e+02 4.00000000e+00 6.66144295e+01
 4.26000000e+02 4.00000000e+00 6.66534843e+01
 4.27000000e+02 4.00000000e+00 6.66925392e+01
 4.28000000e+02 4.00000000e+00 6.87315940e+01
 4.29000000e+02 4.00000000e+00 6.97706489e+01
 4.30000000e+02 4.00000000e+00 6.98097037e+01
 4.31000000e+02 4.00000000e+00 7.08487586e+01
 4.32000000e+02 4.00000000e+00 6.98878135e+01
 4.33000000e+02 4.00000000e+00 7.09268683e+01
 4.34000000e+02 4.00000000e+00 7.09659232e+01
 4.35000000e+02 4.00000000e+00 7.10049780e+01
 4.36000000e+02 4.00000000e+00 7.10440329e+01
 4.37000000e+02 4.00000000e+00 7.10830878e+01
 4.38000000e+02 4.00000000e+00 7.11221426e+01
 4.39000000e+02 4.00000000e+00 6.81611975e+01
 4.40000000e+02 4.00000000e+00 6.82002523e+01
 4.41000000e+02 4.00000000e+00 6.82393072e+01
 4.42000000e+02 4.00000000e+00 7.02783620e+01
 4.43000000e+02 4.00000000e+00 7.03174169e+01
 4.44000000e+02 4.00000000e+00 7.03564718e+01
 4.45000000e+02 4.00000000e+00 7.13955266e+01
 4.46000000e+02 4.00000000e+00 7.14345815e+01
 4.47000000e+02 4.00000000e+00 7.24736363e+01
 4.48000000e+02 4.00000000e+00 7.15126912e+01
 4.49000000e+02 4.00000000e+00 7.15517460e+01
 4.50000000e+02 4.00000000e+00 7.05908009e+01
 4.51000000e+02 4.00000000e+00 6.86298558e+01
 4.52000000e+02 4.00000000e+00 6.86689106e+01
 4.53000000e+02 4.00000000e+00 6.77079655e+01
 4.54000000e+02 4.00000000e+00 6.77470203e+01
 4.55000000e+02 4.00000000e+00 6.67860752e+01
 4.56000000e+02 4.00000000e+00 6.68251301e+01
 4.57000000e+02 4.00000000e+00 6.58641849e+01
 4.58000000e+02 4.00000000e+00 6.59032398e+01
 4.59000000e+02 4.00000000e+00 6.59422946e+01
 4.60000000e+02 4.00000000e+00 6.59813495e+01
 4.61000000e+02 4.00000000e+00 6.50204043e+01
 4.62000000e+02 4.00000000e+00 6.60594592e+01
 4.63000000e+02 4.00000000e+00 6.60985141e+01
 4.64000000e+02 4.00000000e+00 6.61375689e+01
 4.65000000e+02 4.00000000e+00 6.71766238e+01
 4.66000000e+02 4.00000000e+00 6.72156786e+01
 4.67000000e+02 4.00000000e+00 6.72547335e+01
 4.68000000e+02 4.00000000e+00 6.62937884e+01
 4.69000000e+02 4.00000000e+00 6.73328432e+01
 4.70000000e+02 4.00000000e+00 6.73718981e+01
 4.71000000e+02 4.00000000e+00 6.84109529e+01
 4.72000000e+02 4.00000000e+00 6.84500078e+01
 4.73000000e+02 4.00000000e+00 7.04890626e+01
 4.74000000e+02 4.00000000e+00 6.85281175e+01
 4.75000000e+02 4.00000000e+00 6.85671724e+01
 4.76000000e+02 4.00000000e+00 6.86062272e+01
 4.77000000e+02 4.00000000e+00 6.86452821e+01
 4.78000000e+02 4.00000000e+00 7.06843369e+01
 4.79000000e+02 4.00000000e+00 7.47233918e+01
 4.80000000e+02 4.00000000e+00 7.47624466e+01
 4.81000000e+02 4.00000000e+00 7.58015015e+01
 4.82000000e+02 4.00000000e+00 7.58405564e+01
 4.83000000e+02 4.00000000e+00 7.38796112e+01
 4.84000000e+02 4.00000000e+00 7.19186661e+01
 4.85000000e+02 4.00000000e+00 7.39577209e+01
 4.86000000e+02 4.00000000e+00 7.29967758e+01
 4.87000000e+02 4.00000000e+00 7.40358307e+01
 4.88000000e+02 4.00000000e+00 7.40748855e+01
 4.89000000e+02 4.00000000e+00 7.41139404e+01
 4.90000000e+02 4.00000000e+00 7.41529952e+01
 4.91000000e+02 4.00000000e+00 7.41920501e+01
 4.92000000e+02 4.00000000e+00 7.52311049e+01
 4.93000000e+02 4.00000000e+00 7.52701598e+01
 4.94000000e+02 4.00000000e+00 7.53092147e+01
 4.95000000e+02 4.00000000e+00 7.63482695e+01
 4.96000000e+02 4.00000000e+00 7.63873244e+01
 4.97000000e+02 4.00000000e+00 7.74263792e+01
 4.98000000e+02 4.00000000e+00 8.04654341e+01
 4.99000000e+02 4.00000000e+00 8.25044889e+01
 5.00000000e+02 4.00000000e+00 8.35435438e+01
 5.01000000e+02 4.00000000e+00 8.45825987e+01
 5.02000000e+02 4.00000000e+00 8.46216535e+01
 5.03000000e+02 4.00000000e+00 8.36607084e+01
 5.04000000e+02 4.00000000e+00 8.36997632e+01
 5.05000000e+02 4.00000000e+00 8.37388181e+01
 5.06000000e+02 4.00000000e+00 8.37778730e+01
 5.07000000e+02 4.00000000e+00 8.48169278e+01
 5.08000000e+02 4.00000000e+00 8.48559827e+01
 5.09000000e+02 4.00000000e+00 8.48950375e+01
 5.10000000e+02 4.00000000e+00 8.59340924e+01
 5.11000000e+02 4.00000000e+00 8.69731472e+01
 5.12000000e+02 4.00000000e+00 8.70122021e+01
 5.13000000e+02 4.00000000e+00 8.70512570e+01
 5.14000000e+02 4.00000000e+00 8.70903118e+01
 5.15000000e+02 4.00000000e+00 8.71293667e+01
 5.16000000e+02 4.00000000e+00 8.81684215e+01
 5.17000000e+02 4.00000000e+00 8.92074764e+01
 5.18000000e+02 4.00000000e+00 8.92465312e+01
 5.19000000e+02 4.00000000e+00 8.82855861e+01
 5.20000000e+02 4.00000000e+00 8.83246410e+01
 5.21000000e+02 4.00000000e+00 8.73636958e+01
 5.22000000e+02 4.00000000e+00 8.54027507e+01
 5.23000000e+02 4.00000000e+00 8.34418055e+01
 5.24000000e+02 4.00000000e+00 8.44808604e+01
 5.25000000e+02 4.00000000e+00 8.45199153e+01
 5.26000000e+02 4.00000000e+00 8.45589701e+01
 5.27000000e+02 4.00000000e+00 8.45980250e+01
 5.28000000e+02 4.00000000e+00 8.46370798e+01
 5.29000000e+02 4.00000000e+00 8.46761347e+01
 5.30000000e+02 4.00000000e+00 8.47151895e+01
 5.31000000e+02 4.00000000e+00 8.77542444e+01
 5.32000000e+02 4.00000000e+00 8.97932993e+01
 5.33000000e+02 4.00000000e+00 8.98323541e+01
 5.34000000e+02 4.00000000e+00 8.98714090e+01
 5.35000000e+02 4.00000000e+00 8.79104638e+01
 5.36000000e+02 4.00000000e+00 8.69495187e+01
 5.37000000e+02 4.00000000e+00 8.69885735e+01
 5.38000000e+02 4.00000000e+00 8.80276284e+01
 5.39000000e+02 4.00000000e+00 8.90666833e+01
 5.40000000e+02 4.00000000e+00 9.01057381e+01
 5.41000000e+02 4.00000000e+00 9.01447930e+01
 5.42000000e+02 4.00000000e+00 9.01838478e+01
 5.43000000e+02 4.00000000e+00 9.02229027e+01
 5.44000000e+02 4.00000000e+00 9.02619576e+01
 5.45000000e+02 4.00000000e+00 8.93010124e+01
 5.46000000e+02 4.00000000e+00 8.83400673e+01
 5.47000000e+02 4.00000000e+00 8.83791221e+01
 5.48000000e+02 4.00000000e+00 8.84181770e+01
 5.49000000e+02 4.00000000e+00 8.64572318e+01
 5.50000000e+02 4.00000000e+00 8.64962867e+01
 5.51000000e+02 4.00000000e+00 8.55353416e+01
 5.52000000e+02 4.00000000e+00 8.55743964e+01
 5.53000000e+02 4.00000000e+00 8.46134513e+01
 5.54000000e+02 4.00000000e+00 8.46525061e+01
 5.55000000e+02 4.00000000e+00 8.46915610e+01
 5.56000000e+02 4.00000000e+00 8.47306159e+01
 5.57000000e+02 4.00000000e+00 8.57696707e+01
 5.58000000e+02 4.00000000e+00 8.58087256e+01
 5.59000000e+02 4.00000000e+00 8.48477804e+01
 5.60000000e+02 4.00000000e+00 8.48868353e+01
 5.61000000e+02 4.00000000e+00 8.49258901e+01
 5.62000000e+02 4.00000000e+00 8.49649450e+01
 5.63000000e+02 4.00000000e+00 8.50039999e+01
 5.64000000e+02 4.00000000e+00 8.50430547e+01
 5.65000000e+02 4.00000000e+00 8.50821096e+01
 5.66000000e+02 4.00000000e+00 8.51211644e+01
 5.67000000e+02 4.00000000e+00 8.61602193e+01
 5.68000000e+02 4.00000000e+00 8.61992741e+01
 5.69000000e+02 4.00000000e+00 8.62383290e+01
 5.70000000e+02 4.00000000e+00 8.62773839e+01
 5.71000000e+02 4.00000000e+00 8.63164387e+01
 5.72000000e+02 4.00000000e+00 8.63554936e+01
 5.73000000e+02 4.00000000e+00 8.53945484e+01
 5.74000000e+02 4.00000000e+00 8.54336033e+01
 5.75000000e+02 4.00000000e+00 8.54726582e+01
 5.76000000e+02 4.00000000e+00 8.55117130e+01
 5.77000000e+02 4.00000000e+00 8.65507679e+01
 5.78000000e+02 4.00000000e+00 8.75898227e+01
 5.79000000e+02 4.00000000e+00 8.86288776e+01
 5.80000000e+02 4.00000000e+00 8.86679324e+01
 5.81000000e+02 4.00000000e+00 8.87069873e+01
 5.82000000e+02 4.00000000e+00 8.97460422e+01
 5.83000000e+02 4.00000000e+00 9.07850970e+01
 5.84000000e+02 4.00000000e+00 9.08241519e+01
 5.85000000e+02 4.00000000e+00 9.18632067e+01
 5.86000000e+02 4.00000000e+00 9.29022616e+01
 5.87000000e+02 4.00000000e+00 9.29413164e+01
 5.88000000e+02 4.00000000e+00 9.29803713e+01
 5.89000000e+02 4.00000000e+00 9.10194262e+01
 5.90000000e+02 4.00000000e+00 9.00584810e+01
 5.91000000e+02 4.00000000e+00 9.00975359e+01
 5.92000000e+02 4.00000000e+00 9.01365907e+01
 5.93000000e+02 4.00000000e+00 8.91756456e+01
 5.94000000e+02 4.00000000e+00 8.82147005e+01
 5.95000000e+02 4.00000000e+00 8.52537553e+01
 5.96000000e+02 4.00000000e+00 8.42928102e+01
 5.97000000e+02 4.00000000e+00 8.43318650e+01
 5.98000000e+02 4.00000000e+00 8.43709199e+01
 5.99000000e+02 4.00000000e+00 8.44099747e+01
 6.00000000e+02 4.00000000e+00 8.44490296e+01
 6.01000000e+02 4.00000000e+00 8.44880845e+01
 6.02000000e+02 4.00000000e+00 8.45271393e+01
 6.03000000e+02 4.00000000e+00 8.45661942e+01
 6.04000000e+02 4.00000000e+00 8.46052490e+01
 6.05000000e+02 4.00000000e+00 8.46443039e+01
 6.06000000e+02 4.00000000e+00 8.46833587e+01
 6.07000000e+02 4.00000000e+00 8.47224136e+01
 6.08000000e+02 4.00000000e+00 8.47614685e+01
 6.09000000e+02 4.00000000e+00 8.48005233e+01
 6.10000000e+02 4.00000000e+00 8.48395782e+01
 6.11000000e+02 4.00000000e+00 8.48786330e+01
 6.12000000e+02 4.00000000e+00 8.49176879e+01
 6.13000000e+02 4.00000000e+00 8.49567428e+01
 6.14000000e+02 4.00000000e+00 8.49957976e+01
 6.15000000e+02 4.00000000e+00 8.60348525e+01
 6.16000000e+02 4.00000000e+00 8.60739073e+01
 6.17000000e+02 4.00000000e+00 8.61129622e+01
 6.18000000e+02 4.00000000e+00 8.61520170e+01
 6.19000000e+02 4.00000000e+00 8.61910719e+01
 6.20000000e+02 4.00000000e+00 8.72301268e+01
 6.21000000e+02 4.00000000e+00 8.72691816e+01
 6.22000000e+02 4.00000000e+00 8.83082365e+01
 6.23000000e+02 4.00000000e+00 8.83472913e+01
 6.24000000e+02 4.00000000e+00 8.93863462e+01
 6.25000000e+02 4.00000000e+00 8.94254010e+01
 6.26000000e+02 4.00000000e+00 8.94644559e+01
 6.27000000e+02 4.00000000e+00 8.85035108e+01
 6.28000000e+02 4.00000000e+00 8.75425656e+01
 6.30000000e+02 4.00000000e+00 9.16206753e+01
 6.31000000e+02 4.00000000e+00 9.16597302e+01
 6.32000000e+02 4.00000000e+00 8.96987851e+01
 6.33000000e+02 4.00000000e+00 9.07378399e+01
 6.34000000e+02 4.00000000e+00 9.07768948e+01
 6.35000000e+02 4.00000000e+00 9.08159496e+01
 6.36000000e+02 4.00000000e+00 9.08550045e+01
 6.37000000e+02 4.00000000e+00 9.18940593e+01
 6.38000000e+02 4.00000000e+00 9.19331142e+01
 6.39000000e+02 4.00000000e+00 9.89721691e+01
 6.40000000e+02 4.00000000e+00 9.90112239e+01
 6.41000000e+02 4.00000000e+00 9.90502788e+01
 6.42000000e+02 4.00000000e+00 9.90893336e+01
 6.43000000e+02 4.00000000e+00 9.91283885e+01
 6.44000000e+02 4.00000000e+00 9.91674434e+01
 6.45000000e+02 4.00000000e+00 9.92064982e+01
 6.46000000e+02 4.00000000e+00 9.92455531e+01
 6.47000000e+02 4.00000000e+00 9.92846079e+01
 6.48000000e+02 4.00000000e+00 9.93236628e+01
 6.49000000e+02 4.00000000e+00 9.93627176e+01
 6.50000000e+02 4.00000000e+00 9.94017725e+01
 6.51000000e+02 4.00000000e+00 9.94408274e+01
 6.52000000e+02 4.00000000e+00 9.84798822e+01
 6.53000000e+02 4.00000000e+00 9.85189371e+01
 6.54000000e+02 4.00000000e+00 9.85579919e+01
 6.55000000e+02 4.00000000e+00 9.85970468e+01
 6.56000000e+02 4.00000000e+00 9.76361016e+01
 6.57000000e+02 4.00000000e+00 9.76751565e+01
 6.58000000e+02 4.00000000e+00 9.77142114e+01
 6.59000000e+02 4.00000000e+00 9.87532662e+01
 6.60000000e+02 4.00000000e+00 9.87923211e+01
 6.61000000e+02 4.00000000e+00 9.88313759e+01
 6.62000000e+02 4.00000000e+00 1.00870431e+02
 6.63000000e+02 4.00000000e+00 1.00909486e+02
 6.64000000e+02 4.00000000e+00 1.01948541e+02
 6.66000000e+02 4.00000000e+00 9.10266502e+01
 6.67000000e+02 4.00000000e+00 9.10657051e+01
 6.68000000e+02 4.00000000e+00 9.21047599e+01
 6.69000000e+02 4.00000000e+00 9.41438148e+01
 6.70000000e+02 4.00000000e+00 9.51828697e+01
 6.71000000e+02 4.00000000e+00 9.52219245e+01
 6.72000000e+02 4.00000000e+00 9.52609794e+01
 6.73000000e+02 4.00000000e+00 9.53000342e+01
 6.74000000e+02 4.00000000e+00 9.53390891e+01
 6.75000000e+02 4.00000000e+00 9.53781439e+01
 6.76000000e+02 4.00000000e+00 9.54171988e+01
 6.77000000e+02 4.00000000e+00 9.54562537e+01
 6.78000000e+02 4.00000000e+00 9.64953085e+01
 6.79000000e+02 4.00000000e+00 9.65343634e+01
 6.80000000e+02 4.00000000e+00 9.65734182e+01
 6.81000000e+02 4.00000000e+00 9.66124731e+01
 6.82000000e+02 4.00000000e+00 9.66515280e+01
 6.83000000e+02 4.00000000e+00 9.66905828e+01
 6.84000000e+02 4.00000000e+00 9.77296377e+01
 6.85000000e+02 4.00000000e+00 9.77686925e+01
 6.86000000e+02 4.00000000e+00 9.78077474e+01
 6.87000000e+02 4.00000000e+00 9.78468022e+01
 6.88000000e+02 4.00000000e+00 9.78858571e+01
 6.89000000e+02 4.00000000e+00 9.79249120e+01
 6.90000000e+02 4.00000000e+00 9.89639668e+01
 6.91000000e+02 4.00000000e+00 9.90030217e+01
 6.92000000e+02 4.00000000e+00 9.90420765e+01
 6.93000000e+02 4.00000000e+00 9.90811314e+01
 6.94000000e+02 4.00000000e+00 9.91201862e+01
 6.95000000e+02 4.00000000e+00 9.91592411e+01
 6.96000000e+02 4.00000000e+00 9.91982960e+01
 6.97000000e+02 4.00000000e+00 9.92373508e+01
 6.98000000e+02 4.00000000e+00 9.92764057e+01
 6.99000000e+02 4.00000000e+00 9.93154605e+01
 7.00000000e+02 4.00000000e+00 1.00354515e+02
