 2.00000000e+00 4.10000000e+01 7.02398794e+00
 3.00000000e+00 4.10000000e+01 7.05634158e+00
 4.00000000e+00 4.10000000e+01 7.08869522e+00
 5.00000000e+00 4.10000000e+01 7.12104885e+00
 6.00000000e+00 4.10000000e+01 6.15340249e+00
 7.00000000e+00 4.10000000e+01 6.18575613e+00
 8.00000000e+00 4.10000000e+01 6.21810977e+00
 9.00000000e+00 4.10000000e+01 6.25046340e+00
 1.00000000e+01 4.10000000e+01 6.28281704e+00
 1.10000000e+01 4.10000000e+01 6.31517068e+00
 1.20000000e+01 4.10000000e+01 6.34752432e+00
 1.30000000e+01 4.10000000e+01 6.37987795e+00
 1.40000000e+01 4.10000000e+01 6.41223159e+00
 1.50000000e+01 4.10000000e+01 6.44458523e+00
 1.60000000e+01 4.10000000e+01 6.47693886e+00
 1.70000000e+01 4.10000000e+01 6.50929250e+00
 1.80000000e+01 4.10000000e+01 6.54164614e+00
 1.90000000e+01 4.10000000e+01 6.57399978e+00
 2.00000000e+01 4.10000000e+01 6.60635341e+00
 2.10000000e+01 4.10000000e+01 6.63870705e+00
 2.20000000e+01 4.10000000e+01 6.67106069e+00
 2.30000000e+01 4.10000000e+01 6.70341432e+00
 2.40000000e+01 4.10000000e+01 5.73576796e+00
 2.50000000e+01 4.10000000e+01 5.76812160e+00
 2.60000000e+01 4.10000000e+01 6.80047524e+00
 2.70000000e+01 4.10000000e+01 6.83282887e+00
 2.80000000e+01 4.10000000e+01 5.86518251e+00
 2.90000000e+01 4.10000000e+01 5.89753615e+00
 3.00000000e+01 4.10000000e+01 5.92988978e+00
 3.10000000e+01 4.10000000e+01 5.96224342e+00
 3.20000000e+01 4.10000000e+01 5.99459706e+00
 3.30000000e+01 4.10000000e+01 6.02695070e+00
 3.40000000e+01 4.10000000e+01 6.05930433e+00
 3.50000000e+01 4.10000000e+01 6.09165797e+00
 3.60000000e+01 4.10000000e+01 6.12401161e+00
 3.70000000e+01 4.10000000e+01 6.15636525e+00
 3.80000000e+01 4.10000000e+01 6.18871888e+00
 3.90000000e+01 4.10000000e+01 6.22107252e+00
 4.00000000e+01 4.10000000e+01 6.25342616e+00
 4.10000000e+01 4.10000000e+01 6.28577979e+00
 4.20000000e+01 4.10000000e+01 6.31813343e+00
 4.30000000e+01 4.10000000e+01 6.35048707e+00
 4.40000000e+01 4.10000000e+01 5.38284071e+00
 4.50000000e+01 4.10000000e+01 5.41519434e+00
 4.60000000e+01 4.10000000e+01 6.44754798e+00
 4.70000000e+01 4.10000000e+01 5.47990162e+00
 4.80000000e+01 4.10000000e+01 5.51225525e+00
 4.90000000e+01 4.10000000e+01 5.54460889e+00
 5.00000000e+01 4.10000000e+01 5.57696253e+00
 5.10000000e+01 4.10000000e+01 5.60931617e+00
 5.20000000e+01 4.10000000e+01 5.64166980e+00
 5.30000000e+01 4.10000000e+01 6.67402344e+00
 5.40000000e+01 4.10000000e+01 5.70637708e+00
 5.50000000e+01 4.10000000e+01 5.73873072e+00
 5.60000000e+01 4.10000000e+01 5.77108435e+00
 5.70000000e+01 4.10000000e+01 5.80343799e+00
 5.80000000e+01 4.10000000e+01 5.83579163e+00
 5.90000000e+01 4.10000000e+01 5.86814526e+00
 6.00000000e+01 4.10000000e+01 5.90049890e+00
 6.10000000e+01 4.10000000e+01 5.93285254e+00
 6.20000000e+01 4.10000000e+01 4.96520618e+00
 6.30000000e+01 4.10000000e+01 4.99755981e+00
 6.40000000e+01 4.10000000e+01 5.02991345e+00
 6.50000000e+01 4.10000000e+01 5.06226709e+00
 6.60000000e+01 4.10000000e+01 5.09462072e+00
 6.70000000e+01 4.10000000e+01 5.12697436e+00
 6.80000000e+01 4.10000000e+01 5.15932800e+00
 6.90000000e+01 4.10000000e+01 5.19168164e+00
 7.00000000e+01 4.10000000e+01 5.22403527e+00
 7.10000000e+01 4.10000000e+01 5.25638891e+00
 7.20000000e+01 4.10000000e+01 5.28874255e+00
 7.30000000e+01 4.10000000e+01 5.32109618e+00
 7.40000000e+01 4.10000000e+01 5.35344982e+00
 7.50000000e+01 4.10000000e+01 5.38580346e+00
 7.60000000e+01 4.10000000e+01 5.41815710e+00
 7.70000000e+01 4.10000000e+01 5.45051073e+00
 7.80000000e+01 4.10000000e+01 5.48286437e+00
 7.90000000e+01 4.10000000e+01 5.51521801e+00
 8.00000000e+01 4.10000000e+01 5.54757165e+00
 8.10000000e+01 4.10000000e+01 5.57992528e+00
 8.20000000e+01 4.10000000e+01 5.61227892e+00
 8.30000000e+01 4.10000000e+01 5.64463256e+00
 8.40000000e+01 4.10000000e+01 5.67698619e+00
 8.50000000e+01 4.10000000e+01 4.70933983e+00
 8.60000000e+01 4.10000000e+01 4.74169347e+00
 8.70000000e+01 4.10000000e+01 4.77404711e+00
 8.80000000e+01 4.10000000e+01 4.80640074e+00
 8.90000000e+01 4.10000000e+01 4.83875438e+00
 9.00000000e+01 4.10000000e+01 4.87110802e+00
 9.10000000e+01 4.10000000e+01 4.90346165e+00
 9.20000000e+01 4.10000000e+01 4.93581529e+00
 9.30000000e+01 4.10000000e+01 4.96816893e+00
 9.40000000e+01 4.10000000e+01 5.00052257e+00
 9.50000000e+01 4.10000000e+01 5.03287620e+00
 9.60000000e+01 4.10000000e+01 5.06522984e+00
 9.70000000e+01 4.10000000e+01 5.09758348e+00
 9.80000000e+01 4.10000000e+01 5.12993712e+00
 9.90000000e+01 4.10000000e+01 5.16229075e+00
 1.00000000e+02 4.10000000e+01 5.19464439e+00
 1.01000000e+02 4.10000000e+01 4.22699803e+00
 1.02000000e+02 4.10000000e+01 4.25935166e+00
 1.03000000e+02 4.10000000e+01 4.29170530e+00
 1.04000000e+02 4.10000000e+01 4.32405894e+00
 1.05000000e+02 4.10000000e+01 4.35641258e+00
 1.06000000e+02 4.10000000e+01 4.38876621e+00
 1.07000000e+02 4.10000000e+01 4.42111985e+00
 1.08000000e+02 4.10000000e+01 4.45347349e+00
 1.09000000e+02 4.10000000e+01 4.48582712e+00
 1.10000000e+02 4.10000000e+01 4.51818076e+00
 1.11000000e+02 4.10000000e+01 4.55053440e+00
 1.12000000e+02 4.10000000e+01 4.58288804e+00
 1.13000000e+02 4.10000000e+01 4.61524167e+00
 1.14000000e+02 4.10000000e+01 4.64759531e+00
 1.15000000e+02 4.10000000e+01 4.67994895e+00
 1.16000000e+02 4.10000000e+01 4.71230258e+00
 1.17000000e+02 4.10000000e+01 4.74465622e+00
 1.18000000e+02 4.10000000e+01 4.77700986e+00
 1.19000000e+02 4.10000000e+01 4.80936350e+00
 1.20000000e+02 4.10000000e+01 4.84171713e+00
 1.21000000e+02 4.10000000e+01 4.87407077e+00
 1.22000000e+02 4.10000000e+01 4.90642441e+00
 1.23000000e+02 4.10000000e+01 4.93877805e+00
 1.24000000e+02 4.10000000e+01 4.97113168e+00
 1.25000000e+02 4.10000000e+01 5.00348532e+00
 1.26000000e+02 4.10000000e+01 5.03583896e+00
 1.27000000e+02 4.10000000e+01 5.06819259e+00
 1.28000000e+02 4.10000000e+01 4.10054623e+00
 1.29000000e+02 4.10000000e+01 4.13289987e+00
 1.30000000e+02 4.10000000e+01 4.16525351e+00
 1.31000000e+02 4.10000000e+01 4.19760714e+00
 1.32000000e+02 4.10000000e+01 4.22996078e+00
 1.33000000e+02 4.10000000e+01 4.26231442e+00
 1.34000000e+02 4.10000000e+01 4.29466805e+00
 1.35000000e+02 4.10000000e+01 4.32702169e+00
 1.36000000e+02 4.10000000e+01 4.35937533e+00
 1.37000000e+02 4.10000000e+01 4.39172897e+00
 1.38000000e+02 4.10000000e+01 4.42408260e+00
 1.39000000e+02 4.10000000e+01 4.45643624e+00
 1.40000000e+02 4.10000000e+01 4.48878988e+00
 1.41000000e+02 4.10000000e+01 4.52114351e+00
 1.42000000e+02 4.10000000e+01 4.55349715e+00
 1.43000000e+02 4.10000000e+01 4.58585079e+00
 1.44000000e+02 4.10000000e+01 4.61820443e+00
 1.45000000e+02 4.10000000e+01 4.65055806e+00
 1.46000000e+02 4.10000000e+01 4.68291170e+00
 1.47000000e+02 4.10000000e+01 4.71526534e+00
 1.48000000e+02 4.10000000e+01 3.74761898e+00
 1.49000000e+02 4.10000000e+01 4.77997261e+00
 1.50000000e+02 4.10000000e+01 4.81232625e+00
 1.51000000e+02 4.10000000e+01 3.84467989e+00
 1.52000000e+02 4.10000000e+01 3.87703352e+00
 1.53000000e+02 4.10000000e+01 3.90938716e+00
 1.71000000e+02 4.10000000e+01 -3.15082474e+01
 1.72000000e+02 4.10000000e+01 -3.24758937e+01
 1.73000000e+02 4.10000000e+01 -3.34435401e+01
 1.74000000e+02 4.10000000e+01 -3.44111865e+01
 1.75000000e+02 4.10000000e+01 -3.43788328e+01
 1.76000000e+02 4.10000000e+01 -3.53464792e+01
 1.77000000e+02 4.10000000e+01 -3.63141255e+01
 1.78000000e+02 4.10000000e+01 -3.72817719e+01
 1.79000000e+02 4.10000000e+01 -3.72494183e+01
 1.80000000e+02 4.10000000e+01 -3.82170646e+01
 1.81000000e+02 4.10000000e+01 -3.91847110e+01
 1.82000000e+02 4.10000000e+01 -4.01523574e+01
 1.83000000e+02 4.10000000e+01 -4.11200037e+01
 1.84000000e+02 4.10000000e+01 -4.10876501e+01
 1.85000000e+02 4.10000000e+01 -4.20552964e+01
 1.86000000e+02 4.10000000e+01 -4.20229428e+01
 1.87000000e+02 4.10000000e+01 -4.29905892e+01
 1.88000000e+02 4.10000000e+01 -4.39582355e+01
 1.89000000e+02 4.10000000e+01 -4.39258819e+01
 1.90000000e+02 4.10000000e+01 -4.48935283e+01
 1.91000000e+02 4.10000000e+01 -4.58611746e+01
 1.92000000e+02 4.10000000e+01 -4.58288210e+01
 1.93000000e+02 4.10000000e+01 -4.67964674e+01
 1.94000000e+02 4.10000000e+01 -4.67641137e+01
 1.95000000e+02 4.10000000e+01 -4.77317601e+01
 1.96000000e+02 4.10000000e+01 -4.76994064e+01
 1.97000000e+02 4.10000000e+01 -4.86670528e+01
 1.98000000e+02 4.10000000e+01 -4.86346992e+01
 1.99000000e+02 4.10000000e+01 -4.96023455e+01
 2.00000000e+02 4.10000000e+01 -4.95699919e+01
 2.01000000e+02 4.10000000e+01 -4.95376383e+01
 2.02000000e+02 4.10000000e+01 -5.05052846e+01
 2.03000000e+02 4.10000000e+01 -5.04729310e+01
 2.04000000e+02 4.10000000e+01 -5.14405773e+01
 2.05000000e+02 4.10000000e+01 -5.14082237e+01
 2.06000000e+02 4.10000000e+01 -5.13758701e+01
 2.07000000e+02 4.10000000e+01 -5.23435164e+01
 2.08000000e+02 4.10000000e+01 -5.23111628e+01
 2.09000000e+02 4.10000000e+01 -5.32788092e+01
 2.10000000e+02 4.10000000e+01 -5.42464555e+01
 2.11000000e+02 4.10000000e+01 -5.42141019e+01
 2.12000000e+02 4.10000000e+01 -5.41817482e+01
 2.13000000e+02 4.10000000e+01 -5.51493946e+01
 2.14000000e+02 4.10000000e+01 -5.51170410e+01
 2.15000000e+02 4.10000000e+01 -5.50846873e+01
 2.16000000e+02 4.10000000e+01 -5.60523337e+01
 2.17000000e+02 4.10000000e+01 -5.60199801e+01
 2.18000000e+02 4.10000000e+01 -5.59876264e+01
 2.19000000e+02 4.10000000e+01 -5.59552728e+01
 2.20000000e+02 4.10000000e+01 -5.79229191e+01
 2.21000000e+02 4.10000000e+01 -5.78905655e+01
 2.22000000e+02 4.10000000e+01 -5.78582119e+01
 2.23000000e+02 4.10000000e+01 -5.88258582e+01
 2.24000000e+02 4.10000000e+01 -5.87935046e+01
 2.25000000e+02 4.10000000e+01 -5.87611510e+01
 2.26000000e+02 4.10000000e+01 -5.87287973e+01
 2.27000000e+02 4.10000000e+01 -5.86964437e+01
 2.28000000e+02 4.10000000e+01 -5.96640900e+01
 2.29000000e+02 4.10000000e+01 -6.06317364e+01
 2.30000000e+02 4.10000000e+01 -6.05993828e+01
 2.31000000e+02 4.10000000e+01 -6.05670291e+01
 2.32000000e+02 4.10000000e+01 -6.05346755e+01
 2.33000000e+02 4.10000000e+01 -6.15023219e+01
 2.34000000e+02 4.10000000e+01 -6.14699682e+01
 2.35000000e+02 4.10000000e+01 -6.14376146e+01
 2.36000000e+02 4.10000000e+01 -6.14052610e+01
 2.37000000e+02 4.10000000e+01 -6.23729073e+01
 2.38000000e+02 4.10000000e+01 -6.23405537e+01
 2.39000000e+02 4.10000000e+01 -6.23082000e+01
 2.40000000e+02 4.10000000e+01 -6.32758464e+01
 2.41000000e+02 4.10000000e+01 -6.32434928e+01
 2.42000000e+02 4.10000000e+01 -6.32111391e+01
 2.43000000e+02 4.10000000e+01 -6.31787855e+01
 2.44000000e+02 4.10000000e+01 -6.41464319e+01
 2.45000000e+02 4.10000000e+01 -6.41140782e+01
 2.46000000e+02 4.10000000e+01 -6.40817246e+01
 2.47000000e+02 4.10000000e+01 -6.40493709e+01
 2.48000000e+02 4.10000000e+01 -6.40170173e+01
 2.49000000e+02 4.10000000e+01 -6.49846637e+01
 2.50000000e+02 4.10000000e+01 -6.49523100e+01
 2.51000000e+02 4.10000000e+01 -6.59199564e+01
 2.52000000e+02 4.10000000e+01 -6.58876028e+01
 2.53000000e+02 4.10000000e+01 -6.58552491e+01
 2.54000000e+02 4.10000000e+01 -6.58228955e+01
 2.55000000e+02 4.10000000e+01 -6.57905418e+01
 2.56000000e+02 4.10000000e+01 -6.67581882e+01
 2.57000000e+02 4.10000000e+01 -6.67258346e+01
 2.58000000e+02 4.10000000e+01 -6.66934809e+01
 2.59000000e+02 4.10000000e+01 -6.76611273e+01
 2.60000000e+02 4.10000000e+01 -6.66287737e+01
 2.61000000e+02 4.10000000e+01 -6.75964200e+01
 2.62000000e+02 4.10000000e+01 -6.65640664e+01
 2.63000000e+02 4.10000000e+01 -6.75317127e+01
 2.64000000e+02 4.10000000e+01 -6.74993591e+01
 2.65000000e+02 4.10000000e+01 -6.74670055e+01
 2.66000000e+02 4.10000000e+01 -6.74346518e+01
 2.67000000e+02 4.10000000e+01 -6.84022982e+01
 2.68000000e+02 4.10000000e+01 -6.83699446e+01
 2.69000000e+02 4.10000000e+01 -6.83375909e+01
 2.70000000e+02 4.10000000e+01 -6.93052373e+01
 2.71000000e+02 4.10000000e+01 -6.92728836e+01
 2.72000000e+02 4.10000000e+01 -6.92405300e+01
 2.73000000e+02 4.10000000e+01 -6.92081764e+01
 2.74000000e+02 4.10000000e+01 -6.91758227e+01
 2.75000000e+02 4.10000000e+01 -7.01434691e+01
 2.76000000e+02 4.10000000e+01 -7.01111155e+01
 2.77000000e+02 4.10000000e+01 -7.00787618e+01
 2.78000000e+02 4.10000000e+01 -7.00464082e+01
 2.79000000e+02 4.10000000e+01 -7.00140546e+01
 2.80000000e+02 4.10000000e+01 -6.99817009e+01
 2.81000000e+02 4.10000000e+01 -6.99493473e+01
 2.82000000e+02 4.10000000e+01 -6.99169936e+01
 2.83000000e+02 4.10000000e+01 -6.98846400e+01
 2.84000000e+02 4.10000000e+01 -6.98522864e+01
 2.85000000e+02 4.10000000e+01 -7.08199327e+01
 2.86000000e+02 4.10000000e+01 -7.07875791e+01
 2.87000000e+02 4.10000000e+01 -7.07552255e+01
 2.88000000e+02 4.10000000e+01 -7.17228718e+01
 2.89000000e+02 4.10000000e+01 -7.06905182e+01
 2.90000000e+02 4.10000000e+01 -7.16581645e+01
 2.91000000e+02 4.10000000e+01 -7.16258109e+01
 2.92000000e+02 4.10000000e+01 -7.15934573e+01
 2.93000000e+02 4.10000000e+01 -7.15611036e+01
 2.94000000e+02 4.10000000e+01 -7.15287500e+01
 2.95000000e+02 4.10000000e+01 -7.14963964e+01
 2.96000000e+02 4.10000000e+01 -7.14640427e+01
 2.97000000e+02 4.10000000e+01 -7.14316891e+01
 2.98000000e+02 4.10000000e+01 -7.23993354e+01
 2.99000000e+02 4.10000000e+01 -7.13669818e+01
 3.00000000e+02 4.10000000e+01 -7.23346282e+01
 3.01000000e+02 4.10000000e+01 -7.23022745e+01
 3.02000000e+02 4.10000000e+01 -7.22699209e+01
 3.03000000e+02 4.10000000e+01 -7.22375673e+01
 3.04000000e+02 4.10000000e+01 -7.22052136e+01
 3.05000000e+02 4.10000000e+01 -7.31728600e+01
 3.06000000e+02 4.10000000e+01 -7.31405063e+01
 3.07000000e+02 4.10000000e+01 -7.31081527e+01
 3.08000000e+02 4.10000000e+01 -7.30757991e+01
 3.09000000e+02 4.10000000e+01 -7.30434454e+01
 3.10000000e+02 4.10000000e+01 -7.30110918e+01
 3.11000000e+02 4.10000000e+01 -7.29787382e+01
 3.12000000e+02 4.10000000e+01 -7.29463845e+01
 3.13000000e+02 4.10000000e+01 -7.29140309e+01
 3.14000000e+02 4.10000000e+01 -7.28816772e+01
 3.15000000e+02 4.10000000e+01 -7.28493236e+01
 3.16000000e+02 4.10000000e+01 -7.28169700e+01
 3.17000000e+02 4.10000000e+01 -7.37846163e+01
 3.18000000e+02 4.10000000e+01 -7.37522627e+01
 3.19000000e+02 4.10000000e+01 -7.37199091e+01
 3.20000000e+02 4.10000000e+01 -7.36875554e+01
 3.21000000e+02 4.10000000e+01 -7.36552018e+01
 3.22000000e+02 4.10000000e+01 -7.36228482e+01
 3.23000000e+02 4.10000000e+01 -7.25904945e+01
 3.24000000e+02 4.10000000e+01 -7.25581409e+01
 3.25000000e+02 4.10000000e+01 -7.15257872e+01
 3.26000000e+02 4.10000000e+01 -7.24934336e+01
 3.27000000e+02 4.10000000e+01 -7.34610800e+01
 3.28000000e+02 4.10000000e+01 -7.34287263e+01
 3.29000000e+02 4.10000000e+01 -7.33963727e+01
 3.30000000e+02 4.10000000e+01 -7.33640191e+01
 3.31000000e+02 4.10000000e+01 -7.23316654e+01
 3.32000000e+02 4.10000000e+01 -7.12993118e+01
 3.33000000e+02 4.10000000e+01 -7.12669581e+01
 3.34000000e+02 4.10000000e+01 -7.22346045e+01
 3.35000000e+02 4.10000000e+01 -7.22022509e+01
 3.36000000e+02 4.10000000e+01 -7.41698972e+01
 3.37000000e+02 4.10000000e+01 -7.41375436e+01
 3.38000000e+02 4.10000000e+01 -7.41051900e+01
 3.39000000e+02 4.10000000e+01 -7.60728363e+01
 3.40000000e+02 4.10000000e+01 -7.60404827e+01
 3.41000000e+02 4.10000000e+01 -7.60081290e+01
 3.42000000e+02 4.10000000e+01 -7.59757754e+01
 3.43000000e+02 4.10000000e+01 -7.59434218e+01
 3.44000000e+02 4.10000000e+01 -7.49110681e+01
 3.45000000e+02 4.10000000e+01 -7.48787145e+01
 3.46000000e+02 4.10000000e+01 -7.48463609e+01
 3.47000000e+02 4.10000000e+01 -7.48140072e+01
 3.48000000e+02 4.10000000e+01 -7.47816536e+01
 3.49000000e+02 4.10000000e+01 -7.57492999e+01
 3.50000000e+02 4.10000000e+01 -7.57169463e+01
 3.51000000e+02 4.10000000e+01 -7.56845927e+01
 3.52000000e+02 4.10000000e+01 -7.56522390e+01
 3.53000000e+02 4.10000000e+01 -7.56198854e+01
 3.54000000e+02 4.10000000e+01 -7.55875318e+01
 3.55000000e+02 4.10000000e+01 -7.45551781e+01
 3.56000000e+02 4.10000000e+01 -7.45228245e+01
 3.57000000e+02 4.10000000e+01 -7.54904708e+01
 3.58000000e+02 4.10000000e+01 -7.54581172e+01
 3.59000000e+02 4.10000000e+01 -7.54257636e+01
 3.60000000e+02 4.10000000e+01 -7.63934099e+01
 3.61000000e+02 4.10000000e+01 -7.53610563e+01
 3.62000000e+02 4.10000000e+01 -7.53287027e+01
 3.63000000e+02 4.10000000e+01 -7.52963490e+01
 3.64000000e+02 4.10000000e+01 -7.42639954e+01
 3.65000000e+02 4.10000000e+01 -7.42316418e+01
 3.66000000e+02 4.10000000e+01 -7.31992881e+01
 3.67000000e+02 4.10000000e+01 -7.21669345e+01
 3.68000000e+02 4.10000000e+01 -7.31345808e+01
 3.69000000e+02 4.10000000e+01 -7.41022272e+01
 3.70000000e+02 4.10000000e+01 -7.40698736e+01
 3.71000000e+02 4.10000000e+01 -7.30375199e+01
 3.72000000e+02 4.10000000e+01 -7.30051663e+01
 3.73000000e+02 4.10000000e+01 -7.29728127e+01
 3.74000000e+02 4.10000000e+01 -7.29404590e+01
 3.75000000e+02 4.10000000e+01 -7.29081054e+01
 3.76000000e+02 4.10000000e+01 -7.28757517e+01
 3.77000000e+02 4.10000000e+01 -7.28433981e+01
 3.78000000e+02 4.10000000e+01 -7.18110445e+01
 3.79000000e+02 4.10000000e+01 -7.17786908e+01
 3.80000000e+02 4.10000000e+01 -7.17463372e+01
 3.81000000e+02 4.10000000e+01 -7.17139836e+01
 3.82000000e+02 4.10000000e+01 -7.16816299e+01
 3.83000000e+02 4.10000000e+01 -7.16492763e+01
 3.84000000e+02 4.10000000e+01 -7.26169226e+01
 3.85000000e+02 4.10000000e+01 -7.25845690e+01
 3.86000000e+02 4.10000000e+01 -7.25522154e+01
 3.87000000e+02 4.10000000e+01 -7.25198617e+01
 3.88000000e+02 4.10000000e+01 -7.04875081e+01
 3.89000000e+02 4.10000000e+01 -7.04551545e+01
 3.90000000e+02 4.10000000e+01 -7.04228008e+01
 3.91000000e+02 4.10000000e+01 -6.93904472e+01
 3.92000000e+02 4.10000000e+01 -6.93580935e+01
 3.93000000e+02 4.10000000e+01 -6.93257399e+01
 3.94000000e+02 4.10000000e+01 -6.92933863e+01
 3.95000000e+02 4.10000000e+01 -6.92610326e+01
 3.96000000e+02 4.10000000e+01 -6.92286790e+01
 3.97000000e+02 4.10000000e+01 -6.91963254e+01
 3.98000000e+02 4.10000000e+01 -6.91639717e+01
 3.99000000e+02 4.10000000e+01 -6.91316181e+01
 4.00000000e+02 4.10000000e+01 -6.90992644e+01
 4.01000000e+02 4.10000000e+01 -6.80669108e+01
 4.02000000e+02 4.10000000e+01 -6.90345572e+01
 4.03000000e+02 4.10000000e+01 -7.00022035e+01
 4.04000000e+02 4.10000000e+01 -6.99698499e+01
 4.05000000e+02 4.10000000e+01 -6.89374963e+01
 4.06000000e+02 4.10000000e+01 -6.89051426e+01
 4.07000000e+02 4.10000000e+01 -6.78727890e+01
 4.08000000e+02 4.10000000e+01 -6.78404354e+01
 4.09000000e+02 4.10000000e+01 -6.88080817e+01
 4.10000000e+02 4.10000000e+01 -6.87757281e+01
 4.11000000e+02 4.10000000e+01 -6.87433744e+01
 4.12000000e+02 4.10000000e+01 -6.87110208e+01
 4.13000000e+02 4.10000000e+01 -6.86786672e+01
 4.14000000e+02 4.10000000e+01 -6.86463135e+01
 4.15000000e+02 4.10000000e+01 -6.86139599e+01
 4.16000000e+02 4.10000000e+01 -6.85816063e+01
 4.17000000e+02 4.10000000e+01 -6.75492526e+01
 4.18000000e+02 4.10000000e+01 -6.75168990e+01
 4.19000000e+02 4.10000000e+01 -6.74845453e+01
 4.20000000e+02 4.10000000e+01 -6.74521917e+01
 4.21000000e+02 4.10000000e+01 -6.64198381e+01
 4.22000000e+02 4.10000000e+01 -6.63874844e+01
 4.23000000e+02 4.10000000e+01 -6.63551308e+01
 4.24000000e+02 4.10000000e+01 -6.63227772e+01
 4.25000000e+02 4.10000000e+01 -6.62904235e+01
 4.26000000e+02 4.10000000e+01 -6.62580699e+01
 4.27000000e+02 4.10000000e+01 -6.62257162e+01
 4.28000000e+02 4.10000000e+01 -6.51933626e+01
 4.29000000e+02 4.10000000e+01 -6.51610090e+01
 4.30000000e+02 4.10000000e+01 -6.51286553e+01
 4.31000000e+02 4.10000000e+01 -6.50963017e+01
 4.32000000e+02 4.10000000e+01 -6.50639481e+01
 4.33000000e+02 4.10000000e+01 -6.50315944e+01
 4.34000000e+02 4.10000000e+01 -6.49992408e+01
 4.35000000e+02 4.10000000e+01 -6.49668871e+01
 4.36000000e+02 4.10000000e+01 -6.49345335e+01
 4.37000000e+02 4.10000000e+01 -6.49021799e+01
 4.38000000e+02 4.10000000e+01 -6.48698262e+01
 4.39000000e+02 4.10000000e+01 -6.48374726e+01
 4.40000000e+02 4.10000000e+01 -6.28051190e+01
 4.41000000e+02 4.10000000e+01 -6.27727653e+01
 4.42000000e+02 4.10000000e+01 -6.17404117e+01
 4.43000000e+02 4.10000000e+01 -6.17080580e+01
 4.44000000e+02 4.10000000e+01 -6.16757044e+01
 4.45000000e+02 4.10000000e+01 -6.16433508e+01
 4.46000000e+02 4.10000000e+01 -6.16109971e+01
 4.47000000e+02 4.10000000e+01 -6.15786435e+01
 4.48000000e+02 4.10000000e+01 -6.05462899e+01
 4.49000000e+02 4.10000000e+01 -6.05139362e+01
 4.50000000e+02 4.10000000e+01 -6.04815826e+01
 4.51000000e+02 4.10000000e+01 -6.04492290e+01
 4.52000000e+02 4.10000000e+01 -6.04168753e+01
 4.53000000e+02 4.10000000e+01 -6.03845217e+01
 4.54000000e+02 4.10000000e+01 -5.93521680e+01
 4.55000000e+02 4.10000000e+01 -5.93198144e+01
 4.56000000e+02 4.10000000e+01 -5.92874608e+01
 4.57000000e+02 4.10000000e+01 -5.92551071e+01
 4.58000000e+02 4.10000000e+01 -5.92227535e+01
 4.59000000e+02 4.10000000e+01 -5.81903999e+01
 4.60000000e+02 4.10000000e+01 -5.81580462e+01
 4.61000000e+02 4.10000000e+01 -5.71256926e+01
 4.62000000e+02 4.10000000e+01 -5.70933389e+01
 4.63000000e+02 4.10000000e+01 -5.70609853e+01
 4.64000000e+02 4.10000000e+01 -5.70286317e+01
 4.65000000e+02 4.10000000e+01 -5.69962780e+01
 4.66000000e+02 4.10000000e+01 -5.79639244e+01
 4.67000000e+02 4.10000000e+01 -5.79315708e+01
 4.68000000e+02 4.10000000e+01 -5.78992171e+01
 4.69000000e+02 4.10000000e+01 -5.78668635e+01
 4.70000000e+02 4.10000000e+01 -5.78345098e+01
 4.71000000e+02 4.10000000e+01 -5.78021562e+01
 4.72000000e+02 4.10000000e+01 -5.67698026e+01
 4.73000000e+02 4.10000000e+01 -5.57374489e+01
 4.74000000e+02 4.10000000e+01 -5.47050953e+01
 4.75000000e+02 4.10000000e+01 -5.46727417e+01
 4.76000000e+02 4.10000000e+01 -5.46403880e+01
 4.77000000e+02 4.10000000e+01 -5.46080344e+01
 4.78000000e+02 4.10000000e+01 -5.35756807e+01
 4.79000000e+02 4.10000000e+01 -5.25433271e+01
 4.80000000e+02 4.10000000e+01 -5.25109735e+01
 4.81000000e+02 4.10000000e+01 -5.24786198e+01
 4.82000000e+02 4.10000000e+01 -5.24462662e+01
 4.83000000e+02 4.10000000e+01 -5.14139126e+01
 4.84000000e+02 4.10000000e+01 -5.13815589e+01
 4.85000000e+02 4.10000000e+01 -5.03492053e+01
 4.86000000e+02 4.10000000e+01 -5.03168516e+01
 4.87000000e+02 4.10000000e+01 -4.92844980e+01
 4.88000000e+02 4.10000000e+01 -4.82521444e+01
 4.89000000e+02 4.10000000e+01 -4.82197907e+01
 4.90000000e+02 4.10000000e+01 -4.81874371e+01
 4.91000000e+02 4.10000000e+01 -4.81550835e+01
 4.92000000e+02 4.10000000e+01 -4.71227298e+01
 4.93000000e+02 4.10000000e+01 -4.70903762e+01
 4.94000000e+02 4.10000000e+01 -4.70580226e+01
 4.95000000e+02 4.10000000e+01 -4.60256689e+01
 4.96000000e+02 4.10000000e+01 -4.59933153e+01
 4.97000000e+02 4.10000000e+01 -4.59609616e+01
 4.98000000e+02 4.10000000e+01 -4.49286080e+01
 4.99000000e+02 4.10000000e+01 -4.38962544e+01
 5.00000000e+02 4.10000000e+01 -4.28639007e+01
 5.01000000e+02 4.10000000e+01 -4.28315471e+01
 5.02000000e+02 4.10000000e+01 -4.27991935e+01
 5.03000000e+02 4.10000000e+01 -4.17668398e+01
 5.04000000e+02 4.10000000e+01 -4.07344862e+01
 5.05000000e+02 4.10000000e+01 -4.07021325e+01
 5.06000000e+02 4.10000000e+01 -4.06697789e+01
 5.07000000e+02 4.10000000e+01 -3.96374253e+01
 5.08000000e+02 4.10000000e+01 -3.96050716e+01
 5.09000000e+02 4.10000000e+01 -3.75727180e+01
 5.10000000e+02 4.10000000e+01 -3.75403644e+01
 5.11000000e+02 4.10000000e+01 -3.65080107e+01
 5.12000000e+02 4.10000000e+01 -3.64756571e+01
 5.13000000e+02 4.10000000e+01 -3.54433034e+01
 5.14000000e+02 4.10000000e+01 -3.44109498e+01
 5.15000000e+02 4.10000000e+01 -3.43785962e+01
 5.16000000e+02 4.10000000e+01 -3.33462425e+01
 5.17000000e+02 4.10000000e+01 -3.23138889e+01
 5.18000000e+02 4.10000000e+01 -3.12815353e+01
 5.19000000e+02 4.10000000e+01 -3.12491816e+01
 5.20000000e+02 4.10000000e+01 -3.02168280e+01
 5.21000000e+02 4.10000000e+01 -2.91844743e+01
 5.22000000e+02 4.10000000e+01 -2.81521207e+01
 5.23000000e+02 4.10000000e+01 -2.71197671e+01
 5.24000000e+02 4.10000000e+01 -2.60874134e+01
 5.25000000e+02 4.10000000e+01 -2.50550598e+01
 5.26000000e+02 4.10000000e+01 -2.30227062e+01
 5.27000000e+02 4.10000000e+01 -2.19903525e+01
 5.37000000e+02 4.10000000e+01 3.33183849e-01
 5.38000000e+02 4.10000000e+01 -6.34462514e-01
 5.39000000e+02 4.10000000e+01 3.97891124e-01
 5.40000000e+02 4.10000000e+01 4.30244761e-01
 5.41000000e+02 4.10000000e+01 4.62598398e-01
 5.42000000e+02 4.10000000e+01 4.94952035e-01
 5.43000000e+02 4.10000000e+01 5.27305672e-01
 5.44000000e+02 4.10000000e+01 5.59659310e-01
 5.45000000e+02 4.10000000e+01 5.92012947e-01
 5.46000000e+02 4.10000000e+01 6.24366584e-01
 5.47000000e+02 4.10000000e+01 1.65672022e+00
 5.48000000e+02 4.10000000e+01 1.68907386e+00
 5.49000000e+02 4.10000000e+01 1.72142750e+00
 5.50000000e+02 4.10000000e+01 7.53781133e-01
 5.51000000e+02 4.10000000e+01 7.86134770e-01
 5.52000000e+02 4.10000000e+01 1.81848841e+00
 5.53000000e+02 4.10000000e+01 8.50842044e-01
 5.54000000e+02 4.10000000e+01 8.83195682e-01
 5.55000000e+02 4.10000000e+01 9.15549319e-01
 5.56000000e+02 4.10000000e+01 9.47902956e-01
 5.57000000e+02 4.10000000e+01 9.80256593e-01
 5.58000000e+02 4.10000000e+01 1.01261023e+00
 5.59000000e+02 4.10000000e+01 1.04496387e+00
 5.60000000e+02 4.10000000e+01 1.07731750e+00
 5.61000000e+02 4.10000000e+01 1.10967114e+00
 5.62000000e+02 4.10000000e+01 1.14202478e+00
 5.63000000e+02 4.10000000e+01 1.17437842e+00
 5.64000000e+02 4.10000000e+01 1.20673205e+00
 5.65000000e+02 4.10000000e+01 1.23908569e+00
 5.66000000e+02 4.10000000e+01 1.27143933e+00
 5.67000000e+02 4.10000000e+01 1.30379297e+00
 5.68000000e+02 4.10000000e+01 1.33614660e+00
 5.69000000e+02 4.10000000e+01 3.68500240e-01
 5.70000000e+02 4.10000000e+01 4.00853877e-01
 5.71000000e+02 4.10000000e+01 4.33207514e-01
 5.72000000e+02 4.10000000e+01 4.65561151e-01
 5.73000000e+02 4.10000000e+01 1.49791479e+00
 5.74000000e+02 4.10000000e+01 5.30268426e-01
 5.75000000e+02 4.10000000e+01 -4.37377937e-01
 5.76000000e+02 4.10000000e+01 5.94975700e-01
 5.77000000e+02 4.10000000e+01 6.27329337e-01
 5.78000000e+02 4.10000000e+01 6.59682975e-01
 5.79000000e+02 4.10000000e+01 6.92036612e-01
 5.80000000e+02 4.10000000e+01 7.24390249e-01
 5.81000000e+02 4.10000000e+01 7.56743886e-01
 5.82000000e+02 4.10000000e+01 7.89097523e-01
 5.83000000e+02 4.10000000e+01 8.21451161e-01
 5.84000000e+02 4.10000000e+01 8.53804798e-01
 5.85000000e+02 4.10000000e+01 8.86158435e-01
 5.86000000e+02 4.10000000e+01 9.18512072e-01
 5.87000000e+02 4.10000000e+01 -4.91342905e-02
 5.88000000e+02 4.10000000e+01 -1.67806533e-02
 5.89000000e+02 4.10000000e+01 1.01557298e+00
 5.90000000e+02 4.10000000e+01 4.79266211e-02
 5.91000000e+02 4.10000000e+01 8.02802583e-02
 5.92000000e+02 4.10000000e+01 1.12633896e-01
 5.93000000e+02 4.10000000e+01 1.44987533e-01
 5.94000000e+02 4.10000000e+01 1.77341170e-01
 5.95000000e+02 4.10000000e+01 2.09694807e-01
 5.96000000e+02 4.10000000e+01 1.24204844e+00
 5.97000000e+02 4.10000000e+01 1.27440208e+00
 5.98000000e+02 4.10000000e+01 3.06755719e-01
 5.99000000e+02 4.10000000e+01 3.39109356e-01
 6.00000000e+02 4.10000000e+01 3.71462993e-01
 6.01000000e+02 4.10000000e+01 4.03816630e-01
 6.02000000e+02 4.10000000e+01 4.36170268e-01
 6.03000000e+02 4.10000000e+01 4.68523905e-01
 6.04000000e+02 4.10000000e+01 5.00877542e-01
 6.05000000e+02 4.10000000e+01 5.33231179e-01
 6.06000000e+02 4.10000000e+01 -4.34415184e-01
 6.07000000e+02 4.10000000e+01 -4.02061546e-01
 6.08000000e+02 4.10000000e+01 -3.69707909e-01
 6.09000000e+02 4.10000000e+01 -3.37354272e-01
 6.10000000e+02 4.10000000e+01 6.94999365e-01
 6.11000000e+02 4.10000000e+01 -2.72646998e-01
 6.12000000e+02 4.10000000e+01 -2.40293360e-01
 6.13000000e+02 4.10000000e+01 7.92060277e-01
 6.14000000e+02 4.10000000e+01 -1.75586086e-01
 6.15000000e+02 4.10000000e+01 -1.43232449e-01
 6.16000000e+02 4.10000000e+01 -1.10878811e-01
 6.17000000e+02 4.10000000e+01 -7.85251743e-02
 6.18000000e+02 4.10000000e+01 -4.61715371e-02
 6.19000000e+02 4.10000000e+01 -1.38178999e-02
 6.20000000e+02 4.10000000e+01 1.85357374e-02
 6.21000000e+02 4.10000000e+01 5.08893746e-02
 6.22000000e+02 4.10000000e+01 8.32430118e-02
 6.23000000e+02 4.10000000e+01 1.15596649e-01
 6.24000000e+02 4.10000000e+01 1.47950286e-01
 6.25000000e+02 4.10000000e+01 1.80303923e-01
 6.26000000e+02 4.10000000e+01 2.12657561e-01
 6.27000000e+02 4.10000000e+01 -7.54988802e-01
 6.28000000e+02 4.10000000e+01 2.77364835e-01
 6.29000000e+02 4.10000000e+01 3.09718472e-01
 6.30000000e+02 4.10000000e+01 3.42072109e-01
 6.31000000e+02 4.10000000e+01 3.74425747e-01
 6.32000000e+02 4.10000000e+01 4.06779384e-01
 6.33000000e+02 4.10000000e+01 4.39133021e-01
 6.34000000e+02 4.10000000e+01 4.71486658e-01
 6.35000000e+02 4.10000000e+01 5.03840295e-01
 6.36000000e+02 4.10000000e+01 -4.63806067e-01
 6.37000000e+02 4.10000000e+01 5.68547570e-01
 6.38000000e+02 4.10000000e+01 6.00901207e-01
 6.39000000e+02 4.10000000e+01 6.33254844e-01
 6.40000000e+02 4.10000000e+01 6.65608482e-01
 6.41000000e+02 4.10000000e+01 6.97962119e-01
 6.42000000e+02 4.10000000e+01 -2.69684244e-01
 6.43000000e+02 4.10000000e+01 -2.37330607e-01
 6.44000000e+02 4.10000000e+01 -2.04976970e-01
 6.45000000e+02 4.10000000e+01 8.27376668e-01
 6.46000000e+02 4.10000000e+01 -1.40269695e-01
 6.47000000e+02 4.10000000e+01 -1.07916058e-01
 6.48000000e+02 4.10000000e+01 -7.55624208e-02
 6.49000000e+02 4.10000000e+01 -4.32087836e-02
 6.50000000e+02 4.10000000e+01 -1.08551464e-02
 6.51000000e+02 4.10000000e+01 2.14984908e-02
 6.52000000e+02 4.10000000e+01 5.38521280e-02
 6.53000000e+02 4.10000000e+01 8.62057652e-02
 6.54000000e+02 4.10000000e+01 1.18559402e-01
 6.55000000e+02 4.10000000e+01 1.50913040e-01
 6.56000000e+02 4.10000000e+01 1.83266677e-01
 6.57000000e+02 4.10000000e+01 2.15620314e-01
 6.58000000e+02 4.10000000e+01 2.47973951e-01
 6.59000000e+02 4.10000000e+01 2.80327588e-01
 6.60000000e+02 4.10000000e+01 3.12681226e-01
 6.61000000e+02 4.10000000e+01 3.45034863e-01
 6.62000000e+02 4.10000000e+01 3.77388500e-01
 6.63000000e+02 4.10000000e+01 4.09742137e-01
 6.64000000e+02 4.10000000e+01 4.42095774e-01
 6.65000000e+02 4.10000000e+01 4.74449412e-01
 6.66000000e+02 4.10000000e+01 5.06803049e-01
 6.67000000e+02 4.10000000e+01 5.39156686e-01
 6.68000000e+02 4.10000000e+01 5.71510323e-01
 6.69000000e+02 4.10000000e+01 6.03863961e-01
 6.70000000e+02 4.10000000e+01 6.36217598e-01
 6.71000000e+02 4.10000000e+01 6.68571235e-01
 6.72000000e+02 4.10000000e+01 7.00924872e-01
 6.73000000e+02 4.10000000e+01 7.33278509e-01
 6.74000000e+02 4.10000000e+01 -2.34367853e-01
 6.75000000e+02 4.10000000e+01 -2.02014216e-01
 6.76000000e+02 4.10000000e+01 -1.69660579e-01
 6.77000000e+02 4.10000000e+01 -1.37306942e-01
 6.78000000e+02 4.10000000e+01 -1.04953305e-01
 6.79000000e+02 4.10000000e+01 -7.25996674e-02
 6.80000000e+02 4.10000000e+01 -4.02460302e-02
 6.81000000e+02 4.10000000e+01 -7.89239298e-03
 6.82000000e+02 4.10000000e+01 1.02446124e+00
 6.83000000e+02 4.10000000e+01 1.05681488e+00
 6.84000000e+02 4.10000000e+01 8.91685186e-02
 6.85000000e+02 4.10000000e+01 1.21522156e-01
 6.86000000e+02 4.10000000e+01 1.53875793e-01
 6.87000000e+02 4.10000000e+01 1.86229430e-01
 6.88000000e+02 4.10000000e+01 2.18583067e-01
 6.89000000e+02 4.10000000e+01 2.50936705e-01
 6.90000000e+02 4.10000000e+01 2.83290342e-01
 6.91000000e+02 4.10000000e+01 3.15643979e-01
 6.92000000e+02 4.10000000e+01 3.47997616e-01
 6.93000000e+02 4.10000000e+01 3.80351254e-01
 6.94000000e+02 4.10000000e+01 4.12704891e-01
 6.95000000e+02 4.10000000e+01 -5.54941472e-01
 6.96000000e+02 4.10000000e+01 -5.22587835e-01
 6.97000000e+02 4.10000000e+01 5.09765802e-01
 6.98000000e+02 4.10000000e+01 -4.57880560e-01
 6.99000000e+02 4.10000000e+01 -4.25526923e-01
