 2.75000000e+02 1.60000000e+01 5.26747657e+01
 2.76000000e+02 1.60000000e+01 5.26383227e+01
 2.77000000e+02 1.60000000e+01 5.26018796e+01
 2.78000000e+02 1.60000000e+01 5.25654365e+01
 2.79000000e+02 1.60000000e+01 5.25289934e+01
 2.80000000e+02 1.60000000e+01 5.24925503e+01
 2.81000000e+02 1.60000000e+01 5.24561072e+01
 2.82000000e+02 1.60000000e+01 5.34196641e+01
 2.83000000e+02 1.60000000e+01 5.33832211e+01
 2.84000000e+02 1.60000000e+01 5.33467780e+01
 2.85000000e+02 1.60000000e+01 5.33103349e+01
 2.86000000e+02 1.60000000e+01 5.42738918e+01
 2.87000000e+02 1.60000000e+01 5.42374487e+01
 2.88000000e+02 1.60000000e+01 5.32010056e+01
 2.89000000e+02 1.60000000e+01 5.31645625e+01
 2.90000000e+02 1.60000000e+01 5.31281195e+01
 2.91000000e+02 1.60000000e+01 5.20916764e+01
 2.92000000e+02 1.60000000e+01 5.20552333e+01
 2.93000000e+02 1.60000000e+01 5.30187902e+01
 2.94000000e+02 1.60000000e+01 5.19823471e+01
 2.95000000e+02 1.60000000e+01 5.29459040e+01
 2.96000000e+02 1.60000000e+01 5.29094609e+01
 2.97000000e+02 1.60000000e+01 5.28730178e+01
 2.98000000e+02 1.60000000e+01 5.28365748e+01
 2.99000000e+02 1.60000000e+01 5.28001317e+01
 3.00000000e+02 1.60000000e+01 5.27636886e+01
 3.01000000e+02 1.60000000e+01 5.27272455e+01
 3.02000000e+02 1.60000000e+01 5.26908024e+01
 3.03000000e+02 1.60000000e+01 5.26543593e+01
 3.04000000e+02 1.60000000e+01 5.26179162e+01
 3.05000000e+02 1.60000000e+01 5.25814732e+01
 3.06000000e+02 1.60000000e+01 5.25450301e+01
 3.07000000e+02 1.60000000e+01 5.25085870e+01
 3.08000000e+02 1.60000000e+01 5.24721439e+01
 3.09000000e+02 1.60000000e+01 5.24357008e+01
 3.10000000e+02 1.60000000e+01 5.23992577e+01
 3.11000000e+02 1.60000000e+01 5.23628146e+01
 3.12000000e+02 1.60000000e+01 5.23263716e+01
 3.13000000e+02 1.60000000e+01 5.22899285e+01
 3.14000000e+02 1.60000000e+01 5.22534854e+01
 3.15000000e+02 1.60000000e+01 5.22170423e+01
 3.16000000e+02 1.60000000e+01 5.21805992e+01
 3.17000000e+02 1.60000000e+01 5.21441561e+01
 3.18000000e+02 1.60000000e+01 5.21077130e+01
 3.19000000e+02 1.60000000e+01 5.20712700e+01
 3.20000000e+02 1.60000000e+01 5.20348269e+01
 3.21000000e+02 1.60000000e+01 5.19983838e+01
 3.22000000e+02 1.60000000e+01 5.19619407e+01
 3.23000000e+02 1.60000000e+01 5.09254976e+01
 3.24000000e+02 1.60000000e+01 5.08890545e+01
 3.25000000e+02 1.60000000e+01 5.08526114e+01
 3.26000000e+02 1.60000000e+01 5.08161684e+01
 3.27000000e+02 1.60000000e+01 5.07797253e+01
 3.28000000e+02 1.60000000e+01 5.07432822e+01
 3.29000000e+02 1.60000000e+01 5.17068391e+01
 3.30000000e+02 1.60000000e+01 5.16703960e+01
 3.31000000e+02 1.60000000e+01 5.16339529e+01
 3.32000000e+02 1.60000000e+01 5.15975098e+01
 3.33000000e+02 1.60000000e+01 5.05610668e+01
 3.34000000e+02 1.60000000e+01 5.05246237e+01
 3.35000000e+02 1.60000000e+01 5.04881806e+01
 3.36000000e+02 1.60000000e+01 5.04517375e+01
 3.37000000e+02 1.60000000e+01 5.04152944e+01
 3.38000000e+02 1.60000000e+01 5.03788513e+01
 3.39000000e+02 1.60000000e+01 5.03424082e+01
 3.40000000e+02 1.60000000e+01 5.03059652e+01
 3.41000000e+02 1.60000000e+01 5.12695221e+01
 3.42000000e+02 1.60000000e+01 5.12330790e+01
 3.43000000e+02 1.60000000e+01 5.01966359e+01
 3.44000000e+02 1.60000000e+01 5.01601928e+01
 3.45000000e+02 1.60000000e+01 5.01237497e+01
 3.46000000e+02 1.60000000e+01 5.00873066e+01
 3.47000000e+02 1.60000000e+01 5.00508636e+01
 3.48000000e+02 1.60000000e+01 5.10144205e+01
 3.49000000e+02 1.60000000e+01 5.09779774e+01
 3.50000000e+02 1.60000000e+01 5.09415343e+01
 3.51000000e+02 1.60000000e+01 5.09050912e+01
 3.52000000e+02 1.60000000e+01 5.08686481e+01
 3.53000000e+02 1.60000000e+01 5.08322050e+01
 3.54000000e+02 1.60000000e+01 5.07957620e+01
 3.55000000e+02 1.60000000e+01 5.07593189e+01
 3.56000000e+02 1.60000000e+01 5.07228758e+01
 3.57000000e+02 1.60000000e+01 5.06864327e+01
 3.58000000e+02 1.60000000e+01 5.06499896e+01
 3.59000000e+02 1.60000000e+01 4.96135465e+01
 3.60000000e+02 1.60000000e+01 5.05771034e+01
 3.61000000e+02 1.60000000e+01 5.05406604e+01
 3.62000000e+02 1.60000000e+01 5.05042173e+01
 3.63000000e+02 1.60000000e+01 4.94677742e+01
 3.64000000e+02 1.60000000e+01 4.94313311e+01
 3.65000000e+02 1.60000000e+01 4.93948880e+01
 3.66000000e+02 1.60000000e+01 4.93584449e+01
 3.67000000e+02 1.60000000e+01 4.93220018e+01
 3.68000000e+02 1.60000000e+01 5.02855587e+01
 3.69000000e+02 1.60000000e+01 5.02491157e+01
 3.70000000e+02 1.60000000e+01 4.92126726e+01
 3.71000000e+02 1.60000000e+01 4.91762295e+01
 3.72000000e+02 1.60000000e+01 5.01397864e+01
 3.73000000e+02 1.60000000e+01 5.01033433e+01
 3.74000000e+02 1.60000000e+01 5.00669002e+01
 3.75000000e+02 1.60000000e+01 5.00304571e+01
 3.76000000e+02 1.60000000e+01 4.89940141e+01
 3.77000000e+02 1.60000000e+01 4.89575710e+01
 3.78000000e+02 1.60000000e+01 4.89211279e+01
 3.79000000e+02 1.60000000e+01 4.98846848e+01
 3.80000000e+02 1.60000000e+01 4.98482417e+01
 3.81000000e+02 1.60000000e+01 4.88117986e+01
 3.82000000e+02 1.60000000e+01 4.87753555e+01
 3.83000000e+02 1.60000000e+01 4.87389125e+01
 3.84000000e+02 1.60000000e+01 4.87024694e+01
 3.85000000e+02 1.60000000e+01 4.86660263e+01
 3.86000000e+02 1.60000000e+01 4.86295832e+01
 3.87000000e+02 1.60000000e+01 4.85931401e+01
 3.88000000e+02 1.60000000e+01 4.85566970e+01
 3.89000000e+02 1.60000000e+01 4.85202539e+01
 3.90000000e+02 1.60000000e+01 4.84838109e+01
 3.91000000e+02 1.60000000e+01 4.84473678e+01
 3.92000000e+02 1.60000000e+01 4.84109247e+01
 3.93000000e+02 1.60000000e+01 4.83744816e+01
 3.94000000e+02 1.60000000e+01 4.83380385e+01
 3.95000000e+02 1.60000000e+01 4.83015954e+01
 3.96000000e+02 1.60000000e+01 4.82651523e+01
 3.97000000e+02 1.60000000e+01 4.82287093e+01
 3.98000000e+02 1.60000000e+01 4.81922662e+01
 3.99000000e+02 1.60000000e+01 4.81558231e+01
 4.00000000e+02 1.60000000e+01 4.81193800e+01
 4.01000000e+02 1.60000000e+01 4.80829369e+01
 4.02000000e+02 1.60000000e+01 4.90464938e+01
 4.03000000e+02 1.60000000e+01 4.80100507e+01
 4.04000000e+02 1.60000000e+01 4.79736077e+01
 4.05000000e+02 1.60000000e+01 4.79371646e+01
 4.06000000e+02 1.60000000e+01 4.79007215e+01
 4.07000000e+02 1.60000000e+01 4.78642784e+01
 4.08000000e+02 1.60000000e+01 4.78278353e+01
 4.09000000e+02 1.60000000e+01 4.77913922e+01
 4.10000000e+02 1.60000000e+01 4.67549491e+01
 4.11000000e+02 1.60000000e+01 4.67185061e+01
 4.12000000e+02 1.60000000e+01 4.76820630e+01
 4.13000000e+02 1.60000000e+01 4.76456199e+01
 4.14000000e+02 1.60000000e+01 4.76091768e+01
 4.15000000e+02 1.60000000e+01 4.65727337e+01
 4.16000000e+02 1.60000000e+01 4.65362906e+01
 4.17000000e+02 1.60000000e+01 4.64998475e+01
 4.18000000e+02 1.60000000e+01 4.64634045e+01
 4.19000000e+02 1.60000000e+01 4.64269614e+01
 4.20000000e+02 1.60000000e+01 4.63905183e+01
 4.21000000e+02 1.60000000e+01 4.63540752e+01
 4.22000000e+02 1.60000000e+01 4.63176321e+01
 4.23000000e+02 1.60000000e+01 4.62811890e+01
 4.24000000e+02 1.60000000e+01 4.62447459e+01
 4.25000000e+02 1.60000000e+01 4.62083029e+01
 4.26000000e+02 1.60000000e+01 4.61718598e+01
 4.27000000e+02 1.60000000e+01 4.61354167e+01
 4.28000000e+02 1.60000000e+01 4.60989736e+01
 4.29000000e+02 1.60000000e+01 4.60625305e+01
 4.30000000e+02 1.60000000e+01 4.60260874e+01
 4.31000000e+02 1.60000000e+01 4.59896443e+01
 4.32000000e+02 1.60000000e+01 4.59532012e+01
 4.33000000e+02 1.60000000e+01 4.49167582e+01
 4.34000000e+02 1.60000000e+01 4.48803151e+01
 4.35000000e+02 1.60000000e+01 4.48438720e+01
 4.36000000e+02 1.60000000e+01 4.58074289e+01
 4.37000000e+02 1.60000000e+01 4.57709858e+01
 4.38000000e+02 1.60000000e+01 4.47345427e+01
 4.39000000e+02 1.60000000e+01 4.46980996e+01
 4.40000000e+02 1.60000000e+01 4.46616566e+01
 4.41000000e+02 1.60000000e+01 4.46252135e+01
 4.42000000e+02 1.60000000e+01 4.45887704e+01
 4.43000000e+02 1.60000000e+01 4.35523273e+01
 4.44000000e+02 1.60000000e+01 4.35158842e+01
 4.45000000e+02 1.60000000e+01 4.34794411e+01
 4.46000000e+02 1.60000000e+01 4.34429980e+01
 4.47000000e+02 1.60000000e+01 4.34065550e+01
 4.48000000e+02 1.60000000e+01 4.33701119e+01
 4.49000000e+02 1.60000000e+01 4.33336688e+01
 4.50000000e+02 1.60000000e+01 4.32972257e+01
 4.51000000e+02 1.60000000e+01 4.32607826e+01
 4.52000000e+02 1.60000000e+01 4.32243395e+01
 4.53000000e+02 1.60000000e+01 4.21878964e+01
 4.54000000e+02 1.60000000e+01 4.21514534e+01
 4.55000000e+02 1.60000000e+01 4.21150103e+01
 4.56000000e+02 1.60000000e+01 4.20785672e+01
 4.57000000e+02 1.60000000e+01 4.20421241e+01
 4.58000000e+02 1.60000000e+01 4.10056810e+01
 4.59000000e+02 1.60000000e+01 4.09692379e+01
 4.60000000e+02 1.60000000e+01 4.09327948e+01
 4.61000000e+02 1.60000000e+01 4.08963518e+01
 4.62000000e+02 1.60000000e+01 3.98599087e+01
 4.63000000e+02 1.60000000e+01 3.98234656e+01
 4.64000000e+02 1.60000000e+01 3.87870225e+01
 4.65000000e+02 1.60000000e+01 3.87505794e+01
 4.66000000e+02 1.60000000e+01 3.77141363e+01
 4.67000000e+02 1.60000000e+01 3.76776932e+01
 4.68000000e+02 1.60000000e+01 3.76412502e+01
 4.69000000e+02 1.60000000e+01 3.76048071e+01
 4.70000000e+02 1.60000000e+01 3.75683640e+01
 4.71000000e+02 1.60000000e+01 3.75319209e+01
 4.72000000e+02 1.60000000e+01 3.64954778e+01
 4.73000000e+02 1.60000000e+01 3.64590347e+01
 4.74000000e+02 1.60000000e+01 3.64225916e+01
 4.75000000e+02 1.60000000e+01 3.63861486e+01
 4.76000000e+02 1.60000000e+01 3.63497055e+01
 4.77000000e+02 1.60000000e+01 3.63132624e+01
 4.78000000e+02 1.60000000e+01 3.62768193e+01
 4.79000000e+02 1.60000000e+01 3.52403762e+01
 4.80000000e+02 1.60000000e+01 3.62039331e+01
 4.81000000e+02 1.60000000e+01 3.61674900e+01
 4.82000000e+02 1.60000000e+01 3.51310470e+01
 4.83000000e+02 1.60000000e+01 3.40946039e+01
 4.84000000e+02 1.60000000e+01 3.40581608e+01
 4.85000000e+02 1.60000000e+01 3.40217177e+01
 4.86000000e+02 1.60000000e+01 3.39852746e+01
 4.87000000e+02 1.60000000e+01 3.39488315e+01
 4.88000000e+02 1.60000000e+01 3.29123884e+01
 4.89000000e+02 1.60000000e+01 3.28759454e+01
 4.90000000e+02 1.60000000e+01 3.28395023e+01
 4.91000000e+02 1.60000000e+01 3.28030592e+01
 4.92000000e+02 1.60000000e+01 3.27666161e+01
 4.93000000e+02 1.60000000e+01 3.27301730e+01
 4.94000000e+02 1.60000000e+01 3.26937299e+01
 4.95000000e+02 1.60000000e+01 3.26572868e+01
 4.96000000e+02 1.60000000e+01 3.16208438e+01
 4.97000000e+02 1.60000000e+01 3.15844007e+01
 4.98000000e+02 1.60000000e+01 3.05479576e+01
 4.99000000e+02 1.60000000e+01 3.05115145e+01
 5.00000000e+02 1.60000000e+01 3.04750714e+01
 5.01000000e+02 1.60000000e+01 3.04386283e+01
 5.02000000e+02 1.60000000e+01 3.04021852e+01
 5.03000000e+02 1.60000000e+01 3.03657421e+01
 5.04000000e+02 1.60000000e+01 3.03292991e+01
 5.05000000e+02 1.60000000e+01 2.92928560e+01
 5.06000000e+02 1.60000000e+01 2.92564129e+01
 5.07000000e+02 1.60000000e+01 3.02199698e+01
 5.08000000e+02 1.60000000e+01 3.01835267e+01
 5.09000000e+02 1.60000000e+01 3.01470836e+01
 5.10000000e+02 1.60000000e+01 3.01106405e+01
 5.11000000e+02 1.60000000e+01 2.90741975e+01
 5.12000000e+02 1.60000000e+01 3.00377544e+01
 5.13000000e+02 1.60000000e+01 2.90013113e+01
 5.14000000e+02 1.60000000e+01 2.79648682e+01
 5.15000000e+02 1.60000000e+01 2.79284251e+01
 5.16000000e+02 1.60000000e+01 2.78919820e+01
 5.17000000e+02 1.60000000e+01 2.78555389e+01
 5.18000000e+02 1.60000000e+01 2.68190959e+01
 5.19000000e+02 1.60000000e+01 2.67826528e+01
 5.20000000e+02 1.60000000e+01 2.67462097e+01
 5.21000000e+02 1.60000000e+01 2.67097666e+01
 5.22000000e+02 1.60000000e+01 2.56733235e+01
 5.23000000e+02 1.60000000e+01 2.66368804e+01
 5.24000000e+02 1.60000000e+01 2.66004373e+01
 5.25000000e+02 1.60000000e+01 2.55639943e+01
 5.26000000e+02 1.60000000e+01 2.55275512e+01
 5.27000000e+02 1.60000000e+01 2.54911081e+01
 5.28000000e+02 1.60000000e+01 2.54546650e+01
 5.29000000e+02 1.60000000e+01 2.44182219e+01
 5.30000000e+02 1.60000000e+01 2.43817788e+01
 5.31000000e+02 1.60000000e+01 2.53453357e+01
 5.32000000e+02 1.60000000e+01 2.53088927e+01
 5.33000000e+02 1.60000000e+01 2.42724496e+01
 5.34000000e+02 1.60000000e+01 2.42360065e+01
 5.35000000e+02 1.60000000e+01 2.41995634e+01
 5.36000000e+02 1.60000000e+01 2.41631203e+01
 5.37000000e+02 1.60000000e+01 2.41266772e+01
 5.38000000e+02 1.60000000e+01 2.40902341e+01
 5.39000000e+02 1.60000000e+01 2.40537911e+01
 5.40000000e+02 1.60000000e+01 2.40173480e+01
 5.41000000e+02 1.60000000e+01 2.29809049e+01
 5.42000000e+02 1.60000000e+01 2.39444618e+01
 5.43000000e+02 1.60000000e+01 2.39080187e+01
 5.44000000e+02 1.60000000e+01 2.38715756e+01
 5.45000000e+02 1.60000000e+01 2.38351325e+01
 5.46000000e+02 1.60000000e+01 2.27986895e+01
 5.47000000e+02 1.60000000e+01 2.27622464e+01
 5.48000000e+02 1.60000000e+01 2.27258033e+01
 5.49000000e+02 1.60000000e+01 2.26893602e+01
 5.50000000e+02 1.60000000e+01 2.16529171e+01
 5.51000000e+02 1.60000000e+01 2.16164740e+01
 5.52000000e+02 1.60000000e+01 2.15800309e+01
 5.53000000e+02 1.60000000e+01 2.15435879e+01
 5.54000000e+02 1.60000000e+01 2.15071448e+01
 5.55000000e+02 1.60000000e+01 2.14707017e+01
 5.56000000e+02 1.60000000e+01 2.14342586e+01
 5.57000000e+02 1.60000000e+01 2.13978155e+01
 5.58000000e+02 1.60000000e+01 2.03613724e+01
 5.59000000e+02 1.60000000e+01 2.03249293e+01
 5.60000000e+02 1.60000000e+01 2.02884863e+01
 5.61000000e+02 1.60000000e+01 1.92520432e+01
 5.62000000e+02 1.60000000e+01 1.92156001e+01
 5.63000000e+02 1.60000000e+01 1.91791570e+01
 5.64000000e+02 1.60000000e+01 1.91427139e+01
 5.65000000e+02 1.60000000e+01 1.91062708e+01
 5.66000000e+02 1.60000000e+01 1.90698277e+01
 5.67000000e+02 1.60000000e+01 1.90333846e+01
 5.68000000e+02 1.60000000e+01 1.79969416e+01
 5.69000000e+02 1.60000000e+01 1.79604985e+01
 5.70000000e+02 1.60000000e+01 1.79240554e+01
 5.71000000e+02 1.60000000e+01 1.78876123e+01
 5.72000000e+02 1.60000000e+01 1.78511692e+01
 5.73000000e+02 1.60000000e+01 1.78147261e+01
 5.74000000e+02 1.60000000e+01 1.77782830e+01
 5.75000000e+02 1.60000000e+01 1.77418400e+01
 5.76000000e+02 1.60000000e+01 1.77053969e+01
 5.77000000e+02 1.60000000e+01 1.76689538e+01
 5.78000000e+02 1.60000000e+01 1.76325107e+01
 5.79000000e+02 1.60000000e+01 1.65960676e+01
 5.80000000e+02 1.60000000e+01 1.55596245e+01
 5.81000000e+02 1.60000000e+01 1.55231814e+01
 5.82000000e+02 1.60000000e+01 1.54867384e+01
 5.83000000e+02 1.60000000e+01 1.54502953e+01
 5.84000000e+02 1.60000000e+01 1.54138522e+01
 5.85000000e+02 1.60000000e+01 1.53774091e+01
 5.86000000e+02 1.60000000e+01 1.53409660e+01
 5.87000000e+02 1.60000000e+01 1.53045229e+01
 5.88000000e+02 1.60000000e+01 1.52680798e+01
 5.89000000e+02 1.60000000e+01 1.42316368e+01
 5.90000000e+02 1.60000000e+01 1.41951937e+01
 5.91000000e+02 1.60000000e+01 1.41587506e+01
 5.92000000e+02 1.60000000e+01 1.41223075e+01
 5.93000000e+02 1.60000000e+01 1.40858644e+01
 5.94000000e+02 1.60000000e+01 1.40494213e+01
 5.95000000e+02 1.60000000e+01 1.40129782e+01
 5.96000000e+02 1.60000000e+01 1.39765352e+01
 5.97000000e+02 1.60000000e+01 1.29400921e+01
 5.98000000e+02 1.60000000e+01 1.29036490e+01
 5.99000000e+02 1.60000000e+01 1.28672059e+01
 6.00000000e+02 1.60000000e+01 1.28307628e+01
 6.01000000e+02 1.60000000e+01 1.27943197e+01
 6.02000000e+02 1.60000000e+01 1.27578766e+01
 6.03000000e+02 1.60000000e+01 1.27214336e+01
 6.04000000e+02 1.60000000e+01 1.26849905e+01
 6.05000000e+02 1.60000000e+01 1.26485474e+01
 6.06000000e+02 1.60000000e+01 1.26121043e+01
 6.07000000e+02 1.60000000e+01 1.25756612e+01
 6.08000000e+02 1.60000000e+01 1.25392181e+01
 6.09000000e+02 1.60000000e+01 1.25027750e+01
 6.10000000e+02 1.60000000e+01 1.34663320e+01
 6.11000000e+02 1.60000000e+01 1.34298889e+01
 6.12000000e+02 1.60000000e+01 1.23934458e+01
 6.13000000e+02 1.60000000e+01 1.23570027e+01
 6.14000000e+02 1.60000000e+01 1.13205596e+01
 6.15000000e+02 1.60000000e+01 1.22841165e+01
 6.16000000e+02 1.60000000e+01 1.22476734e+01
 6.17000000e+02 1.60000000e+01 1.12112304e+01
 6.18000000e+02 1.60000000e+01 1.11747873e+01
 6.19000000e+02 1.60000000e+01 1.11383442e+01
 6.20000000e+02 1.60000000e+01 1.11019011e+01
 6.21000000e+02 1.60000000e+01 1.10654580e+01
 6.22000000e+02 1.60000000e+01 1.10290149e+01
 6.23000000e+02 1.60000000e+01 1.09925718e+01
 6.24000000e+02 1.60000000e+01 1.09561288e+01
 6.25000000e+02 1.60000000e+01 1.09196857e+01
 6.26000000e+02 1.60000000e+01 1.08832426e+01
 6.27000000e+02 1.60000000e+01 1.08467995e+01
 6.28000000e+02 1.60000000e+01 1.08103564e+01
 6.29000000e+02 1.60000000e+01 1.07739133e+01
 6.30000000e+02 1.60000000e+01 1.07374702e+01
 6.31000000e+02 1.60000000e+01 1.07010272e+01
 6.32000000e+02 1.60000000e+01 1.06645841e+01
 6.33000000e+02 1.60000000e+01 1.06281410e+01
 6.34000000e+02 1.60000000e+01 1.05916979e+01
 6.35000000e+02 1.60000000e+01 1.05552548e+01
 6.36000000e+02 1.60000000e+01 1.05188117e+01
 6.37000000e+02 1.60000000e+01 1.04823686e+01
 6.38000000e+02 1.60000000e+01 1.04459255e+01
 6.39000000e+02 1.60000000e+01 1.04094825e+01
 6.40000000e+02 1.60000000e+01 1.03730394e+01
 6.41000000e+02 1.60000000e+01 1.03365963e+01
 6.42000000e+02 1.60000000e+01 1.03001532e+01
 6.43000000e+02 1.60000000e+01 1.12637101e+01
 6.44000000e+02 1.60000000e+01 1.12272670e+01
 6.45000000e+02 1.60000000e+01 1.11908239e+01
 6.46000000e+02 1.60000000e+01 1.01543809e+01
 6.47000000e+02 1.60000000e+01 1.11179378e+01
 6.48000000e+02 1.60000000e+01 1.10814947e+01
 6.49000000e+02 1.60000000e+01 1.00450516e+01
 6.50000000e+02 1.60000000e+01 1.00086085e+01
 6.51000000e+02 1.60000000e+01 9.97216543e+00
 6.52000000e+02 1.60000000e+01 1.09357223e+01
 6.53000000e+02 1.60000000e+01 1.08992793e+01
 6.54000000e+02 1.60000000e+01 1.08628362e+01
 6.55000000e+02 1.60000000e+01 1.08263931e+01
 6.56000000e+02 1.60000000e+01 1.07899500e+01
 6.57000000e+02 1.60000000e+01 1.07535069e+01
 6.58000000e+02 1.60000000e+01 1.07170638e+01
 6.59000000e+02 1.60000000e+01 1.06806207e+01
 6.60000000e+02 1.60000000e+01 1.06441777e+01
 6.61000000e+02 1.60000000e+01 1.06077346e+01
 6.62000000e+02 1.60000000e+01 1.05712915e+01
 6.63000000e+02 1.60000000e+01 1.05348484e+01
 6.64000000e+02 1.60000000e+01 1.04984053e+01
 6.65000000e+02 1.60000000e+01 9.46196223e+00
 6.66000000e+02 1.60000000e+01 1.04255191e+01
 6.67000000e+02 1.60000000e+01 1.03890761e+01
 6.68000000e+02 1.60000000e+01 1.03526330e+01
 6.69000000e+02 1.60000000e+01 1.03161899e+01
 6.70000000e+02 1.60000000e+01 1.02797468e+01
 6.71000000e+02 1.60000000e+01 1.02433037e+01
 6.72000000e+02 1.60000000e+01 1.02068606e+01
 6.73000000e+02 1.60000000e+01 1.01704175e+01
 6.74000000e+02 1.60000000e+01 1.01339745e+01
 6.75000000e+02 1.60000000e+01 1.00975314e+01
 6.76000000e+02 1.60000000e+01 1.10610883e+01
 6.77000000e+02 1.60000000e+01 1.10246452e+01
 6.78000000e+02 1.60000000e+01 1.09882021e+01
 6.79000000e+02 1.60000000e+01 1.09517590e+01
 6.80000000e+02 1.60000000e+01 1.09153159e+01
 6.81000000e+02 1.60000000e+01 1.08788729e+01
 6.82000000e+02 1.60000000e+01 1.08424298e+01
 6.83000000e+02 1.60000000e+01 1.18059867e+01
 6.84000000e+02 1.60000000e+01 1.17695436e+01
 6.85000000e+02 1.60000000e+01 1.17331005e+01
 6.86000000e+02 1.60000000e+01 1.16966574e+01
 6.87000000e+02 1.60000000e+01 1.26602143e+01
 6.88000000e+02 1.60000000e+01 1.26237713e+01
 6.89000000e+02 1.60000000e+01 1.35873282e+01
 6.90000000e+02 1.60000000e+01 1.35508851e+01
 6.91000000e+02 1.60000000e+01 1.35144420e+01
 6.92000000e+02 1.60000000e+01 1.34779989e+01
 6.93000000e+02 1.60000000e+01 1.44415558e+01
 6.94000000e+02 1.60000000e+01 1.44051127e+01
 6.95000000e+02 1.60000000e+01 1.43686697e+01
 6.96000000e+02 1.60000000e+01 1.53322266e+01
 6.97000000e+02 1.60000000e+01 1.52957835e+01
 6.98000000e+02 1.60000000e+01 1.62593404e+01
 6.99000000e+02 1.60000000e+01 1.62228973e+01
 7.00000000e+02 1.60000000e+01 1.61864542e+01
 7.01000000e+02 1.60000000e+01 1.61500111e+01
 7.02000000e+02 1.60000000e+01 1.71135680e+01
 7.03000000e+02 1.60000000e+01 1.70771250e+01
 7.04000000e+02 1.60000000e+01 1.70406819e+01
 7.05000000e+02 1.60000000e+01 1.80042388e+01
 7.06000000e+02 1.60000000e+01 1.79677957e+01
 7.07000000e+02 1.60000000e+01 1.79313526e+01
 7.08000000e+02 1.60000000e+01 1.78949095e+01
 7.09000000e+02 1.60000000e+01 1.78584664e+01
 7.10000000e+02 1.60000000e+01 1.88220234e+01
 7.11000000e+02 1.60000000e+01 1.87855803e+01
 7.12000000e+02 1.60000000e+01 1.87491372e+01
 7.13000000e+02 1.60000000e+01 1.97126941e+01
 7.14000000e+02 1.60000000e+01 1.96762510e+01
 7.15000000e+02 1.60000000e+01 1.96398079e+01
 7.16000000e+02 1.60000000e+01 1.96033648e+01
 7.17000000e+02 1.60000000e+01 2.05669218e+01
 7.18000000e+02 1.60000000e+01 2.05304787e+01
 7.19000000e+02 1.60000000e+01 2.04940356e+01
 7.20000000e+02 1.60000000e+01 2.04575925e+01
 7.21000000e+02 1.60000000e+01 2.14211494e+01
 7.22000000e+02 1.60000000e+01 2.13847063e+01
 7.23000000e+02 1.60000000e+01 2.13482632e+01
 7.24000000e+02 1.60000000e+01 2.13118202e+01
 7.25000000e+02 1.60000000e+01 2.12753771e+01
 7.26000000e+02 1.60000000e+01 2.22389340e+01
 7.27000000e+02 1.60000000e+01 2.22024909e+01
 7.28000000e+02 1.60000000e+01 2.31660478e+01
 7.29000000e+02 1.60000000e+01 2.31296047e+01
 7.30000000e+02 1.60000000e+01 2.30931616e+01
 7.31000000e+02 1.60000000e+01 2.40567186e+01
 7.32000000e+02 1.60000000e+01 2.50202755e+01
 7.33000000e+02 1.60000000e+01 2.59838324e+01
 7.34000000e+02 1.60000000e+01 2.59473893e+01
 7.35000000e+02 1.60000000e+01 2.69109462e+01
 7.36000000e+02 1.60000000e+01 2.68745031e+01
 7.37000000e+02 1.60000000e+01 2.68380600e+01
 7.38000000e+02 1.60000000e+01 2.68016170e+01
 7.39000000e+02 1.60000000e+01 2.67651739e+01
 7.40000000e+02 1.60000000e+01 2.67287308e+01
 7.41000000e+02 1.60000000e+01 2.66922877e+01
 7.42000000e+02 1.60000000e+01 2.66558446e+01
 7.43000000e+02 1.60000000e+01 2.76194015e+01
 7.44000000e+02 1.60000000e+01 2.65829584e+01
 7.45000000e+02 1.60000000e+01 2.65465154e+01
 7.46000000e+02 1.60000000e+01 2.65100723e+01
 7.47000000e+02 1.60000000e+01 2.74736292e+01
 7.48000000e+02 1.60000000e+01 2.84371861e+01
 7.49000000e+02 1.60000000e+01 2.84007430e+01
 7.50000000e+02 1.60000000e+01 2.73642999e+01
 7.51000000e+02 1.60000000e+01 2.73278568e+01
 7.52000000e+02 1.60000000e+01 2.82914138e+01
 7.53000000e+02 1.60000000e+01 2.82549707e+01
 7.54000000e+02 1.60000000e+01 2.82185276e+01
 7.55000000e+02 1.60000000e+01 2.81820845e+01
 7.56000000e+02 1.60000000e+01 2.91456414e+01
 7.57000000e+02 1.60000000e+01 2.81091983e+01
 7.58000000e+02 1.60000000e+01 2.80727552e+01
 7.59000000e+02 1.60000000e+01 2.90363122e+01
 7.60000000e+02 1.60000000e+01 2.89998691e+01
 7.61000000e+02 1.60000000e+01 2.89634260e+01
 7.62000000e+02 1.60000000e+01 2.89269829e+01
 7.63000000e+02 1.60000000e+01 2.88905398e+01
 7.64000000e+02 1.60000000e+01 2.88540967e+01
