 1.00000000e+00 2.00000000e+00 5.10551697e+01
 2.00000000e+00 2.00000000e+00 5.10942245e+01
 3.00000000e+00 2.00000000e+00 5.11332794e+01
 4.00000000e+00 2.00000000e+00 5.11723343e+01
 5.00000000e+00 2.00000000e+00 5.22113891e+01
 6.00000000e+00 2.00000000e+00 5.22504440e+01
 8.00000000e+00 2.00000000e+00 4.63285537e+01
 9.00000000e+00 2.00000000e+00 4.53676086e+01
 1.00000000e+01 2.00000000e+00 4.74066634e+01
 1.10000000e+01 2.00000000e+00 4.84457183e+01
 1.20000000e+01 2.00000000e+00 4.84847731e+01
 1.30000000e+01 2.00000000e+00 4.85238280e+01
 1.40000000e+01 2.00000000e+00 4.85628828e+01
 1.50000000e+01 2.00000000e+00 4.86019377e+01
 1.60000000e+01 2.00000000e+00 4.86409926e+01
 1.70000000e+01 2.00000000e+00 4.76800474e+01
 1.80000000e+01 2.00000000e+00 4.87191023e+01
 1.90000000e+01 2.00000000e+00 4.87581571e+01
 2.00000000e+01 2.00000000e+00 4.87972120e+01
 2.10000000e+01 2.00000000e+00 5.08362668e+01
 2.20000000e+01 2.00000000e+00 5.08753217e+01
 2.30000000e+01 2.00000000e+00 5.09143766e+01
 2.40000000e+01 2.00000000e+00 4.99534314e+01
 2.50000000e+01 2.00000000e+00 4.99924863e+01
 2.60000000e+01 2.00000000e+00 5.10315411e+01
 2.70000000e+01 2.00000000e+00 5.00705960e+01
 2.80000000e+01 2.00000000e+00 4.91096509e+01
 2.90000000e+01 2.00000000e+00 4.91487057e+01
 3.00000000e+01 2.00000000e+00 4.81877606e+01
 3.10000000e+01 2.00000000e+00 4.62268154e+01
 3.20000000e+01 2.00000000e+00 4.62658703e+01
 3.30000000e+01 2.00000000e+00 4.83049251e+01
 3.40000000e+01 2.00000000e+00 4.83439800e+01
 3.50000000e+01 2.00000000e+00 4.93830349e+01
 3.60000000e+01 2.00000000e+00 4.94220897e+01
 3.70000000e+01 2.00000000e+00 4.94611446e+01
 3.80000000e+01 2.00000000e+00 4.95001994e+01
 3.90000000e+01 2.00000000e+00 4.85392543e+01
 4.00000000e+01 2.00000000e+00 4.85783091e+01
 4.10000000e+01 2.00000000e+00 4.86173640e+01
 4.20000000e+01 2.00000000e+00 4.86564189e+01
 4.30000000e+01 2.00000000e+00 4.76954737e+01
 4.40000000e+01 2.00000000e+00 4.77345286e+01
 4.50000000e+01 2.00000000e+00 4.77735834e+01
 4.60000000e+01 2.00000000e+00 4.78126383e+01
 4.70000000e+01 2.00000000e+00 4.98516932e+01
 4.80000000e+01 2.00000000e+00 4.98907480e+01
 4.90000000e+01 2.00000000e+00 4.99298029e+01
 5.00000000e+01 2.00000000e+00 5.09688577e+01
 5.10000000e+01 2.00000000e+00 5.10079126e+01
 5.20000000e+01 2.00000000e+00 5.20469674e+01
 5.30000000e+01 2.00000000e+00 5.30860223e+01
 5.40000000e+01 2.00000000e+00 5.31250772e+01
 5.50000000e+01 2.00000000e+00 5.21641320e+01
 5.60000000e+01 2.00000000e+00 5.12031869e+01
 5.70000000e+01 2.00000000e+00 4.82422417e+01
 5.80000000e+01 2.00000000e+00 4.82812966e+01
 6.00000000e+01 2.00000000e+00 5.43594063e+01
 6.10000000e+01 2.00000000e+00 5.53984612e+01
 6.20000000e+01 2.00000000e+00 5.54375160e+01
 6.30000000e+01 2.00000000e+00 5.54765709e+01
 6.40000000e+01 2.00000000e+00 5.45156257e+01
 6.50000000e+01 2.00000000e+00 5.45546806e+01
 6.60000000e+01 2.00000000e+00 5.15937355e+01
 6.70000000e+01 2.00000000e+00 5.16327903e+01
 6.80000000e+01 2.00000000e+00 5.06718452e+01
 6.90000000e+01 2.00000000e+00 4.97109000e+01
 7.00000000e+01 2.00000000e+00 4.97499549e+01
 7.10000000e+01 2.00000000e+00 5.07890097e+01
 7.20000000e+01 2.00000000e+00 5.08280646e+01
 7.30000000e+01 2.00000000e+00 4.98671195e+01
 7.40000000e+01 2.00000000e+00 4.99061743e+01
 7.50000000e+01 2.00000000e+00 4.89452292e+01
 7.60000000e+01 2.00000000e+00 4.89842840e+01
 7.70000000e+01 2.00000000e+00 5.00233389e+01
 7.80000000e+01 2.00000000e+00 4.90623937e+01
 7.90000000e+01 2.00000000e+00 4.81014486e+01
 8.00000000e+01 2.00000000e+00 4.81405035e+01
 8.10000000e+01 2.00000000e+00 4.71795583e+01
 8.20000000e+01 2.00000000e+00 4.82186132e+01
 8.30000000e+01 2.00000000e+00 4.82576680e+01
 8.40000000e+01 2.00000000e+00 4.82967229e+01
 8.50000000e+01 2.00000000e+00 4.83357778e+01
 8.60000000e+01 2.00000000e+00 4.83748326e+01
 8.70000000e+01 2.00000000e+00 4.84138875e+01
 8.80000000e+01 2.00000000e+00 4.84529423e+01
 8.90000000e+01 2.00000000e+00 4.74919972e+01
 9.00000000e+01 2.00000000e+00 4.75310520e+01
 9.10000000e+01 2.00000000e+00 4.65701069e+01
 9.20000000e+01 2.00000000e+00 4.66091618e+01
 9.30000000e+01 2.00000000e+00 4.66482166e+01
 9.40000000e+01 2.00000000e+00 4.56872715e+01
 9.50000000e+01 2.00000000e+00 4.47263263e+01
 9.60000000e+01 2.00000000e+00 4.47653812e+01
 9.70000000e+01 2.00000000e+00 4.48044361e+01
 9.80000000e+01 2.00000000e+00 4.38434909e+01
 9.90000000e+01 2.00000000e+00 4.38825458e+01
 1.00000000e+02 2.00000000e+00 4.39216006e+01
 1.01000000e+02 2.00000000e+00 4.39606555e+01
 1.05000000e+02 2.00000000e+00 4.31168749e+01
 1.06000000e+02 2.00000000e+00 4.31559298e+01
 1.07000000e+02 2.00000000e+00 4.31949846e+01
 1.08000000e+02 2.00000000e+00 4.62340395e+01
 1.09000000e+02 2.00000000e+00 4.72730943e+01
 1.10000000e+02 2.00000000e+00 5.03121492e+01
 1.11000000e+02 2.00000000e+00 5.03512041e+01
 1.12000000e+02 2.00000000e+00 5.03902589e+01
 1.13000000e+02 2.00000000e+00 5.04293138e+01
 1.14000000e+02 2.00000000e+00 5.14683686e+01
 1.15000000e+02 2.00000000e+00 5.05074235e+01
 1.16000000e+02 2.00000000e+00 5.05464784e+01
 1.17000000e+02 2.00000000e+00 5.25855332e+01
 1.18000000e+02 2.00000000e+00 5.36245881e+01
 1.19000000e+02 2.00000000e+00 5.36636429e+01
 1.20000000e+02 2.00000000e+00 5.57026978e+01
 1.21000000e+02 2.00000000e+00 5.57417526e+01
 1.22000000e+02 2.00000000e+00 5.57808075e+01
 1.23000000e+02 2.00000000e+00 5.58198624e+01
 1.24000000e+02 2.00000000e+00 5.48589172e+01
 1.25000000e+02 2.00000000e+00 5.48979721e+01
 1.26000000e+02 2.00000000e+00 5.59370269e+01
 1.27000000e+02 2.00000000e+00 5.59760818e+01
 1.28000000e+02 2.00000000e+00 5.50151366e+01
 1.29000000e+02 2.00000000e+00 5.40541915e+01
 1.30000000e+02 2.00000000e+00 5.40932464e+01
 1.31000000e+02 2.00000000e+00 5.41323012e+01
 1.32000000e+02 2.00000000e+00 5.41713561e+01
 1.33000000e+02 2.00000000e+00 5.42104109e+01
 1.34000000e+02 2.00000000e+00 5.22494658e+01
 1.35000000e+02 2.00000000e+00 5.12885207e+01
 1.36000000e+02 2.00000000e+00 5.03275755e+01
 1.37000000e+02 2.00000000e+00 4.83666304e+01
 1.38000000e+02 2.00000000e+00 4.74056852e+01
 1.39000000e+02 2.00000000e+00 4.74447401e+01
 1.40000000e+02 2.00000000e+00 4.74837949e+01
 1.41000000e+02 2.00000000e+00 4.85228498e+01
 1.42000000e+02 2.00000000e+00 4.95619047e+01
 1.43000000e+02 2.00000000e+00 4.76009595e+01
 1.44000000e+02 2.00000000e+00 4.76400144e+01
 1.45000000e+02 2.00000000e+00 5.16790692e+01
 1.46000000e+02 2.00000000e+00 5.17181241e+01
 1.47000000e+02 2.00000000e+00 5.17571789e+01
 1.48000000e+02 2.00000000e+00 5.17962338e+01
 1.49000000e+02 2.00000000e+00 5.18352887e+01
 1.50000000e+02 2.00000000e+00 5.08743435e+01
 1.51000000e+02 2.00000000e+00 5.09133984e+01
 1.52000000e+02 2.00000000e+00 5.09524532e+01
 1.53000000e+02 2.00000000e+00 5.09915081e+01
 1.54000000e+02 2.00000000e+00 5.10305630e+01
 1.55000000e+02 2.00000000e+00 5.10696178e+01
 1.56000000e+02 2.00000000e+00 5.31086727e+01
 1.57000000e+02 2.00000000e+00 5.41477275e+01
 1.58000000e+02 2.00000000e+00 5.51867824e+01
 1.59000000e+02 2.00000000e+00 5.52258372e+01
 1.60000000e+02 2.00000000e+00 5.52648921e+01
 1.61000000e+02 2.00000000e+00 5.53039470e+01
 1.62000000e+02 2.00000000e+00 5.53430018e+01
 1.63000000e+02 2.00000000e+00 5.53820567e+01
 1.64000000e+02 2.00000000e+00 5.44211115e+01
 1.65000000e+02 2.00000000e+00 5.44601664e+01
 1.66000000e+02 2.00000000e+00 5.44992212e+01
 1.67000000e+02 2.00000000e+00 5.45382761e+01
 1.68000000e+02 2.00000000e+00 5.45773310e+01
 1.69000000e+02 2.00000000e+00 5.46163858e+01
 1.70000000e+02 2.00000000e+00 5.46554407e+01
 1.71000000e+02 2.00000000e+00 5.46944955e+01
 1.72000000e+02 2.00000000e+00 5.47335504e+01
 1.73000000e+02 2.00000000e+00 5.37726053e+01
 1.74000000e+02 2.00000000e+00 5.38116601e+01
 1.75000000e+02 2.00000000e+00 5.38507150e+01
 1.76000000e+02 2.00000000e+00 5.48897698e+01
 1.77000000e+02 2.00000000e+00 5.39288247e+01
 1.78000000e+02 2.00000000e+00 5.39678795e+01
 1.79000000e+02 2.00000000e+00 5.60069344e+01
 1.80000000e+02 2.00000000e+00 5.40459893e+01
 1.81000000e+02 2.00000000e+00 5.50850441e+01
 1.82000000e+02 2.00000000e+00 5.41240990e+01
 1.83000000e+02 2.00000000e+00 5.41631538e+01
 1.84000000e+02 2.00000000e+00 5.32022087e+01
 1.85000000e+02 2.00000000e+00 5.42412636e+01
 1.86000000e+02 2.00000000e+00 5.52803184e+01
 1.87000000e+02 2.00000000e+00 5.53193733e+01
 1.88000000e+02 2.00000000e+00 5.63584281e+01
 1.89000000e+02 2.00000000e+00 5.63974830e+01
 1.90000000e+02 2.00000000e+00 5.74365378e+01
 1.91000000e+02 2.00000000e+00 5.84755927e+01
 1.92000000e+02 2.00000000e+00 5.85146476e+01
 1.93000000e+02 2.00000000e+00 5.85537024e+01
 1.94000000e+02 2.00000000e+00 5.65927573e+01
 1.95000000e+02 2.00000000e+00 5.66318121e+01
 1.96000000e+02 2.00000000e+00 5.56708670e+01
 1.97000000e+02 2.00000000e+00 5.77099218e+01
 1.98000000e+02 2.00000000e+00 5.77489767e+01
 1.99000000e+02 2.00000000e+00 5.77880316e+01
 2.00000000e+02 2.00000000e+00 5.88270864e+01
 2.01000000e+02 2.00000000e+00 5.78661413e+01
 2.02000000e+02 2.00000000e+00 5.89051961e+01
 2.03000000e+02 2.00000000e+00 5.89442510e+01
 2.04000000e+02 2.00000000e+00 5.99833059e+01
 2.05000000e+02 2.00000000e+00 6.00223607e+01
 2.06000000e+02 2.00000000e+00 5.90614156e+01
 2.07000000e+02 2.00000000e+00 5.81004704e+01
 2.08000000e+02 2.00000000e+00 5.81395253e+01
 2.09000000e+02 2.00000000e+00 5.71785801e+01
 2.10000000e+02 2.00000000e+00 5.72176350e+01
 2.11000000e+02 2.00000000e+00 5.82566899e+01
 2.12000000e+02 2.00000000e+00 5.82957447e+01
 2.13000000e+02 2.00000000e+00 5.73347996e+01
 2.14000000e+02 2.00000000e+00 5.63738544e+01
 2.15000000e+02 2.00000000e+00 5.64129093e+01
 2.16000000e+02 2.00000000e+00 5.64519641e+01
 2.17000000e+02 2.00000000e+00 5.64910190e+01
 2.18000000e+02 2.00000000e+00 5.55300739e+01
 2.19000000e+02 2.00000000e+00 5.55691287e+01
 2.20000000e+02 2.00000000e+00 5.46081836e+01
 2.21000000e+02 2.00000000e+00 5.56472384e+01
 2.22000000e+02 2.00000000e+00 5.46862933e+01
 2.23000000e+02 2.00000000e+00 5.37253482e+01
 2.24000000e+02 2.00000000e+00 5.27644030e+01
 2.25000000e+02 2.00000000e+00 5.38034579e+01
 2.26000000e+02 2.00000000e+00 5.38425127e+01
 2.27000000e+02 2.00000000e+00 5.38815676e+01
 2.28000000e+02 2.00000000e+00 5.29206224e+01
 2.29000000e+02 2.00000000e+00 5.29596773e+01
 2.30000000e+02 2.00000000e+00 5.09987322e+01
 2.31000000e+02 2.00000000e+00 4.90377870e+01
 2.32000000e+02 2.00000000e+00 4.90768419e+01
 2.33000000e+02 2.00000000e+00 5.01158967e+01
 2.34000000e+02 2.00000000e+00 5.11549516e+01
 2.35000000e+02 2.00000000e+00 5.11940064e+01
 2.36000000e+02 2.00000000e+00 5.12330613e+01
 2.37000000e+02 2.00000000e+00 5.22721162e+01
 2.38000000e+02 2.00000000e+00 5.23111710e+01
 2.39000000e+02 2.00000000e+00 5.23502259e+01
 2.40000000e+02 2.00000000e+00 5.23892807e+01
 2.41000000e+02 2.00000000e+00 5.24283356e+01
 2.42000000e+02 2.00000000e+00 5.34673905e+01
 2.43000000e+02 2.00000000e+00 5.45064453e+01
 2.44000000e+02 2.00000000e+00 5.45455002e+01
 2.45000000e+02 2.00000000e+00 5.65845550e+01
 2.46000000e+02 2.00000000e+00 5.66236099e+01
 2.47000000e+02 2.00000000e+00 5.66626647e+01
 2.48000000e+02 2.00000000e+00 5.57017196e+01
 2.49000000e+02 2.00000000e+00 5.57407745e+01
 2.50000000e+02 2.00000000e+00 5.47798293e+01
 2.51000000e+02 2.00000000e+00 5.58188842e+01
 2.52000000e+02 2.00000000e+00 5.48579390e+01
 2.53000000e+02 2.00000000e+00 5.48969939e+01
 2.54000000e+02 2.00000000e+00 5.49360487e+01
 2.55000000e+02 2.00000000e+00 5.49751036e+01
 2.56000000e+02 2.00000000e+00 5.50141585e+01
 2.57000000e+02 2.00000000e+00 5.40532133e+01
 2.58000000e+02 2.00000000e+00 5.50922682e+01
 2.59000000e+02 2.00000000e+00 5.41313230e+01
 2.60000000e+02 2.00000000e+00 5.31703779e+01
 2.61000000e+02 2.00000000e+00 5.32094328e+01
 2.62000000e+02 2.00000000e+00 5.32484876e+01
 2.63000000e+02 2.00000000e+00 5.32875425e+01
 2.64000000e+02 2.00000000e+00 5.23265973e+01
 2.65000000e+02 2.00000000e+00 5.33656522e+01
 2.66000000e+02 2.00000000e+00 5.34047070e+01
 2.67000000e+02 2.00000000e+00 5.34437619e+01
 2.68000000e+02 2.00000000e+00 5.34828168e+01
 2.69000000e+02 2.00000000e+00 5.35218716e+01
 2.70000000e+02 2.00000000e+00 5.55609265e+01
 2.71000000e+02 2.00000000e+00 5.55999813e+01
 2.72000000e+02 2.00000000e+00 5.46390362e+01
 2.73000000e+02 2.00000000e+00 5.26780910e+01
 2.74000000e+02 2.00000000e+00 5.17171459e+01
 2.75000000e+02 2.00000000e+00 5.47562008e+01
 2.76000000e+02 2.00000000e+00 5.47952556e+01
 2.77000000e+02 2.00000000e+00 5.48343105e+01
 2.78000000e+02 2.00000000e+00 5.48733653e+01
 2.79000000e+02 2.00000000e+00 5.49124202e+01
 2.80000000e+02 2.00000000e+00 5.49514751e+01
 2.81000000e+02 2.00000000e+00 5.39905299e+01
 2.82000000e+02 2.00000000e+00 5.40295848e+01
 2.83000000e+02 2.00000000e+00 5.50686396e+01
 2.84000000e+02 2.00000000e+00 5.71076945e+01
 2.85000000e+02 2.00000000e+00 5.81467493e+01
 2.86000000e+02 2.00000000e+00 5.81858042e+01
 2.87000000e+02 2.00000000e+00 5.82248591e+01
 2.88000000e+02 2.00000000e+00 5.92639139e+01
 2.89000000e+02 2.00000000e+00 5.83029688e+01
 2.90000000e+02 2.00000000e+00 5.73420236e+01
 2.91000000e+02 2.00000000e+00 5.83810785e+01
 2.92000000e+02 2.00000000e+00 5.94201334e+01
 2.93000000e+02 2.00000000e+00 5.94591882e+01
 2.94000000e+02 2.00000000e+00 5.84982431e+01
 2.95000000e+02 2.00000000e+00 5.85372979e+01
 2.96000000e+02 2.00000000e+00 5.75763528e+01
 2.97000000e+02 2.00000000e+00 5.66154076e+01
 2.98000000e+02 2.00000000e+00 5.66544625e+01
 2.99000000e+02 2.00000000e+00 5.66935174e+01
 3.00000000e+02 2.00000000e+00 5.67325722e+01
 3.01000000e+02 2.00000000e+00 5.77716271e+01
 3.02000000e+02 2.00000000e+00 5.78106819e+01
 3.03000000e+02 2.00000000e+00 5.78497368e+01
 3.04000000e+02 2.00000000e+00 5.88887916e+01
 3.05000000e+02 2.00000000e+00 5.89278465e+01
 3.06000000e+02 2.00000000e+00 5.79669014e+01
 3.07000000e+02 2.00000000e+00 5.70059562e+01
 3.08000000e+02 2.00000000e+00 5.60450111e+01
 3.09000000e+02 2.00000000e+00 5.60840659e+01
 3.10000000e+02 2.00000000e+00 5.61231208e+01
 3.11000000e+02 2.00000000e+00 5.51621757e+01
 3.12000000e+02 2.00000000e+00 5.52012305e+01
 3.13000000e+02 2.00000000e+00 5.42402854e+01
 3.14000000e+02 2.00000000e+00 5.32793402e+01
 3.15000000e+02 2.00000000e+00 5.33183951e+01
 3.16000000e+02 2.00000000e+00 5.43574499e+01
 3.17000000e+02 2.00000000e+00 5.73965048e+01
 3.18000000e+02 2.00000000e+00 5.94355597e+01
 3.19000000e+02 2.00000000e+00 6.04746145e+01
 3.20000000e+02 2.00000000e+00 5.95136694e+01
 3.21000000e+02 2.00000000e+00 5.95527242e+01
 3.22000000e+02 2.00000000e+00 5.85917791e+01
 3.23000000e+02 2.00000000e+00 5.86308339e+01
 3.24000000e+02 2.00000000e+00 5.76698888e+01
 3.25000000e+02 2.00000000e+00 5.77089437e+01
 3.26000000e+02 2.00000000e+00 5.67479985e+01
 3.27000000e+02 2.00000000e+00 5.67870534e+01
 3.28000000e+02 2.00000000e+00 5.68261082e+01
 3.29000000e+02 2.00000000e+00 5.78651631e+01
 3.30000000e+02 2.00000000e+00 5.69042180e+01
 3.31000000e+02 2.00000000e+00 5.79432728e+01
 3.32000000e+02 2.00000000e+00 5.69823277e+01
 3.33000000e+02 2.00000000e+00 5.80213825e+01
 3.34000000e+02 2.00000000e+00 5.70604374e+01
 3.35000000e+02 2.00000000e+00 5.70994922e+01
 3.36000000e+02 2.00000000e+00 5.71385471e+01
 3.37000000e+02 2.00000000e+00 5.61776020e+01
 3.38000000e+02 2.00000000e+00 5.42166568e+01
 3.39000000e+02 2.00000000e+00 5.22557117e+01
 3.40000000e+02 2.00000000e+00 5.42947665e+01
 3.41000000e+02 2.00000000e+00 5.43338214e+01
 3.42000000e+02 2.00000000e+00 5.43728762e+01
 3.43000000e+02 2.00000000e+00 5.44119311e+01
 3.44000000e+02 2.00000000e+00 5.54509860e+01
 3.45000000e+02 2.00000000e+00 5.54900408e+01
 3.46000000e+02 2.00000000e+00 5.55290957e+01
 3.47000000e+02 2.00000000e+00 5.55681505e+01
 3.48000000e+02 2.00000000e+00 5.26072054e+01
 3.49000000e+02 2.00000000e+00 5.26462603e+01
 3.51000000e+02 2.00000000e+00 6.27243700e+01
 3.52000000e+02 2.00000000e+00 6.27634248e+01
 3.53000000e+02 2.00000000e+00 6.38024797e+01
 3.54000000e+02 2.00000000e+00 5.98415345e+01
 3.55000000e+02 2.00000000e+00 6.08805894e+01
 3.56000000e+02 2.00000000e+00 5.89196443e+01
 3.57000000e+02 2.00000000e+00 5.99586991e+01
 3.58000000e+02 2.00000000e+00 5.99977540e+01
 3.59000000e+02 2.00000000e+00 6.10368088e+01
 3.60000000e+02 2.00000000e+00 6.20758637e+01
 3.61000000e+02 2.00000000e+00 6.21149185e+01
 3.62000000e+02 2.00000000e+00 6.31539734e+01
 3.63000000e+02 2.00000000e+00 6.31930283e+01
 3.64000000e+02 2.00000000e+00 6.32320831e+01
 3.65000000e+02 2.00000000e+00 6.32711380e+01
 3.66000000e+02 2.00000000e+00 6.33101928e+01
 3.67000000e+02 2.00000000e+00 6.33492477e+01
 3.68000000e+02 2.00000000e+00 6.33883026e+01
 3.69000000e+02 2.00000000e+00 6.34273574e+01
 3.70000000e+02 2.00000000e+00 6.24664123e+01
 3.71000000e+02 2.00000000e+00 6.35054671e+01
 3.72000000e+02 2.00000000e+00 6.35445220e+01
 3.73000000e+02 2.00000000e+00 6.55835768e+01
 3.74000000e+02 2.00000000e+00 6.46226317e+01
 3.75000000e+02 2.00000000e+00 6.46616866e+01
 3.76000000e+02 2.00000000e+00 6.37007414e+01
 3.77000000e+02 2.00000000e+00 6.37397963e+01
 3.78000000e+02 2.00000000e+00 6.37788511e+01
 3.79000000e+02 2.00000000e+00 6.28179060e+01
 3.80000000e+02 2.00000000e+00 6.28569609e+01
 3.81000000e+02 2.00000000e+00 6.28960157e+01
 3.82000000e+02 2.00000000e+00 6.39350706e+01
 3.83000000e+02 2.00000000e+00 6.29741254e+01
 3.84000000e+02 2.00000000e+00 6.20131803e+01
 3.85000000e+02 2.00000000e+00 6.30522351e+01
 3.86000000e+02 2.00000000e+00 6.50912900e+01
 3.87000000e+02 2.00000000e+00 6.61303449e+01
 3.88000000e+02 2.00000000e+00 6.61693997e+01
 3.89000000e+02 2.00000000e+00 6.62084546e+01
 3.90000000e+02 2.00000000e+00 6.52475094e+01
 3.91000000e+02 2.00000000e+00 6.42865643e+01
 3.92000000e+02 2.00000000e+00 6.43256191e+01
 3.93000000e+02 2.00000000e+00 6.43646740e+01
 3.94000000e+02 2.00000000e+00 6.54037289e+01
 3.95000000e+02 2.00000000e+00 6.44427837e+01
 3.96000000e+02 2.00000000e+00 6.34818386e+01
 3.97000000e+02 2.00000000e+00 6.35208934e+01
 3.98000000e+02 2.00000000e+00 6.35599483e+01
 3.99000000e+02 2.00000000e+00 6.25990032e+01
 4.00000000e+02 2.00000000e+00 6.16380580e+01
 4.01000000e+02 2.00000000e+00 6.16771129e+01
 4.02000000e+02 2.00000000e+00 6.17161677e+01
 4.03000000e+02 2.00000000e+00 6.17552226e+01
 4.04000000e+02 2.00000000e+00 6.17942774e+01
 4.05000000e+02 2.00000000e+00 6.48333323e+01
 4.06000000e+02 2.00000000e+00 6.48723872e+01
 4.07000000e+02 2.00000000e+00 6.39114420e+01
 4.08000000e+02 2.00000000e+00 6.39504969e+01
 4.09000000e+02 2.00000000e+00 6.49895517e+01
 4.10000000e+02 2.00000000e+00 6.50286066e+01
 4.11000000e+02 2.00000000e+00 6.50676614e+01
 4.12000000e+02 2.00000000e+00 6.61067163e+01
 4.13000000e+02 2.00000000e+00 6.71457712e+01
 4.14000000e+02 2.00000000e+00 6.71848260e+01
 4.15000000e+02 2.00000000e+00 6.82238809e+01
 4.16000000e+02 2.00000000e+00 6.82629357e+01
 4.17000000e+02 2.00000000e+00 6.83019906e+01
 4.18000000e+02 2.00000000e+00 6.83410455e+01
 4.19000000e+02 2.00000000e+00 6.93801003e+01
 4.20000000e+02 2.00000000e+00 6.94191552e+01
 4.21000000e+02 2.00000000e+00 7.24582100e+01
 4.22000000e+02 2.00000000e+00 7.24972649e+01
 4.23000000e+02 2.00000000e+00 7.15363197e+01
 4.24000000e+02 2.00000000e+00 7.05753746e+01
 4.25000000e+02 2.00000000e+00 7.06144295e+01
 4.26000000e+02 2.00000000e+00 7.16534843e+01
 4.27000000e+02 2.00000000e+00 7.16925392e+01
 4.28000000e+02 2.00000000e+00 7.07315940e+01
 4.29000000e+02 2.00000000e+00 7.07706489e+01
 4.30000000e+02 2.00000000e+00 7.28097037e+01
 4.31000000e+02 2.00000000e+00 7.38487586e+01
 4.32000000e+02 2.00000000e+00 7.38878135e+01
 4.33000000e+02 2.00000000e+00 7.49268683e+01
 4.34000000e+02 2.00000000e+00 7.29659232e+01
 4.35000000e+02 2.00000000e+00 7.40049780e+01
 4.36000000e+02 2.00000000e+00 7.30440329e+01
 4.37000000e+02 2.00000000e+00 7.50830878e+01
 4.38000000e+02 2.00000000e+00 7.51221426e+01
 4.39000000e+02 2.00000000e+00 7.51611975e+01
 4.40000000e+02 2.00000000e+00 7.52002523e+01
 4.41000000e+02 2.00000000e+00 7.52393072e+01
 4.42000000e+02 2.00000000e+00 7.52783620e+01
 4.43000000e+02 2.00000000e+00 7.53174169e+01
 4.44000000e+02 2.00000000e+00 7.43564718e+01
 4.45000000e+02 2.00000000e+00 7.53955266e+01
 4.46000000e+02 2.00000000e+00 7.54345815e+01
 4.47000000e+02 2.00000000e+00 7.54736363e+01
 4.48000000e+02 2.00000000e+00 7.55126912e+01
 4.49000000e+02 2.00000000e+00 7.55517460e+01
 4.50000000e+02 2.00000000e+00 7.45908009e+01
 4.51000000e+02 2.00000000e+00 7.46298558e+01
 4.52000000e+02 2.00000000e+00 7.46689106e+01
 4.53000000e+02 2.00000000e+00 7.57079655e+01
 4.54000000e+02 2.00000000e+00 7.67470203e+01
 4.55000000e+02 2.00000000e+00 7.67860752e+01
 4.56000000e+02 2.00000000e+00 7.58251301e+01
 4.57000000e+02 2.00000000e+00 7.58641849e+01
 4.58000000e+02 2.00000000e+00 7.69032398e+01
 4.59000000e+02 2.00000000e+00 7.69422946e+01
 4.60000000e+02 2.00000000e+00 7.79813495e+01
 4.61000000e+02 2.00000000e+00 7.70204043e+01
 4.62000000e+02 2.00000000e+00 7.80594592e+01
 4.63000000e+02 2.00000000e+00 7.80985141e+01
 4.64000000e+02 2.00000000e+00 7.81375689e+01
 4.65000000e+02 2.00000000e+00 7.81766238e+01
 4.66000000e+02 2.00000000e+00 7.82156786e+01
 4.67000000e+02 2.00000000e+00 7.82547335e+01
 4.68000000e+02 2.00000000e+00 7.82937884e+01
 4.69000000e+02 2.00000000e+00 7.73328432e+01
 4.70000000e+02 2.00000000e+00 7.73718981e+01
 4.71000000e+02 2.00000000e+00 7.54109529e+01
 4.72000000e+02 2.00000000e+00 7.54500078e+01
 4.73000000e+02 2.00000000e+00 7.54890626e+01
 4.74000000e+02 2.00000000e+00 7.65281175e+01
 4.75000000e+02 2.00000000e+00 7.65671724e+01
 4.76000000e+02 2.00000000e+00 7.66062272e+01
 4.77000000e+02 2.00000000e+00 7.56452821e+01
 4.78000000e+02 2.00000000e+00 7.46843369e+01
 4.79000000e+02 2.00000000e+00 7.47233918e+01
 4.80000000e+02 2.00000000e+00 7.37624466e+01
 4.81000000e+02 2.00000000e+00 7.38015015e+01
 4.82000000e+02 2.00000000e+00 7.48405564e+01
 4.83000000e+02 2.00000000e+00 7.48796112e+01
 4.84000000e+02 2.00000000e+00 7.49186661e+01
 4.85000000e+02 2.00000000e+00 7.49577209e+01
 4.86000000e+02 2.00000000e+00 7.49967758e+01
 4.87000000e+02 2.00000000e+00 7.70358307e+01
 4.88000000e+02 2.00000000e+00 7.80748855e+01
 4.89000000e+02 2.00000000e+00 8.01139404e+01
 4.90000000e+02 2.00000000e+00 8.11529952e+01
 4.91000000e+02 2.00000000e+00 8.21920501e+01
 4.92000000e+02 2.00000000e+00 8.32311049e+01
 4.93000000e+02 2.00000000e+00 8.12701598e+01
 4.94000000e+02 2.00000000e+00 8.13092147e+01
 4.95000000e+02 2.00000000e+00 8.13482695e+01
 4.96000000e+02 2.00000000e+00 8.33873244e+01
 4.97000000e+02 2.00000000e+00 8.34263792e+01
 4.98000000e+02 2.00000000e+00 8.24654341e+01
 4.99000000e+02 2.00000000e+00 8.25044889e+01
 5.00000000e+02 2.00000000e+00 8.35435438e+01
 5.01000000e+02 2.00000000e+00 8.35825987e+01
 5.02000000e+02 2.00000000e+00 8.26216535e+01
 5.03000000e+02 2.00000000e+00 8.36607084e+01
 5.04000000e+02 2.00000000e+00 8.46997632e+01
 5.05000000e+02 2.00000000e+00 8.47388181e+01
 5.06000000e+02 2.00000000e+00 8.47778730e+01
 5.07000000e+02 2.00000000e+00 8.48169278e+01
 5.08000000e+02 2.00000000e+00 8.38559827e+01
 5.09000000e+02 2.00000000e+00 8.38950375e+01
 5.10000000e+02 2.00000000e+00 8.39340924e+01
 5.11000000e+02 2.00000000e+00 8.49731472e+01
 5.12000000e+02 2.00000000e+00 8.60122021e+01
 5.13000000e+02 2.00000000e+00 9.20512570e+01
 5.14000000e+02 2.00000000e+00 9.10903118e+01
 5.16000000e+02 2.00000000e+00 8.51684215e+01
 5.17000000e+02 2.00000000e+00 8.52074764e+01
 5.18000000e+02 2.00000000e+00 8.52465312e+01
 5.19000000e+02 2.00000000e+00 8.62855861e+01
 5.20000000e+02 2.00000000e+00 8.73246410e+01
 5.21000000e+02 2.00000000e+00 8.73636958e+01
 5.22000000e+02 2.00000000e+00 8.44027507e+01
 5.23000000e+02 2.00000000e+00 8.34418055e+01
 5.24000000e+02 2.00000000e+00 8.34808604e+01
 5.25000000e+02 2.00000000e+00 8.35199153e+01
 5.26000000e+02 2.00000000e+00 8.45589701e+01
 5.27000000e+02 2.00000000e+00 8.55980250e+01
 5.28000000e+02 2.00000000e+00 8.56370798e+01
 5.29000000e+02 2.00000000e+00 8.66761347e+01
 5.30000000e+02 2.00000000e+00 8.57151895e+01
 5.31000000e+02 2.00000000e+00 8.47542444e+01
 5.32000000e+02 2.00000000e+00 8.47932993e+01
 5.33000000e+02 2.00000000e+00 8.48323541e+01
 5.34000000e+02 2.00000000e+00 8.58714090e+01
 5.35000000e+02 2.00000000e+00 8.69104638e+01
 5.36000000e+02 2.00000000e+00 8.69495187e+01
 5.37000000e+02 2.00000000e+00 8.89885735e+01
 5.38000000e+02 2.00000000e+00 8.90276284e+01
 5.39000000e+02 2.00000000e+00 9.00666833e+01
 5.40000000e+02 2.00000000e+00 8.91057381e+01
 5.41000000e+02 2.00000000e+00 8.81447930e+01
 5.42000000e+02 2.00000000e+00 8.91838478e+01
 5.43000000e+02 2.00000000e+00 8.92229027e+01
 5.44000000e+02 2.00000000e+00 8.62619576e+01
 5.45000000e+02 2.00000000e+00 8.73010124e+01
 5.46000000e+02 2.00000000e+00 8.63400673e+01
 5.47000000e+02 2.00000000e+00 8.73791221e+01
 5.48000000e+02 2.00000000e+00 8.74181770e+01
 5.49000000e+02 2.00000000e+00 8.64572318e+01
 5.50000000e+02 2.00000000e+00 8.74962867e+01
 5.51000000e+02 2.00000000e+00 8.85353416e+01
 5.52000000e+02 2.00000000e+00 8.75743964e+01
 5.53000000e+02 2.00000000e+00 8.86134513e+01
 5.54000000e+02 2.00000000e+00 8.86525061e+01
 5.55000000e+02 2.00000000e+00 8.86915610e+01
 5.56000000e+02 2.00000000e+00 8.87306159e+01
 5.57000000e+02 2.00000000e+00 8.97696707e+01
 5.58000000e+02 2.00000000e+00 8.88087256e+01
 5.59000000e+02 2.00000000e+00 8.88477804e+01
 5.60000000e+02 2.00000000e+00 8.98868353e+01
 5.61000000e+02 2.00000000e+00 8.99258901e+01
 5.62000000e+02 2.00000000e+00 9.09649450e+01
 5.63000000e+02 2.00000000e+00 9.10039999e+01
 5.64000000e+02 2.00000000e+00 9.10430547e+01
 5.65000000e+02 2.00000000e+00 9.20821096e+01
 5.66000000e+02 2.00000000e+00 9.21211644e+01
 5.67000000e+02 2.00000000e+00 9.21602193e+01
 5.68000000e+02 2.00000000e+00 9.21992741e+01
 5.69000000e+02 2.00000000e+00 9.32383290e+01
 5.70000000e+02 2.00000000e+00 9.32773839e+01
 5.71000000e+02 2.00000000e+00 9.33164387e+01
 5.72000000e+02 2.00000000e+00 9.33554936e+01
 5.73000000e+02 2.00000000e+00 9.23945484e+01
 5.74000000e+02 2.00000000e+00 9.24336033e+01
 5.75000000e+02 2.00000000e+00 9.24726582e+01
 5.76000000e+02 2.00000000e+00 9.25117130e+01
 5.77000000e+02 2.00000000e+00 9.25507679e+01
 5.78000000e+02 2.00000000e+00 9.35898227e+01
 5.79000000e+02 2.00000000e+00 9.46288776e+01
 5.80000000e+02 2.00000000e+00 9.56679324e+01
 5.81000000e+02 2.00000000e+00 9.67069873e+01
 5.82000000e+02 2.00000000e+00 9.67460422e+01
 5.83000000e+02 2.00000000e+00 9.67850970e+01
 5.84000000e+02 2.00000000e+00 9.58241519e+01
 5.85000000e+02 2.00000000e+00 9.68632067e+01
 5.86000000e+02 2.00000000e+00 9.69022616e+01
 5.87000000e+02 2.00000000e+00 9.69413164e+01
 5.88000000e+02 2.00000000e+00 9.69803713e+01
 5.89000000e+02 2.00000000e+00 9.80194262e+01
 5.90000000e+02 2.00000000e+00 9.80584810e+01
 5.91000000e+02 2.00000000e+00 9.80975359e+01
 5.92000000e+02 2.00000000e+00 9.71365907e+01
 5.93000000e+02 2.00000000e+00 9.71756456e+01
 5.94000000e+02 2.00000000e+00 9.72147005e+01
 5.95000000e+02 2.00000000e+00 9.82537553e+01
 5.96000000e+02 2.00000000e+00 9.72928102e+01
 5.97000000e+02 2.00000000e+00 9.73318650e+01
 5.98000000e+02 2.00000000e+00 9.73709199e+01
 5.99000000e+02 2.00000000e+00 9.74099747e+01
 6.00000000e+02 2.00000000e+00 9.74490296e+01
 6.01000000e+02 2.00000000e+00 9.64880845e+01
 6.02000000e+02 2.00000000e+00 9.55271393e+01
 6.03000000e+02 2.00000000e+00 9.55661942e+01
 6.04000000e+02 2.00000000e+00 9.66052490e+01
 6.05000000e+02 2.00000000e+00 9.66443039e+01
 6.06000000e+02 2.00000000e+00 9.66833587e+01
 6.07000000e+02 2.00000000e+00 9.47224136e+01
 6.08000000e+02 2.00000000e+00 9.37614685e+01
 6.09000000e+02 2.00000000e+00 9.38005233e+01
 6.10000000e+02 2.00000000e+00 9.38395782e+01
 6.11000000e+02 2.00000000e+00 9.08786330e+01
 6.12000000e+02 2.00000000e+00 8.99176879e+01
 6.13000000e+02 2.00000000e+00 8.89567428e+01
 6.14000000e+02 2.00000000e+00 8.89957976e+01
 6.15000000e+02 2.00000000e+00 8.90348525e+01
 6.16000000e+02 2.00000000e+00 9.00739073e+01
 6.17000000e+02 2.00000000e+00 9.01129622e+01
 6.18000000e+02 2.00000000e+00 9.11520170e+01
 6.19000000e+02 2.00000000e+00 8.91910719e+01
 6.20000000e+02 2.00000000e+00 8.82301268e+01
 6.21000000e+02 2.00000000e+00 8.82691816e+01
 6.22000000e+02 2.00000000e+00 8.73082365e+01
 6.23000000e+02 2.00000000e+00 8.83472913e+01
 6.24000000e+02 2.00000000e+00 8.73863462e+01
 6.30000000e+02 2.00000000e+00 1.00620675e+02
 6.31000000e+02 2.00000000e+00 1.00659730e+02
 6.32000000e+02 2.00000000e+00 1.00698785e+02
 6.33000000e+02 2.00000000e+00 1.00737840e+02
 6.34000000e+02 2.00000000e+00 1.00776895e+02
 6.35000000e+02 2.00000000e+00 1.00815950e+02
 6.36000000e+02 2.00000000e+00 1.00855004e+02
 6.37000000e+02 2.00000000e+00 1.00894059e+02
 6.38000000e+02 2.00000000e+00 1.00933114e+02
 6.39000000e+02 2.00000000e+00 1.01972169e+02
 6.40000000e+02 2.00000000e+00 1.02011224e+02
 6.41000000e+02 2.00000000e+00 1.02050279e+02
 6.42000000e+02 2.00000000e+00 1.02089334e+02
 6.43000000e+02 2.00000000e+00 1.02128388e+02
 6.44000000e+02 2.00000000e+00 1.03167443e+02
 6.45000000e+02 2.00000000e+00 1.05206498e+02
 6.46000000e+02 2.00000000e+00 1.05245553e+02
 6.47000000e+02 2.00000000e+00 1.05284608e+02
 6.48000000e+02 2.00000000e+00 1.05323663e+02
 6.49000000e+02 2.00000000e+00 1.05362718e+02
 6.50000000e+02 2.00000000e+00 1.05401772e+02
 6.51000000e+02 2.00000000e+00 1.05440827e+02
 6.52000000e+02 2.00000000e+00 1.05479882e+02
 6.53000000e+02 2.00000000e+00 1.05518937e+02
 6.54000000e+02 2.00000000e+00 1.04557992e+02
 6.55000000e+02 2.00000000e+00 1.04597047e+02
 6.56000000e+02 2.00000000e+00 1.03636102e+02
 6.57000000e+02 2.00000000e+00 1.03675157e+02
 6.58000000e+02 2.00000000e+00 1.03714211e+02
 6.59000000e+02 2.00000000e+00 1.03753266e+02
 6.60000000e+02 2.00000000e+00 1.03792321e+02
 6.61000000e+02 2.00000000e+00 1.03831376e+02
 6.62000000e+02 2.00000000e+00 1.03870431e+02
 6.63000000e+02 2.00000000e+00 1.02909486e+02
 6.64000000e+02 2.00000000e+00 1.03948541e+02
 6.65000000e+02 2.00000000e+00 1.02987595e+02
 6.66000000e+02 2.00000000e+00 1.03026650e+02
 6.67000000e+02 2.00000000e+00 1.02065705e+02
 6.68000000e+02 2.00000000e+00 1.02104760e+02
 6.69000000e+02 2.00000000e+00 1.01143815e+02
 6.70000000e+02 2.00000000e+00 1.01182870e+02
 6.71000000e+02 2.00000000e+00 1.02221925e+02
 6.72000000e+02 2.00000000e+00 1.02260979e+02
 6.73000000e+02 2.00000000e+00 1.02300034e+02
 6.74000000e+02 2.00000000e+00 1.02339089e+02
 6.75000000e+02 2.00000000e+00 1.02378144e+02
 6.76000000e+02 2.00000000e+00 1.01417199e+02
 6.77000000e+02 2.00000000e+00 1.01456254e+02
 6.78000000e+02 2.00000000e+00 1.00495309e+02
 6.79000000e+02 2.00000000e+00 1.00534363e+02
 6.80000000e+02 2.00000000e+00 9.95734182e+01
 6.81000000e+02 2.00000000e+00 9.96124731e+01
 6.82000000e+02 2.00000000e+00 9.96515280e+01
 6.83000000e+02 2.00000000e+00 9.96905828e+01
 6.84000000e+02 2.00000000e+00 9.97296377e+01
 6.85000000e+02 2.00000000e+00 9.97686925e+01
 6.86000000e+02 2.00000000e+00 9.98077474e+01
 6.87000000e+02 2.00000000e+00 9.98468022e+01
 6.88000000e+02 2.00000000e+00 1.00885857e+02
 6.89000000e+02 2.00000000e+00 1.00924912e+02
 6.90000000e+02 2.00000000e+00 1.00963967e+02
 6.91000000e+02 2.00000000e+00 1.03003022e+02
 6.92000000e+02 2.00000000e+00 1.04042077e+02
