 8.50000000e+01 0.00000000e+00 4.35989521e+01
 8.60000000e+01 0.00000000e+00 4.35625090e+01
 8.70000000e+01 0.00000000e+00 4.35260659e+01
 8.80000000e+01 0.00000000e+00 4.34896228e+01
 8.90000000e+01 0.00000000e+00 4.34531797e+01
 9.00000000e+01 0.00000000e+00 4.34167366e+01
 9.10000000e+01 0.00000000e+00 4.33802935e+01
 9.20000000e+01 0.00000000e+00 4.33438505e+01
 9.30000000e+01 0.00000000e+00 4.23074074e+01
 9.40000000e+01 0.00000000e+00 4.22709643e+01
 9.50000000e+01 0.00000000e+00 4.22345212e+01
 9.60000000e+01 0.00000000e+00 4.11980781e+01
 9.70000000e+01 0.00000000e+00 4.11616350e+01
 9.80000000e+01 0.00000000e+00 4.11251919e+01
 9.90000000e+01 0.00000000e+00 4.10887489e+01
 1.00000000e+02 0.00000000e+00 4.10523058e+01
 1.01000000e+02 0.00000000e+00 4.20158627e+01
 1.02000000e+02 0.00000000e+00 4.09794196e+01
 1.03000000e+02 0.00000000e+00 4.09429765e+01
 1.04000000e+02 0.00000000e+00 4.09065334e+01
 1.05000000e+02 0.00000000e+00 4.08700903e+01
 1.06000000e+02 0.00000000e+00 4.08336473e+01
 1.07000000e+02 0.00000000e+00 4.07972042e+01
 1.08000000e+02 0.00000000e+00 4.07607611e+01
 1.09000000e+02 0.00000000e+00 4.07243180e+01
 1.11000000e+02 0.00000000e+00 4.06514318e+01
 1.12000000e+02 0.00000000e+00 4.06149887e+01
 1.13000000e+02 0.00000000e+00 4.05785457e+01
 1.14000000e+02 0.00000000e+00 4.05421026e+01
 1.15000000e+02 0.00000000e+00 4.05056595e+01
 1.16000000e+02 0.00000000e+00 4.04692164e+01
 1.17000000e+02 0.00000000e+00 4.04327733e+01
 1.18000000e+02 0.00000000e+00 3.93963302e+01
 1.19000000e+02 0.00000000e+00 4.03598871e+01
 1.20000000e+02 0.00000000e+00 4.03234441e+01
 1.21000000e+02 0.00000000e+00 3.92870010e+01
 1.22000000e+02 0.00000000e+00 3.92505579e+01
 1.23000000e+02 0.00000000e+00 3.92141148e+01
 1.24000000e+02 0.00000000e+00 3.91776717e+01
 1.25000000e+02 0.00000000e+00 3.91412286e+01
 1.26000000e+02 0.00000000e+00 3.91047855e+01
 1.27000000e+02 0.00000000e+00 3.90683425e+01
 1.28000000e+02 0.00000000e+00 3.90318994e+01
 1.29000000e+02 0.00000000e+00 3.89954563e+01
 1.30000000e+02 0.00000000e+00 3.89590132e+01
 1.31000000e+02 0.00000000e+00 3.99225701e+01
 1.32000000e+02 0.00000000e+00 3.88861270e+01
 1.33000000e+02 0.00000000e+00 3.88496839e+01
 1.34000000e+02 0.00000000e+00 3.88132409e+01
 1.35000000e+02 0.00000000e+00 3.97767978e+01
 1.36000000e+02 0.00000000e+00 3.97403547e+01
 1.37000000e+02 0.00000000e+00 3.97039116e+01
 1.38000000e+02 0.00000000e+00 3.86674685e+01
 1.39000000e+02 0.00000000e+00 3.86310254e+01
 1.40000000e+02 0.00000000e+00 3.85945823e+01
 1.41000000e+02 0.00000000e+00 3.85581393e+01
 1.42000000e+02 0.00000000e+00 3.85216962e+01
 1.43000000e+02 0.00000000e+00 3.94852531e+01
 1.44000000e+02 0.00000000e+00 3.94488100e+01
 1.45000000e+02 0.00000000e+00 3.84123669e+01
 1.46000000e+02 0.00000000e+00 3.83759238e+01
 1.47000000e+02 0.00000000e+00 3.83394807e+01
 1.48000000e+02 0.00000000e+00 3.83030377e+01
 1.49000000e+02 0.00000000e+00 3.82665946e+01
 1.50000000e+02 0.00000000e+00 3.82301515e+01
 1.52000000e+02 0.00000000e+00 3.81572653e+01
 1.53000000e+02 0.00000000e+00 3.91208222e+01
 1.54000000e+02 0.00000000e+00 3.90843791e+01
 1.55000000e+02 0.00000000e+00 3.90479361e+01
 1.56000000e+02 0.00000000e+00 3.90114930e+01
 1.57000000e+02 0.00000000e+00 3.79750499e+01
 1.58000000e+02 0.00000000e+00 3.79386068e+01
 1.59000000e+02 0.00000000e+00 3.79021637e+01
 1.60000000e+02 0.00000000e+00 3.78657206e+01
 1.61000000e+02 0.00000000e+00 3.88292775e+01
 1.62000000e+02 0.00000000e+00 3.87928344e+01
 1.63000000e+02 0.00000000e+00 3.87563914e+01
 1.64000000e+02 0.00000000e+00 3.87199483e+01
 1.65000000e+02 0.00000000e+00 3.86835052e+01
 1.66000000e+02 0.00000000e+00 3.86470621e+01
 1.67000000e+02 0.00000000e+00 3.76106190e+01
 1.68000000e+02 0.00000000e+00 3.85741759e+01
 1.69000000e+02 0.00000000e+00 3.85377328e+01
 1.70000000e+02 0.00000000e+00 3.85012898e+01
 1.71000000e+02 0.00000000e+00 3.84648467e+01
 1.72000000e+02 0.00000000e+00 3.84284036e+01
 1.73000000e+02 0.00000000e+00 3.83919605e+01
 1.74000000e+02 0.00000000e+00 3.83555174e+01
 1.75000000e+02 0.00000000e+00 3.83190743e+01
 1.76000000e+02 0.00000000e+00 3.82826312e+01
 1.77000000e+02 0.00000000e+00 3.82461882e+01
 1.78000000e+02 0.00000000e+00 3.82097451e+01
 1.79000000e+02 0.00000000e+00 3.81733020e+01
 1.80000000e+02 0.00000000e+00 3.81368589e+01
 1.81000000e+02 0.00000000e+00 3.81004158e+01
 1.82000000e+02 0.00000000e+00 3.80639727e+01
 1.83000000e+02 0.00000000e+00 3.80275296e+01
 1.84000000e+02 0.00000000e+00 3.79910866e+01
 1.85000000e+02 0.00000000e+00 3.79546435e+01
 1.86000000e+02 0.00000000e+00 3.79182004e+01
 1.87000000e+02 0.00000000e+00 3.78817573e+01
 1.88000000e+02 0.00000000e+00 3.78453142e+01
 1.89000000e+02 0.00000000e+00 3.78088711e+01
 1.90000000e+02 0.00000000e+00 3.77724280e+01
 1.91000000e+02 0.00000000e+00 3.87359850e+01
 1.92000000e+02 0.00000000e+00 3.86995419e+01
 1.93000000e+02 0.00000000e+00 3.86630988e+01
 1.94000000e+02 0.00000000e+00 3.86266557e+01
 1.95000000e+02 0.00000000e+00 3.85902126e+01
 1.96000000e+02 0.00000000e+00 3.85537695e+01
 1.97000000e+02 0.00000000e+00 3.85173264e+01
 1.98000000e+02 0.00000000e+00 3.84808834e+01
 1.99000000e+02 0.00000000e+00 3.84444403e+01
 2.00000000e+02 0.00000000e+00 3.84079972e+01
 2.01000000e+02 0.00000000e+00 3.83715541e+01
 2.02000000e+02 0.00000000e+00 3.83351110e+01
 2.03000000e+02 0.00000000e+00 3.92986679e+01
 2.04000000e+02 0.00000000e+00 3.92622248e+01
 2.05000000e+02 0.00000000e+00 3.92257818e+01
 2.06000000e+02 0.00000000e+00 3.91893387e+01
 2.07000000e+02 0.00000000e+00 3.91528956e+01
 2.08000000e+02 0.00000000e+00 3.91164525e+01
 2.09000000e+02 0.00000000e+00 3.90800094e+01
 2.10000000e+02 0.00000000e+00 3.90435663e+01
 2.11000000e+02 0.00000000e+00 3.90071232e+01
 2.12000000e+02 0.00000000e+00 3.89706802e+01
 2.13000000e+02 0.00000000e+00 3.89342371e+01
 2.14000000e+02 0.00000000e+00 3.88977940e+01
 2.15000000e+02 0.00000000e+00 3.88613509e+01
 2.16000000e+02 0.00000000e+00 3.88249078e+01
 2.17000000e+02 0.00000000e+00 3.87884647e+01
 2.18000000e+02 0.00000000e+00 3.87520216e+01
 2.19000000e+02 0.00000000e+00 3.87155786e+01
 2.43000000e+02 0.00000000e+00 4.18409445e+01
 2.44000000e+02 0.00000000e+00 4.18045014e+01
 2.45000000e+02 0.00000000e+00 4.17680583e+01
 2.46000000e+02 0.00000000e+00 4.17316152e+01
 2.47000000e+02 0.00000000e+00 4.16951721e+01
 2.48000000e+02 0.00000000e+00 4.16587291e+01
 2.49000000e+02 0.00000000e+00 4.26222860e+01
 2.50000000e+02 0.00000000e+00 4.25858429e+01
 2.51000000e+02 0.00000000e+00 4.25493998e+01
 2.52000000e+02 0.00000000e+00 4.25129567e+01
 2.53000000e+02 0.00000000e+00 4.24765136e+01
 2.54000000e+02 0.00000000e+00 4.24400705e+01
 2.55000000e+02 0.00000000e+00 4.24036275e+01
 2.56000000e+02 0.00000000e+00 4.23671844e+01
 2.57000000e+02 0.00000000e+00 4.33307413e+01
 2.58000000e+02 0.00000000e+00 4.32942982e+01
 2.59000000e+02 0.00000000e+00 4.32578551e+01
 2.60000000e+02 0.00000000e+00 4.32214120e+01
 2.61000000e+02 0.00000000e+00 4.31849689e+01
 2.62000000e+02 0.00000000e+00 4.31485259e+01
 2.63000000e+02 0.00000000e+00 4.31120828e+01
 2.64000000e+02 0.00000000e+00 4.30756397e+01
 2.65000000e+02 0.00000000e+00 4.30391966e+01
 2.66000000e+02 0.00000000e+00 4.30027535e+01
 2.67000000e+02 0.00000000e+00 4.29663104e+01
 2.68000000e+02 0.00000000e+00 4.29298673e+01
 2.69000000e+02 0.00000000e+00 4.38934243e+01
 2.70000000e+02 0.00000000e+00 4.38569812e+01
 2.71000000e+02 0.00000000e+00 4.38205381e+01
 2.72000000e+02 0.00000000e+00 4.37840950e+01
 2.73000000e+02 0.00000000e+00 4.37476519e+01
 2.74000000e+02 0.00000000e+00 4.37112088e+01
 2.75000000e+02 0.00000000e+00 4.46747657e+01
 2.76000000e+02 0.00000000e+00 4.46383227e+01
 2.77000000e+02 0.00000000e+00 4.46018796e+01
 2.78000000e+02 0.00000000e+00 4.45654365e+01
 2.79000000e+02 0.00000000e+00 4.45289934e+01
 2.80000000e+02 0.00000000e+00 4.44925503e+01
 2.81000000e+02 0.00000000e+00 4.44561072e+01
 2.82000000e+02 0.00000000e+00 4.44196641e+01
 2.83000000e+02 0.00000000e+00 4.43832211e+01
 2.84000000e+02 0.00000000e+00 4.43467780e+01
 2.85000000e+02 0.00000000e+00 4.43103349e+01
 2.86000000e+02 0.00000000e+00 4.42738918e+01
 2.87000000e+02 0.00000000e+00 4.42374487e+01
 2.88000000e+02 0.00000000e+00 4.42010056e+01
 2.89000000e+02 0.00000000e+00 4.41645625e+01
 2.90000000e+02 0.00000000e+00 4.41281195e+01
 2.91000000e+02 0.00000000e+00 4.50916764e+01
 2.92000000e+02 0.00000000e+00 4.50552333e+01
 2.93000000e+02 0.00000000e+00 4.50187902e+01
 2.94000000e+02 0.00000000e+00 4.39823471e+01
 2.95000000e+02 0.00000000e+00 4.39459040e+01
 2.96000000e+02 0.00000000e+00 4.39094609e+01
 2.97000000e+02 0.00000000e+00 4.48730178e+01
 2.98000000e+02 0.00000000e+00 4.48365748e+01
 2.99000000e+02 0.00000000e+00 4.48001317e+01
 3.00000000e+02 0.00000000e+00 4.37636886e+01
 3.01000000e+02 0.00000000e+00 4.37272455e+01
 3.02000000e+02 0.00000000e+00 4.46908024e+01
 3.03000000e+02 0.00000000e+00 4.46543593e+01
 3.04000000e+02 0.00000000e+00 4.46179162e+01
 3.05000000e+02 0.00000000e+00 4.45814732e+01
 3.06000000e+02 0.00000000e+00 4.45450301e+01
 3.07000000e+02 0.00000000e+00 4.55085870e+01
 3.08000000e+02 0.00000000e+00 4.54721439e+01
 3.09000000e+02 0.00000000e+00 4.54357008e+01
 3.10000000e+02 0.00000000e+00 4.53992577e+01
 3.11000000e+02 0.00000000e+00 4.53628146e+01
 3.12000000e+02 0.00000000e+00 4.53263716e+01
 3.13000000e+02 0.00000000e+00 4.52899285e+01
 3.14000000e+02 0.00000000e+00 4.52534854e+01
 3.15000000e+02 0.00000000e+00 4.52170423e+01
 3.16000000e+02 0.00000000e+00 4.61805992e+01
 3.17000000e+02 0.00000000e+00 4.51441561e+01
 3.18000000e+02 0.00000000e+00 4.51077130e+01
 3.19000000e+02 0.00000000e+00 4.50712700e+01
 3.20000000e+02 0.00000000e+00 4.50348269e+01
 3.21000000e+02 0.00000000e+00 4.49983838e+01
 3.22000000e+02 0.00000000e+00 4.49619407e+01
 3.23000000e+02 0.00000000e+00 4.49254976e+01
 3.24000000e+02 0.00000000e+00 4.48890545e+01
 3.25000000e+02 0.00000000e+00 4.48526114e+01
 3.26000000e+02 0.00000000e+00 4.58161684e+01
 3.27000000e+02 0.00000000e+00 4.47797253e+01
 3.28000000e+02 0.00000000e+00 4.47432822e+01
 3.29000000e+02 0.00000000e+00 4.47068391e+01
 3.30000000e+02 0.00000000e+00 4.46703960e+01
 3.31000000e+02 0.00000000e+00 4.46339529e+01
 3.32000000e+02 0.00000000e+00 4.45975098e+01
 3.33000000e+02 0.00000000e+00 4.45610668e+01
 3.34000000e+02 0.00000000e+00 4.45246237e+01
 3.35000000e+02 0.00000000e+00 4.44881806e+01
 3.36000000e+02 0.00000000e+00 4.44517375e+01
 3.37000000e+02 0.00000000e+00 4.44152944e+01
 3.38000000e+02 0.00000000e+00 4.43788513e+01
 3.39000000e+02 0.00000000e+00 4.43424082e+01
 3.40000000e+02 0.00000000e+00 4.43059652e+01
 3.42000000e+02 0.00000000e+00 4.42330790e+01
 3.43000000e+02 0.00000000e+00 4.41966359e+01
 3.44000000e+02 0.00000000e+00 4.51601928e+01
 3.45000000e+02 0.00000000e+00 4.51237497e+01
 3.46000000e+02 0.00000000e+00 4.50873066e+01
 3.47000000e+02 0.00000000e+00 4.40508636e+01
 3.48000000e+02 0.00000000e+00 4.40144205e+01
 3.49000000e+02 0.00000000e+00 4.39779774e+01
 3.50000000e+02 0.00000000e+00 4.39415343e+01
 3.51000000e+02 0.00000000e+00 4.39050912e+01
 3.52000000e+02 0.00000000e+00 4.38686481e+01
 3.53000000e+02 0.00000000e+00 4.38322050e+01
 3.54000000e+02 0.00000000e+00 4.37957620e+01
 3.55000000e+02 0.00000000e+00 4.37593189e+01
 3.56000000e+02 0.00000000e+00 4.37228758e+01
 3.57000000e+02 0.00000000e+00 4.36864327e+01
 3.58000000e+02 0.00000000e+00 4.36499896e+01
 3.59000000e+02 0.00000000e+00 4.36135465e+01
 3.60000000e+02 0.00000000e+00 4.45771034e+01
 3.61000000e+02 0.00000000e+00 4.45406604e+01
 3.62000000e+02 0.00000000e+00 4.45042173e+01
 3.63000000e+02 0.00000000e+00 4.44677742e+01
 3.64000000e+02 0.00000000e+00 4.44313311e+01
 3.65000000e+02 0.00000000e+00 4.33948880e+01
 3.66000000e+02 0.00000000e+00 4.33584449e+01
 3.67000000e+02 0.00000000e+00 4.33220018e+01
 3.68000000e+02 0.00000000e+00 4.32855587e+01
 3.69000000e+02 0.00000000e+00 4.42491157e+01
 3.70000000e+02 0.00000000e+00 4.42126726e+01
 3.71000000e+02 0.00000000e+00 4.41762295e+01
 3.72000000e+02 0.00000000e+00 4.41397864e+01
 3.73000000e+02 0.00000000e+00 4.41033433e+01
 3.74000000e+02 0.00000000e+00 4.40669002e+01
 3.75000000e+02 0.00000000e+00 4.40304571e+01
 3.76000000e+02 0.00000000e+00 4.39940141e+01
 3.77000000e+02 0.00000000e+00 4.29575710e+01
 3.78000000e+02 0.00000000e+00 4.29211279e+01
 3.79000000e+02 0.00000000e+00 4.28846848e+01
 3.80000000e+02 0.00000000e+00 4.38482417e+01
 3.81000000e+02 0.00000000e+00 4.38117986e+01
 3.82000000e+02 0.00000000e+00 4.37753555e+01
 3.83000000e+02 0.00000000e+00 4.27389125e+01
 3.84000000e+02 0.00000000e+00 4.37024694e+01
 3.85000000e+02 0.00000000e+00 4.36660263e+01
 3.86000000e+02 0.00000000e+00 4.36295832e+01
 3.87000000e+02 0.00000000e+00 4.25931401e+01
 3.88000000e+02 0.00000000e+00 4.35566970e+01
 3.89000000e+02 0.00000000e+00 4.35202539e+01
 3.90000000e+02 0.00000000e+00 4.34838109e+01
 3.91000000e+02 0.00000000e+00 4.34473678e+01
 3.92000000e+02 0.00000000e+00 4.34109247e+01
 3.93000000e+02 0.00000000e+00 4.33744816e+01
 3.94000000e+02 0.00000000e+00 4.33380385e+01
 3.95000000e+02 0.00000000e+00 4.33015954e+01
 3.96000000e+02 0.00000000e+00 4.32651523e+01
 3.97000000e+02 0.00000000e+00 4.32287093e+01
 3.98000000e+02 0.00000000e+00 4.31922662e+01
 3.99000000e+02 0.00000000e+00 4.31558231e+01
 4.00000000e+02 0.00000000e+00 4.31193800e+01
 4.01000000e+02 0.00000000e+00 4.30829369e+01
 4.02000000e+02 0.00000000e+00 4.30464938e+01
 4.03000000e+02 0.00000000e+00 4.30100507e+01
 4.04000000e+02 0.00000000e+00 4.29736077e+01
 4.05000000e+02 0.00000000e+00 4.29371646e+01
 4.06000000e+02 0.00000000e+00 4.29007215e+01
 4.07000000e+02 0.00000000e+00 4.28642784e+01
 4.08000000e+02 0.00000000e+00 4.28278353e+01
 4.09000000e+02 0.00000000e+00 4.27913922e+01
 4.10000000e+02 0.00000000e+00 4.27549491e+01
 4.11000000e+02 0.00000000e+00 4.27185061e+01
 4.12000000e+02 0.00000000e+00 4.26820630e+01
 4.13000000e+02 0.00000000e+00 4.16456199e+01
 4.14000000e+02 0.00000000e+00 4.26091768e+01
 4.15000000e+02 0.00000000e+00 4.15727337e+01
 4.16000000e+02 0.00000000e+00 4.15362906e+01
 4.17000000e+02 0.00000000e+00 4.14998475e+01
 4.18000000e+02 0.00000000e+00 4.24634045e+01
 4.19000000e+02 0.00000000e+00 4.24269614e+01
 4.20000000e+02 0.00000000e+00 4.23905183e+01
 4.21000000e+02 0.00000000e+00 4.23540752e+01
 4.22000000e+02 0.00000000e+00 4.23176321e+01
 4.23000000e+02 0.00000000e+00 4.22811890e+01
 4.24000000e+02 0.00000000e+00 4.22447459e+01
 4.25000000e+02 0.00000000e+00 4.22083029e+01
 4.26000000e+02 0.00000000e+00 4.11718598e+01
 4.27000000e+02 0.00000000e+00 4.11354167e+01
 4.28000000e+02 0.00000000e+00 4.10989736e+01
 4.29000000e+02 0.00000000e+00 4.10625305e+01
 4.30000000e+02 0.00000000e+00 4.10260874e+01
 4.31000000e+02 0.00000000e+00 4.09896443e+01
 4.32000000e+02 0.00000000e+00 4.09532012e+01
 4.33000000e+02 0.00000000e+00 4.09167582e+01
 4.34000000e+02 0.00000000e+00 4.08803151e+01
 4.35000000e+02 0.00000000e+00 4.08438720e+01
 4.36000000e+02 0.00000000e+00 4.08074289e+01
 4.37000000e+02 0.00000000e+00 4.07709858e+01
 4.38000000e+02 0.00000000e+00 4.07345427e+01
 4.39000000e+02 0.00000000e+00 4.06980996e+01
 4.40000000e+02 0.00000000e+00 4.06616566e+01
 4.41000000e+02 0.00000000e+00 4.06252135e+01
 4.42000000e+02 0.00000000e+00 4.15887704e+01
 4.43000000e+02 0.00000000e+00 4.15523273e+01
 4.44000000e+02 0.00000000e+00 4.15158842e+01
 4.45000000e+02 0.00000000e+00 4.14794411e+01
 4.46000000e+02 0.00000000e+00 4.14429980e+01
 4.47000000e+02 0.00000000e+00 4.04065550e+01
 4.48000000e+02 0.00000000e+00 4.03701119e+01
 4.49000000e+02 0.00000000e+00 3.93336688e+01
 4.50000000e+02 0.00000000e+00 4.02972257e+01
 4.51000000e+02 0.00000000e+00 4.02607826e+01
 4.52000000e+02 0.00000000e+00 4.02243395e+01
 4.53000000e+02 0.00000000e+00 4.01878964e+01
 4.54000000e+02 0.00000000e+00 3.91514534e+01
 4.55000000e+02 0.00000000e+00 3.91150103e+01
 4.56000000e+02 0.00000000e+00 3.90785672e+01
 4.57000000e+02 0.00000000e+00 4.00421241e+01
 4.58000000e+02 0.00000000e+00 4.00056810e+01
 4.59000000e+02 0.00000000e+00 3.89692379e+01
 4.60000000e+02 0.00000000e+00 3.89327948e+01
 4.61000000e+02 0.00000000e+00 3.88963518e+01
 4.62000000e+02 0.00000000e+00 3.88599087e+01
 4.63000000e+02 0.00000000e+00 3.88234656e+01
 4.64000000e+02 0.00000000e+00 3.87870225e+01
 4.65000000e+02 0.00000000e+00 3.87505794e+01
 4.66000000e+02 0.00000000e+00 3.87141363e+01
 4.67000000e+02 0.00000000e+00 3.86776932e+01
 4.68000000e+02 0.00000000e+00 3.86412502e+01
 4.69000000e+02 0.00000000e+00 3.86048071e+01
 4.70000000e+02 0.00000000e+00 3.85683640e+01
 4.71000000e+02 0.00000000e+00 3.85319209e+01
 4.72000000e+02 0.00000000e+00 3.74954778e+01
 4.73000000e+02 0.00000000e+00 3.74590347e+01
 4.74000000e+02 0.00000000e+00 3.74225916e+01
 4.75000000e+02 0.00000000e+00 3.73861486e+01
 4.76000000e+02 0.00000000e+00 3.73497055e+01
 4.77000000e+02 0.00000000e+00 3.73132624e+01
 4.78000000e+02 0.00000000e+00 3.72768193e+01
 4.79000000e+02 0.00000000e+00 3.72403762e+01
 4.80000000e+02 0.00000000e+00 3.62039331e+01
 4.81000000e+02 0.00000000e+00 3.61674900e+01
 4.82000000e+02 0.00000000e+00 3.61310470e+01
 4.83000000e+02 0.00000000e+00 3.60946039e+01
 4.84000000e+02 0.00000000e+00 3.60581608e+01
 4.85000000e+02 0.00000000e+00 3.60217177e+01
 4.86000000e+02 0.00000000e+00 3.59852746e+01
 4.87000000e+02 0.00000000e+00 3.59488315e+01
 4.88000000e+02 0.00000000e+00 3.59123884e+01
 4.89000000e+02 0.00000000e+00 3.58759454e+01
 4.90000000e+02 0.00000000e+00 3.58395023e+01
 4.91000000e+02 0.00000000e+00 3.58030592e+01
 4.92000000e+02 0.00000000e+00 3.57666161e+01
 4.93000000e+02 0.00000000e+00 3.57301730e+01
 4.94000000e+02 0.00000000e+00 3.56937299e+01
 4.95000000e+02 0.00000000e+00 3.56572868e+01
 4.96000000e+02 0.00000000e+00 3.56208438e+01
 4.97000000e+02 0.00000000e+00 3.45844007e+01
 4.98000000e+02 0.00000000e+00 3.45479576e+01
 4.99000000e+02 0.00000000e+00 3.45115145e+01
 5.00000000e+02 0.00000000e+00 3.44750714e+01
 5.01000000e+02 0.00000000e+00 3.44386283e+01
 5.02000000e+02 0.00000000e+00 3.34021852e+01
 5.03000000e+02 0.00000000e+00 3.43657421e+01
 5.04000000e+02 0.00000000e+00 3.33292991e+01
 5.05000000e+02 0.00000000e+00 3.32928560e+01
 5.06000000e+02 0.00000000e+00 3.32564129e+01
 5.07000000e+02 0.00000000e+00 3.32199698e+01
 5.08000000e+02 0.00000000e+00 3.31835267e+01
 5.09000000e+02 0.00000000e+00 3.31470836e+01
 5.10000000e+02 0.00000000e+00 3.31106405e+01
 5.11000000e+02 0.00000000e+00 3.20741975e+01
 5.12000000e+02 0.00000000e+00 3.20377544e+01
 5.13000000e+02 0.00000000e+00 3.20013113e+01
 5.14000000e+02 0.00000000e+00 3.19648682e+01
 5.15000000e+02 0.00000000e+00 3.19284251e+01
 5.16000000e+02 0.00000000e+00 3.08919820e+01
 5.17000000e+02 0.00000000e+00 3.08555389e+01
 5.18000000e+02 0.00000000e+00 3.08190959e+01
 5.19000000e+02 0.00000000e+00 3.17826528e+01
 5.20000000e+02 0.00000000e+00 3.17462097e+01
 5.21000000e+02 0.00000000e+00 3.07097666e+01
 5.22000000e+02 0.00000000e+00 3.06733235e+01
 5.23000000e+02 0.00000000e+00 3.06368804e+01
 5.24000000e+02 0.00000000e+00 3.06004373e+01
 5.25000000e+02 0.00000000e+00 2.95639943e+01
 5.26000000e+02 0.00000000e+00 2.95275512e+01
 5.27000000e+02 0.00000000e+00 3.04911081e+01
 5.28000000e+02 0.00000000e+00 3.04546650e+01
 5.29000000e+02 0.00000000e+00 3.04182219e+01
 5.30000000e+02 0.00000000e+00 3.03817788e+01
 5.31000000e+02 0.00000000e+00 2.93453357e+01
 5.32000000e+02 0.00000000e+00 2.93088927e+01
 5.33000000e+02 0.00000000e+00 2.92724496e+01
 5.34000000e+02 0.00000000e+00 2.92360065e+01
 5.35000000e+02 0.00000000e+00 2.91995634e+01
 5.36000000e+02 0.00000000e+00 2.91631203e+01
 5.37000000e+02 0.00000000e+00 2.91266772e+01
 5.38000000e+02 0.00000000e+00 2.80902341e+01
 5.39000000e+02 0.00000000e+00 2.80537911e+01
 5.40000000e+02 0.00000000e+00 2.80173480e+01
 5.41000000e+02 0.00000000e+00 2.69809049e+01
 5.42000000e+02 0.00000000e+00 2.79444618e+01
 5.43000000e+02 0.00000000e+00 2.79080187e+01
 5.44000000e+02 0.00000000e+00 2.78715756e+01
 5.45000000e+02 0.00000000e+00 2.78351325e+01
 5.46000000e+02 0.00000000e+00 2.77986895e+01
 5.47000000e+02 0.00000000e+00 2.67622464e+01
 5.48000000e+02 0.00000000e+00 2.57258033e+01
 5.49000000e+02 0.00000000e+00 2.56893602e+01
 5.50000000e+02 0.00000000e+00 2.56529171e+01
 5.51000000e+02 0.00000000e+00 2.56164740e+01
 5.52000000e+02 0.00000000e+00 2.55800309e+01
 5.53000000e+02 0.00000000e+00 2.55435879e+01
 5.54000000e+02 0.00000000e+00 2.55071448e+01
 5.55000000e+02 0.00000000e+00 2.54707017e+01
 5.56000000e+02 0.00000000e+00 2.44342586e+01
 5.57000000e+02 0.00000000e+00 2.43978155e+01
 5.58000000e+02 0.00000000e+00 2.43613724e+01
 5.59000000e+02 0.00000000e+00 2.43249293e+01
 5.60000000e+02 0.00000000e+00 2.42884863e+01
 5.61000000e+02 0.00000000e+00 2.42520432e+01
 5.62000000e+02 0.00000000e+00 2.42156001e+01
 5.63000000e+02 0.00000000e+00 2.41791570e+01
 5.64000000e+02 0.00000000e+00 2.41427139e+01
 5.65000000e+02 0.00000000e+00 2.41062708e+01
 5.66000000e+02 0.00000000e+00 2.40698277e+01
 5.67000000e+02 0.00000000e+00 2.40333846e+01
 5.68000000e+02 0.00000000e+00 2.29969416e+01
 5.69000000e+02 0.00000000e+00 2.29604985e+01
 5.70000000e+02 0.00000000e+00 2.29240554e+01
 5.71000000e+02 0.00000000e+00 2.18876123e+01
 5.72000000e+02 0.00000000e+00 2.18511692e+01
 5.73000000e+02 0.00000000e+00 2.18147261e+01
 5.74000000e+02 0.00000000e+00 2.27782830e+01
 5.75000000e+02 0.00000000e+00 2.27418400e+01
 5.76000000e+02 0.00000000e+00 2.27053969e+01
 5.77000000e+02 0.00000000e+00 2.26689538e+01
 5.78000000e+02 0.00000000e+00 2.26325107e+01
 5.79000000e+02 0.00000000e+00 2.25960676e+01
 5.80000000e+02 0.00000000e+00 2.35596245e+01
 5.81000000e+02 0.00000000e+00 2.35231814e+01
 5.82000000e+02 0.00000000e+00 2.34867384e+01
 5.83000000e+02 0.00000000e+00 2.34502953e+01
 5.84000000e+02 0.00000000e+00 2.34138522e+01
 5.85000000e+02 0.00000000e+00 2.23774091e+01
 5.86000000e+02 0.00000000e+00 2.23409660e+01
 5.87000000e+02 0.00000000e+00 2.23045229e+01
 5.88000000e+02 0.00000000e+00 2.22680798e+01
 5.89000000e+02 0.00000000e+00 2.32316368e+01
 5.90000000e+02 0.00000000e+00 2.31951937e+01
 5.91000000e+02 0.00000000e+00 2.31587506e+01
 5.92000000e+02 0.00000000e+00 2.21223075e+01
 5.93000000e+02 0.00000000e+00 2.20858644e+01
 5.94000000e+02 0.00000000e+00 2.20494213e+01
 5.95000000e+02 0.00000000e+00 2.10129782e+01
 5.96000000e+02 0.00000000e+00 2.09765352e+01
 5.97000000e+02 0.00000000e+00 2.09400921e+01
 5.98000000e+02 0.00000000e+00 2.09036490e+01
 5.99000000e+02 0.00000000e+00 2.18672059e+01
 6.00000000e+02 0.00000000e+00 2.18307628e+01
 6.01000000e+02 0.00000000e+00 2.17943197e+01
 6.02000000e+02 0.00000000e+00 2.17578766e+01
 6.03000000e+02 0.00000000e+00 2.17214336e+01
 6.04000000e+02 0.00000000e+00 2.16849905e+01
 6.05000000e+02 0.00000000e+00 2.16485474e+01
 6.06000000e+02 0.00000000e+00 2.16121043e+01
 6.07000000e+02 0.00000000e+00 2.15756612e+01
 6.08000000e+02 0.00000000e+00 2.05392181e+01
 6.09000000e+02 0.00000000e+00 2.15027750e+01
 6.10000000e+02 0.00000000e+00 2.24663320e+01
 6.11000000e+02 0.00000000e+00 2.24298889e+01
 6.12000000e+02 0.00000000e+00 2.23934458e+01
 6.13000000e+02 0.00000000e+00 2.23570027e+01
 6.14000000e+02 0.00000000e+00 2.23205596e+01
 6.15000000e+02 0.00000000e+00 2.32841165e+01
 6.16000000e+02 0.00000000e+00 2.32476734e+01
 6.17000000e+02 0.00000000e+00 2.32112304e+01
 6.18000000e+02 0.00000000e+00 2.31747873e+01
 6.19000000e+02 0.00000000e+00 2.31383442e+01
 6.20000000e+02 0.00000000e+00 2.41019011e+01
 6.21000000e+02 0.00000000e+00 2.40654580e+01
 6.22000000e+02 0.00000000e+00 2.40290149e+01
 6.23000000e+02 0.00000000e+00 2.39925718e+01
 6.24000000e+02 0.00000000e+00 2.39561288e+01
 6.25000000e+02 0.00000000e+00 2.49196857e+01
 6.26000000e+02 0.00000000e+00 2.48832426e+01
 6.27000000e+02 0.00000000e+00 2.48467995e+01
 6.28000000e+02 0.00000000e+00 2.48103564e+01
 6.29000000e+02 0.00000000e+00 2.47739133e+01
 6.30000000e+02 0.00000000e+00 2.57374702e+01
 6.31000000e+02 0.00000000e+00 2.47010272e+01
 6.32000000e+02 0.00000000e+00 2.56645841e+01
 6.33000000e+02 0.00000000e+00 2.56281410e+01
 6.34000000e+02 0.00000000e+00 2.45916979e+01
 6.35000000e+02 0.00000000e+00 2.55552548e+01
 6.36000000e+02 0.00000000e+00 2.55188117e+01
 6.37000000e+02 0.00000000e+00 2.54823686e+01
 6.38000000e+02 0.00000000e+00 2.54459255e+01
 6.39000000e+02 0.00000000e+00 2.54094825e+01
 6.40000000e+02 0.00000000e+00 2.53730394e+01
 6.41000000e+02 0.00000000e+00 2.63365963e+01
 6.42000000e+02 0.00000000e+00 2.63001532e+01
 6.43000000e+02 0.00000000e+00 2.62637101e+01
 6.44000000e+02 0.00000000e+00 2.62272670e+01
 6.45000000e+02 0.00000000e+00 2.61908239e+01
 6.46000000e+02 0.00000000e+00 2.61543809e+01
 6.47000000e+02 0.00000000e+00 2.61179378e+01
 6.48000000e+02 0.00000000e+00 2.60814947e+01
 6.49000000e+02 0.00000000e+00 2.60450516e+01
 6.50000000e+02 0.00000000e+00 2.60086085e+01
 6.51000000e+02 0.00000000e+00 2.59721654e+01
 6.52000000e+02 0.00000000e+00 2.59357223e+01
 6.53000000e+02 0.00000000e+00 2.58992793e+01
 6.54000000e+02 0.00000000e+00 2.58628362e+01
 6.55000000e+02 0.00000000e+00 2.58263931e+01
 6.56000000e+02 0.00000000e+00 2.57899500e+01
 6.57000000e+02 0.00000000e+00 2.47535069e+01
 6.58000000e+02 0.00000000e+00 2.47170638e+01
 6.59000000e+02 0.00000000e+00 2.46806207e+01
 6.60000000e+02 0.00000000e+00 2.46441777e+01
 6.61000000e+02 0.00000000e+00 2.46077346e+01
 6.62000000e+02 0.00000000e+00 2.45712915e+01
 6.63000000e+02 0.00000000e+00 2.45348484e+01
 6.64000000e+02 0.00000000e+00 2.44984053e+01
 6.65000000e+02 0.00000000e+00 2.44619622e+01
 6.66000000e+02 0.00000000e+00 2.54255191e+01
 6.67000000e+02 0.00000000e+00 2.53890761e+01
 6.68000000e+02 0.00000000e+00 2.53526330e+01
 6.69000000e+02 0.00000000e+00 2.53161899e+01
 6.70000000e+02 0.00000000e+00 2.52797468e+01
 6.71000000e+02 0.00000000e+00 2.52433037e+01
 6.72000000e+02 0.00000000e+00 2.62068606e+01
 6.73000000e+02 0.00000000e+00 2.61704175e+01
 6.74000000e+02 0.00000000e+00 2.61339745e+01
 6.75000000e+02 0.00000000e+00 2.60975314e+01
 6.76000000e+02 0.00000000e+00 2.60610883e+01
 6.77000000e+02 0.00000000e+00 2.60246452e+01
 6.78000000e+02 0.00000000e+00 2.59882021e+01
 6.79000000e+02 0.00000000e+00 2.59517590e+01
 6.80000000e+02 0.00000000e+00 2.59153159e+01
 6.81000000e+02 0.00000000e+00 2.58788729e+01
 6.82000000e+02 0.00000000e+00 2.58424298e+01
 6.83000000e+02 0.00000000e+00 2.58059867e+01
 6.84000000e+02 0.00000000e+00 2.57695436e+01
 6.85000000e+02 0.00000000e+00 2.57331005e+01
 6.86000000e+02 0.00000000e+00 2.56966574e+01
 6.87000000e+02 0.00000000e+00 2.56602143e+01
 6.88000000e+02 0.00000000e+00 2.56237713e+01
 6.89000000e+02 0.00000000e+00 2.55873282e+01
 6.90000000e+02 0.00000000e+00 2.55508851e+01
 6.91000000e+02 0.00000000e+00 2.55144420e+01
 6.92000000e+02 0.00000000e+00 2.54779989e+01
 6.93000000e+02 0.00000000e+00 2.54415558e+01
 6.94000000e+02 0.00000000e+00 2.54051127e+01
 6.95000000e+02 0.00000000e+00 2.53686697e+01
 6.96000000e+02 0.00000000e+00 2.53322266e+01
 6.97000000e+02 0.00000000e+00 2.52957835e+01
 6.98000000e+02 0.00000000e+00 2.52593404e+01
 6.99000000e+02 0.00000000e+00 2.52228973e+01
 7.00000000e+02 0.00000000e+00 2.61864542e+01
 7.01000000e+02 0.00000000e+00 2.61500111e+01
 7.02000000e+02 0.00000000e+00 2.61135680e+01
 7.03000000e+02 0.00000000e+00 2.60771250e+01
 7.04000000e+02 0.00000000e+00 2.60406819e+01
 7.05000000e+02 0.00000000e+00 2.60042388e+01
 7.06000000e+02 0.00000000e+00 2.59677957e+01
 7.07000000e+02 0.00000000e+00 2.69313526e+01
 7.08000000e+02 0.00000000e+00 2.68949095e+01
 7.09000000e+02 0.00000000e+00 2.68584664e+01
 7.10000000e+02 0.00000000e+00 2.68220234e+01
 7.11000000e+02 0.00000000e+00 2.77855803e+01
 7.12000000e+02 0.00000000e+00 2.77491372e+01
 7.13000000e+02 0.00000000e+00 2.87126941e+01
 7.14000000e+02 0.00000000e+00 2.86762510e+01
 7.15000000e+02 0.00000000e+00 2.96398079e+01
 7.16000000e+02 0.00000000e+00 3.06033648e+01
 7.17000000e+02 0.00000000e+00 3.05669218e+01
 7.18000000e+02 0.00000000e+00 3.05304787e+01
 7.19000000e+02 0.00000000e+00 3.04940356e+01
 7.20000000e+02 0.00000000e+00 3.04575925e+01
 7.21000000e+02 0.00000000e+00 3.14211494e+01
 7.22000000e+02 0.00000000e+00 3.13847063e+01
 7.23000000e+02 0.00000000e+00 3.13482632e+01
 7.24000000e+02 0.00000000e+00 3.13118202e+01
 7.25000000e+02 0.00000000e+00 3.12753771e+01
 7.26000000e+02 0.00000000e+00 3.22389340e+01
 7.27000000e+02 0.00000000e+00 3.22024909e+01
 7.28000000e+02 0.00000000e+00 3.21660478e+01
 7.29000000e+02 0.00000000e+00 3.21296047e+01
 7.30000000e+02 0.00000000e+00 3.20931616e+01
 7.31000000e+02 0.00000000e+00 3.20567186e+01
 7.32000000e+02 0.00000000e+00 3.30202755e+01
 7.33000000e+02 0.00000000e+00 3.29838324e+01
 7.34000000e+02 0.00000000e+00 3.29473893e+01
 7.35000000e+02 0.00000000e+00 3.29109462e+01
 7.36000000e+02 0.00000000e+00 3.28745031e+01
 7.37000000e+02 0.00000000e+00 3.28380600e+01
 7.38000000e+02 0.00000000e+00 3.28016170e+01
 7.39000000e+02 0.00000000e+00 3.27651739e+01
 7.40000000e+02 0.00000000e+00 3.17287308e+01
 7.41000000e+02 0.00000000e+00 3.16922877e+01
 7.42000000e+02 0.00000000e+00 3.16558446e+01
 7.43000000e+02 0.00000000e+00 3.26194015e+01
 7.44000000e+02 0.00000000e+00 3.25829584e+01
 7.45000000e+02 0.00000000e+00 3.25465154e+01
 7.46000000e+02 0.00000000e+00 3.35100723e+01
 7.47000000e+02 0.00000000e+00 3.34736292e+01
 7.48000000e+02 0.00000000e+00 3.34371861e+01
 7.49000000e+02 0.00000000e+00 3.34007430e+01
 7.50000000e+02 0.00000000e+00 3.33642999e+01
 7.51000000e+02 0.00000000e+00 3.43278568e+01
 7.52000000e+02 0.00000000e+00 3.42914138e+01
 7.53000000e+02 0.00000000e+00 3.52549707e+01
 7.54000000e+02 0.00000000e+00 3.52185276e+01
 7.55000000e+02 0.00000000e+00 3.51820845e+01
 7.56000000e+02 0.00000000e+00 3.51456414e+01
 7.57000000e+02 0.00000000e+00 3.51091983e+01
 7.58000000e+02 0.00000000e+00 3.50727552e+01
 7.59000000e+02 0.00000000e+00 3.40363122e+01
 7.60000000e+02 0.00000000e+00 3.49998691e+01
 7.61000000e+02 0.00000000e+00 3.49634260e+01
 7.62000000e+02 0.00000000e+00 3.49269829e+01
 7.63000000e+02 0.00000000e+00 3.48905398e+01
 7.64000000e+02 0.00000000e+00 3.48540967e+01
