 2.00000000e+00 5.60000000e+01 6.02398794e+00
 3.00000000e+00 5.60000000e+01 8.05634158e+00
 4.00000000e+00 5.60000000e+01 7.08869522e+00
 5.00000000e+00 5.60000000e+01 8.12104885e+00
 6.00000000e+00 5.60000000e+01 8.15340249e+00
 7.00000000e+00 5.60000000e+01 7.18575613e+00
 8.00000000e+00 5.60000000e+01 7.21810977e+00
 9.00000000e+00 5.60000000e+01 7.25046340e+00
 1.00000000e+01 5.60000000e+01 7.28281704e+00
 1.10000000e+01 5.60000000e+01 7.31517068e+00
 1.20000000e+01 5.60000000e+01 7.34752432e+00
 1.30000000e+01 5.60000000e+01 7.37987795e+00
 1.40000000e+01 5.60000000e+01 7.41223159e+00
 1.50000000e+01 5.60000000e+01 7.44458523e+00
 1.60000000e+01 5.60000000e+01 7.47693886e+00
 1.70000000e+01 5.60000000e+01 7.50929250e+00
 1.80000000e+01 5.60000000e+01 7.54164614e+00
 1.90000000e+01 5.60000000e+01 7.57399978e+00
 2.00000000e+01 5.60000000e+01 7.60635341e+00
 2.10000000e+01 5.60000000e+01 7.63870705e+00
 2.20000000e+01 5.60000000e+01 7.67106069e+00
 2.30000000e+01 5.60000000e+01 7.70341432e+00
 2.40000000e+01 5.60000000e+01 7.73576796e+00
 2.50000000e+01 5.60000000e+01 7.76812160e+00
 2.60000000e+01 5.60000000e+01 7.80047524e+00
 2.70000000e+01 5.60000000e+01 6.83282887e+00
 2.80000000e+01 5.60000000e+01 6.86518251e+00
 2.90000000e+01 5.60000000e+01 6.89753615e+00
 3.00000000e+01 5.60000000e+01 6.92988978e+00
 3.10000000e+01 5.60000000e+01 6.96224342e+00
 3.20000000e+01 5.60000000e+01 6.99459706e+00
 3.30000000e+01 5.60000000e+01 7.02695070e+00
 3.40000000e+01 5.60000000e+01 7.05930433e+00
 3.50000000e+01 5.60000000e+01 7.09165797e+00
 3.60000000e+01 5.60000000e+01 7.12401161e+00
 3.70000000e+01 5.60000000e+01 7.15636525e+00
 3.80000000e+01 5.60000000e+01 7.18871888e+00
 3.90000000e+01 5.60000000e+01 7.22107252e+00
 4.00000000e+01 5.60000000e+01 7.25342616e+00
 4.10000000e+01 5.60000000e+01 7.28577979e+00
 4.20000000e+01 5.60000000e+01 7.31813343e+00
 4.30000000e+01 5.60000000e+01 7.35048707e+00
 4.40000000e+01 5.60000000e+01 7.38284071e+00
 4.50000000e+01 5.60000000e+01 7.41519434e+00
 4.60000000e+01 5.60000000e+01 7.44754798e+00
 4.70000000e+01 5.60000000e+01 7.47990162e+00
 4.80000000e+01 5.60000000e+01 6.51225525e+00
 4.90000000e+01 5.60000000e+01 6.54460889e+00
 5.00000000e+01 5.60000000e+01 6.57696253e+00
 5.10000000e+01 5.60000000e+01 6.60931617e+00
 5.20000000e+01 5.60000000e+01 6.64166980e+00
 5.30000000e+01 5.60000000e+01 6.67402344e+00
 5.40000000e+01 5.60000000e+01 6.70637708e+00
 5.50000000e+01 5.60000000e+01 6.73873072e+00
 5.60000000e+01 5.60000000e+01 6.77108435e+00
 5.70000000e+01 5.60000000e+01 6.80343799e+00
 5.80000000e+01 5.60000000e+01 6.83579163e+00
 5.90000000e+01 5.60000000e+01 6.86814526e+00
 6.00000000e+01 5.60000000e+01 6.90049890e+00
 6.10000000e+01 5.60000000e+01 6.93285254e+00
 6.20000000e+01 5.60000000e+01 6.96520618e+00
 6.30000000e+01 5.60000000e+01 6.99755981e+00
 6.40000000e+01 5.60000000e+01 7.02991345e+00
 6.50000000e+01 5.60000000e+01 7.06226709e+00
 6.60000000e+01 5.60000000e+01 6.09462072e+00
 6.70000000e+01 5.60000000e+01 6.12697436e+00
 6.80000000e+01 5.60000000e+01 6.15932800e+00
 6.90000000e+01 5.60000000e+01 6.19168164e+00
 7.00000000e+01 5.60000000e+01 6.22403527e+00
 7.10000000e+01 5.60000000e+01 6.25638891e+00
 7.20000000e+01 5.60000000e+01 6.28874255e+00
 7.30000000e+01 5.60000000e+01 6.32109618e+00
 7.40000000e+01 5.60000000e+01 6.35344982e+00
 7.50000000e+01 5.60000000e+01 6.38580346e+00
 7.60000000e+01 5.60000000e+01 6.41815710e+00
 7.70000000e+01 5.60000000e+01 6.45051073e+00
 7.80000000e+01 5.60000000e+01 6.48286437e+00
 7.90000000e+01 5.60000000e+01 6.51521801e+00
 8.00000000e+01 5.60000000e+01 6.54757165e+00
 8.10000000e+01 5.60000000e+01 6.57992528e+00
 8.20000000e+01 5.60000000e+01 6.61227892e+00
 8.30000000e+01 5.60000000e+01 6.64463256e+00
 8.40000000e+01 5.60000000e+01 6.67698619e+00
 8.50000000e+01 5.60000000e+01 5.70933983e+00
 8.60000000e+01 5.60000000e+01 5.74169347e+00
 8.70000000e+01 5.60000000e+01 5.77404711e+00
 8.80000000e+01 5.60000000e+01 5.80640074e+00
 8.90000000e+01 5.60000000e+01 5.83875438e+00
 9.00000000e+01 5.60000000e+01 5.87110802e+00
 9.10000000e+01 5.60000000e+01 5.90346165e+00
 9.20000000e+01 5.60000000e+01 5.93581529e+00
 9.30000000e+01 5.60000000e+01 5.96816893e+00
 9.40000000e+01 5.60000000e+01 6.00052257e+00
 9.50000000e+01 5.60000000e+01 6.03287620e+00
 9.60000000e+01 5.60000000e+01 6.06522984e+00
 9.70000000e+01 5.60000000e+01 6.09758348e+00
 9.80000000e+01 5.60000000e+01 6.12993712e+00
 9.90000000e+01 5.60000000e+01 6.16229075e+00
 1.00000000e+02 5.60000000e+01 6.19464439e+00
 1.01000000e+02 5.60000000e+01 6.22699803e+00
 1.02000000e+02 5.60000000e+01 6.25935166e+00
 1.03000000e+02 5.60000000e+01 6.29170530e+00
 1.04000000e+02 5.60000000e+01 6.32405894e+00
 1.05000000e+02 5.60000000e+01 6.35641258e+00
 1.06000000e+02 5.60000000e+01 6.38876621e+00
 1.07000000e+02 5.60000000e+01 6.42111985e+00
 1.08000000e+02 5.60000000e+01 6.45347349e+00
 1.09000000e+02 5.60000000e+01 6.48582712e+00
 1.10000000e+02 5.60000000e+01 6.51818076e+00
 1.11000000e+02 5.60000000e+01 6.55053440e+00
 1.12000000e+02 5.60000000e+01 5.58288804e+00
 1.13000000e+02 5.60000000e+01 5.61524167e+00
 1.14000000e+02 5.60000000e+01 5.64759531e+00
 1.15000000e+02 5.60000000e+01 5.67994895e+00
 1.16000000e+02 5.60000000e+01 5.71230258e+00
 1.17000000e+02 5.60000000e+01 5.74465622e+00
 1.18000000e+02 5.60000000e+01 5.77700986e+00
 1.19000000e+02 5.60000000e+01 5.80936350e+00
 1.20000000e+02 5.60000000e+01 5.84171713e+00
 1.21000000e+02 5.60000000e+01 5.87407077e+00
 1.22000000e+02 5.60000000e+01 5.90642441e+00
 1.23000000e+02 5.60000000e+01 5.93877805e+00
 1.24000000e+02 5.60000000e+01 5.97113168e+00
 1.25000000e+02 5.60000000e+01 6.00348532e+00
 1.26000000e+02 5.60000000e+01 6.03583896e+00
 1.27000000e+02 5.60000000e+01 6.06819259e+00
 1.28000000e+02 5.60000000e+01 6.10054623e+00
 1.29000000e+02 5.60000000e+01 6.13289987e+00
 1.30000000e+02 5.60000000e+01 6.16525351e+00
 1.31000000e+02 5.60000000e+01 6.19760714e+00
 1.32000000e+02 5.60000000e+01 6.22996078e+00
 1.33000000e+02 5.60000000e+01 5.26231442e+00
 1.34000000e+02 5.60000000e+01 5.29466805e+00
 1.35000000e+02 5.60000000e+01 5.32702169e+00
 1.36000000e+02 5.60000000e+01 5.35937533e+00
 1.37000000e+02 5.60000000e+01 5.39172897e+00
 1.38000000e+02 5.60000000e+01 5.42408260e+00
 1.39000000e+02 5.60000000e+01 5.45643624e+00
 1.40000000e+02 5.60000000e+01 5.48878988e+00
 1.41000000e+02 5.60000000e+01 5.52114351e+00
 1.42000000e+02 5.60000000e+01 5.55349715e+00
 1.43000000e+02 5.60000000e+01 5.58585079e+00
 1.44000000e+02 5.60000000e+01 5.61820443e+00
 1.45000000e+02 5.60000000e+01 5.65055806e+00
 1.46000000e+02 5.60000000e+01 5.68291170e+00
 1.47000000e+02 5.60000000e+01 5.71526534e+00
 1.48000000e+02 5.60000000e+01 5.74761898e+00
 1.49000000e+02 5.60000000e+01 5.77997261e+00
 1.50000000e+02 5.60000000e+01 5.81232625e+00
 1.51000000e+02 5.60000000e+01 5.84467989e+00
 1.52000000e+02 5.60000000e+01 5.87703352e+00
 1.53000000e+02 5.60000000e+01 5.90938716e+00
 1.54000000e+02 5.60000000e+01 5.94174080e+00
 1.55000000e+02 5.60000000e+01 5.97409444e+00
 1.56000000e+02 5.60000000e+01 5.00644807e+00
 1.57000000e+02 5.60000000e+01 5.03880171e+00
 1.58000000e+02 5.60000000e+01 5.07115535e+00
 1.59000000e+02 5.60000000e+01 5.10350898e+00
 1.60000000e+02 5.60000000e+01 5.13586262e+00
 1.61000000e+02 5.60000000e+01 5.16821626e+00
 1.62000000e+02 5.60000000e+01 5.20056990e+00
 1.63000000e+02 5.60000000e+01 5.23292353e+00
 1.64000000e+02 5.60000000e+01 5.26527717e+00
 1.65000000e+02 5.60000000e+01 5.29763081e+00
 1.66000000e+02 5.60000000e+01 5.32998445e+00
 1.67000000e+02 5.60000000e+01 5.36233808e+00
 1.68000000e+02 5.60000000e+01 5.39469172e+00
 1.69000000e+02 5.60000000e+01 5.42704536e+00
 1.70000000e+02 5.60000000e+01 5.45939899e+00
 1.71000000e+02 5.60000000e+01 5.49175263e+00
 1.72000000e+02 5.60000000e+01 5.52410627e+00
 1.73000000e+02 5.60000000e+01 5.55645991e+00
 1.74000000e+02 5.60000000e+01 5.58881354e+00
 1.75000000e+02 5.60000000e+01 5.62116718e+00
 1.76000000e+02 5.60000000e+01 5.65352082e+00
 1.77000000e+02 5.60000000e+01 5.68587445e+00
 1.85000000e+02 5.60000000e+01 -2.20552964e+01
 1.86000000e+02 5.60000000e+01 -2.20229428e+01
 1.87000000e+02 5.60000000e+01 -2.39905892e+01
 1.88000000e+02 5.60000000e+01 -2.39582355e+01
 1.89000000e+02 5.60000000e+01 -2.49258819e+01
 1.90000000e+02 5.60000000e+01 -2.58935283e+01
 1.91000000e+02 5.60000000e+01 -2.58611746e+01
 1.92000000e+02 5.60000000e+01 -2.78288210e+01
 1.93000000e+02 5.60000000e+01 -2.87964674e+01
 1.94000000e+02 5.60000000e+01 -2.97641137e+01
 1.95000000e+02 5.60000000e+01 -3.07317601e+01
 1.96000000e+02 5.60000000e+01 -3.16994064e+01
 1.97000000e+02 5.60000000e+01 -3.26670528e+01
 1.98000000e+02 5.60000000e+01 -3.26346992e+01
 1.99000000e+02 5.60000000e+01 -3.36023455e+01
 2.00000000e+02 5.60000000e+01 -3.45699919e+01
 2.01000000e+02 5.60000000e+01 -3.45376383e+01
 2.02000000e+02 5.60000000e+01 -3.45052846e+01
 2.03000000e+02 5.60000000e+01 -3.64729310e+01
 2.04000000e+02 5.60000000e+01 -3.74405773e+01
 2.05000000e+02 5.60000000e+01 -3.74082237e+01
 2.06000000e+02 5.60000000e+01 -3.83758701e+01
 2.07000000e+02 5.60000000e+01 -3.83435164e+01
 2.08000000e+02 5.60000000e+01 -3.93111628e+01
 2.09000000e+02 5.60000000e+01 -3.92788092e+01
 2.10000000e+02 5.60000000e+01 -3.92464555e+01
 2.11000000e+02 5.60000000e+01 -4.02141019e+01
 2.12000000e+02 5.60000000e+01 -4.11817482e+01
 2.13000000e+02 5.60000000e+01 -4.21493946e+01
 2.14000000e+02 5.60000000e+01 -4.21170410e+01
 2.15000000e+02 5.60000000e+01 -4.30846873e+01
 2.16000000e+02 5.60000000e+01 -4.40523337e+01
 2.17000000e+02 5.60000000e+01 -4.40199801e+01
 2.18000000e+02 5.60000000e+01 -4.39876264e+01
 2.19000000e+02 5.60000000e+01 -4.49552728e+01
 2.20000000e+02 5.60000000e+01 -4.59229191e+01
 2.21000000e+02 5.60000000e+01 -4.58905655e+01
 2.22000000e+02 5.60000000e+01 -4.58582119e+01
 2.23000000e+02 5.60000000e+01 -4.58258582e+01
 2.24000000e+02 5.60000000e+01 -4.67935046e+01
 2.25000000e+02 5.60000000e+01 -4.67611510e+01
 2.26000000e+02 5.60000000e+01 -4.77287973e+01
 2.27000000e+02 5.60000000e+01 -4.76964437e+01
 2.28000000e+02 5.60000000e+01 -4.76640900e+01
 2.29000000e+02 5.60000000e+01 -4.86317364e+01
 2.30000000e+02 5.60000000e+01 -4.95993828e+01
 2.31000000e+02 5.60000000e+01 -4.95670291e+01
 2.32000000e+02 5.60000000e+01 -4.95346755e+01
 2.33000000e+02 5.60000000e+01 -5.05023219e+01
 2.34000000e+02 5.60000000e+01 -5.04699682e+01
 2.35000000e+02 5.60000000e+01 -5.04376146e+01
 2.36000000e+02 5.60000000e+01 -5.14052610e+01
 2.37000000e+02 5.60000000e+01 -5.13729073e+01
 2.38000000e+02 5.60000000e+01 -5.23405537e+01
 2.39000000e+02 5.60000000e+01 -5.23082000e+01
 2.40000000e+02 5.60000000e+01 -5.32758464e+01
 2.41000000e+02 5.60000000e+01 -5.32434928e+01
 2.42000000e+02 5.60000000e+01 -5.32111391e+01
 2.43000000e+02 5.60000000e+01 -5.31787855e+01
 2.44000000e+02 5.60000000e+01 -5.41464319e+01
 2.45000000e+02 5.60000000e+01 -5.41140782e+01
 2.46000000e+02 5.60000000e+01 -5.40817246e+01
 2.47000000e+02 5.60000000e+01 -5.40493709e+01
 2.48000000e+02 5.60000000e+01 -5.40170173e+01
 2.49000000e+02 5.60000000e+01 -5.49846637e+01
 2.50000000e+02 5.60000000e+01 -5.59523100e+01
 2.51000000e+02 5.60000000e+01 -5.59199564e+01
 2.52000000e+02 5.60000000e+01 -5.58876028e+01
 2.53000000e+02 5.60000000e+01 -5.58552491e+01
 2.54000000e+02 5.60000000e+01 -5.58228955e+01
 2.55000000e+02 5.60000000e+01 -5.67905418e+01
 2.56000000e+02 5.60000000e+01 -5.67581882e+01
 2.57000000e+02 5.60000000e+01 -5.77258346e+01
 2.58000000e+02 5.60000000e+01 -5.76934809e+01
 2.59000000e+02 5.60000000e+01 -5.76611273e+01
 2.60000000e+02 5.60000000e+01 -5.76287737e+01
 2.61000000e+02 5.60000000e+01 -5.75964200e+01
 2.62000000e+02 5.60000000e+01 -5.75640664e+01
 2.63000000e+02 5.60000000e+01 -5.85317127e+01
 2.64000000e+02 5.60000000e+01 -5.84993591e+01
 2.65000000e+02 5.60000000e+01 -5.84670055e+01
 2.66000000e+02 5.60000000e+01 -5.84346518e+01
 2.67000000e+02 5.60000000e+01 -5.84022982e+01
 2.68000000e+02 5.60000000e+01 -5.83699446e+01
 2.69000000e+02 5.60000000e+01 -5.83375909e+01
 2.70000000e+02 5.60000000e+01 -5.83052373e+01
 2.71000000e+02 5.60000000e+01 -5.92728836e+01
 2.72000000e+02 5.60000000e+01 -5.92405300e+01
 2.73000000e+02 5.60000000e+01 -5.92081764e+01
 2.74000000e+02 5.60000000e+01 -5.91758227e+01
 2.75000000e+02 5.60000000e+01 -6.01434691e+01
 2.76000000e+02 5.60000000e+01 -6.21111155e+01
 2.77000000e+02 5.60000000e+01 -6.20787618e+01
 2.78000000e+02 5.60000000e+01 -6.10464082e+01
 2.79000000e+02 5.60000000e+01 -6.20140546e+01
 2.80000000e+02 5.60000000e+01 -6.29817009e+01
 2.81000000e+02 5.60000000e+01 -6.19493473e+01
 2.82000000e+02 5.60000000e+01 -6.29169936e+01
 2.83000000e+02 5.60000000e+01 -6.38846400e+01
 2.84000000e+02 5.60000000e+01 -6.38522864e+01
 2.85000000e+02 5.60000000e+01 -6.38199327e+01
 2.86000000e+02 5.60000000e+01 -6.37875791e+01
 2.87000000e+02 5.60000000e+01 -6.47552255e+01
 2.88000000e+02 5.60000000e+01 -6.27228718e+01
 2.89000000e+02 5.60000000e+01 -6.26905182e+01
 2.90000000e+02 5.60000000e+01 -6.36581645e+01
 2.91000000e+02 5.60000000e+01 -6.36258109e+01
 2.92000000e+02 5.60000000e+01 -6.35934573e+01
 2.93000000e+02 5.60000000e+01 -6.35611036e+01
 2.94000000e+02 5.60000000e+01 -6.35287500e+01
 2.95000000e+02 5.60000000e+01 -6.34963964e+01
 2.96000000e+02 5.60000000e+01 -6.24640427e+01
 2.97000000e+02 5.60000000e+01 -6.44316891e+01
 2.98000000e+02 5.60000000e+01 -6.33993354e+01
 2.99000000e+02 5.60000000e+01 -6.43669818e+01
 3.00000000e+02 5.60000000e+01 -6.33346282e+01
 3.01000000e+02 5.60000000e+01 -6.33022745e+01
 3.02000000e+02 5.60000000e+01 -6.32699209e+01
 3.03000000e+02 5.60000000e+01 -6.32375673e+01
 3.04000000e+02 5.60000000e+01 -6.22052136e+01
 3.05000000e+02 5.60000000e+01 -6.31728600e+01
 3.06000000e+02 5.60000000e+01 -6.41405063e+01
 3.07000000e+02 5.60000000e+01 -6.41081527e+01
 3.08000000e+02 5.60000000e+01 -6.40757991e+01
 3.09000000e+02 5.60000000e+01 -6.40434454e+01
 3.10000000e+02 5.60000000e+01 -6.40110918e+01
 3.11000000e+02 5.60000000e+01 -6.39787382e+01
 3.12000000e+02 5.60000000e+01 -6.39463845e+01
 3.13000000e+02 5.60000000e+01 -6.39140309e+01
 3.14000000e+02 5.60000000e+01 -6.38816772e+01
 3.15000000e+02 5.60000000e+01 -6.38493236e+01
 3.16000000e+02 5.60000000e+01 -6.48169700e+01
 3.17000000e+02 5.60000000e+01 -6.47846163e+01
 3.18000000e+02 5.60000000e+01 -6.47522627e+01
 3.19000000e+02 5.60000000e+01 -6.47199091e+01
 3.20000000e+02 5.60000000e+01 -6.46875554e+01
 3.21000000e+02 5.60000000e+01 -6.46552018e+01
 3.22000000e+02 5.60000000e+01 -6.56228482e+01
 3.23000000e+02 5.60000000e+01 -6.55904945e+01
 3.24000000e+02 5.60000000e+01 -6.55581409e+01
 3.25000000e+02 5.60000000e+01 -6.55257872e+01
 3.26000000e+02 5.60000000e+01 -6.54934336e+01
 3.27000000e+02 5.60000000e+01 -6.54610800e+01
 3.28000000e+02 5.60000000e+01 -6.64287263e+01
 3.29000000e+02 5.60000000e+01 -6.63963727e+01
 3.30000000e+02 5.60000000e+01 -6.63640191e+01
 3.31000000e+02 5.60000000e+01 -6.63316654e+01
 3.32000000e+02 5.60000000e+01 -6.62993118e+01
 3.33000000e+02 5.60000000e+01 -6.62669581e+01
 3.34000000e+02 5.60000000e+01 -6.62346045e+01
 3.35000000e+02 5.60000000e+01 -6.62022509e+01
 3.36000000e+02 5.60000000e+01 -6.61698972e+01
 3.37000000e+02 5.60000000e+01 -6.61375436e+01
 3.38000000e+02 5.60000000e+01 -6.61051900e+01
 3.39000000e+02 5.60000000e+01 -6.70728363e+01
 3.40000000e+02 5.60000000e+01 -6.70404827e+01
 3.41000000e+02 5.60000000e+01 -6.70081290e+01
 3.42000000e+02 5.60000000e+01 -6.69757754e+01
 3.43000000e+02 5.60000000e+01 -6.69434218e+01
 3.44000000e+02 5.60000000e+01 -6.69110681e+01
 3.45000000e+02 5.60000000e+01 -6.68787145e+01
 3.46000000e+02 5.60000000e+01 -6.68463609e+01
 3.47000000e+02 5.60000000e+01 -6.78140072e+01
 3.48000000e+02 5.60000000e+01 -6.77816536e+01
 3.49000000e+02 5.60000000e+01 -6.77492999e+01
 3.50000000e+02 5.60000000e+01 -6.77169463e+01
 3.51000000e+02 5.60000000e+01 -6.76845927e+01
 3.52000000e+02 5.60000000e+01 -6.76522390e+01
 3.53000000e+02 5.60000000e+01 -6.86198854e+01
 3.54000000e+02 5.60000000e+01 -6.85875318e+01
 3.55000000e+02 5.60000000e+01 -6.85551781e+01
 3.56000000e+02 5.60000000e+01 -6.85228245e+01
 3.57000000e+02 5.60000000e+01 -6.84904708e+01
 3.58000000e+02 5.60000000e+01 -6.84581172e+01
 3.59000000e+02 5.60000000e+01 -6.94257636e+01
 3.60000000e+02 5.60000000e+01 -6.93934099e+01
 3.61000000e+02 5.60000000e+01 -6.93610563e+01
 3.62000000e+02 5.60000000e+01 -6.93287027e+01
 3.63000000e+02 5.60000000e+01 -6.92963490e+01
 3.64000000e+02 5.60000000e+01 -6.92639954e+01
 3.65000000e+02 5.60000000e+01 -6.92316418e+01
 3.66000000e+02 5.60000000e+01 -6.81992881e+01
 3.67000000e+02 5.60000000e+01 -6.81669345e+01
 3.68000000e+02 5.60000000e+01 -6.81345808e+01
 3.69000000e+02 5.60000000e+01 -6.81022272e+01
 3.70000000e+02 5.60000000e+01 -6.90698736e+01
 3.71000000e+02 5.60000000e+01 -6.90375199e+01
 3.72000000e+02 5.60000000e+01 -6.90051663e+01
 3.73000000e+02 5.60000000e+01 -6.89728127e+01
 3.74000000e+02 5.60000000e+01 -6.89404590e+01
 3.75000000e+02 5.60000000e+01 -6.79081054e+01
 3.76000000e+02 5.60000000e+01 -6.78757517e+01
 3.77000000e+02 5.60000000e+01 -6.78433981e+01
 3.78000000e+02 5.60000000e+01 -6.78110445e+01
 3.79000000e+02 5.60000000e+01 -6.77786908e+01
 3.80000000e+02 5.60000000e+01 -6.87463372e+01
 3.81000000e+02 5.60000000e+01 -6.87139836e+01
 3.82000000e+02 5.60000000e+01 -6.86816299e+01
 3.83000000e+02 5.60000000e+01 -6.76492763e+01
 3.84000000e+02 5.60000000e+01 -6.76169226e+01
 3.85000000e+02 5.60000000e+01 -6.75845690e+01
 3.86000000e+02 5.60000000e+01 -6.75522154e+01
 3.87000000e+02 5.60000000e+01 -6.75198617e+01
 3.88000000e+02 5.60000000e+01 -6.74875081e+01
 3.89000000e+02 5.60000000e+01 -6.74551545e+01
 3.90000000e+02 5.60000000e+01 -6.74228008e+01
 3.91000000e+02 5.60000000e+01 -6.63904472e+01
 3.92000000e+02 5.60000000e+01 -6.63580935e+01
 3.93000000e+02 5.60000000e+01 -6.63257399e+01
 3.94000000e+02 5.60000000e+01 -6.62933863e+01
 3.95000000e+02 5.60000000e+01 -6.62610326e+01
 3.96000000e+02 5.60000000e+01 -6.62286790e+01
 3.97000000e+02 5.60000000e+01 -6.61963254e+01
 3.98000000e+02 5.60000000e+01 -6.51639717e+01
 3.99000000e+02 5.60000000e+01 -6.51316181e+01
 4.00000000e+02 5.60000000e+01 -6.50992644e+01
 4.01000000e+02 5.60000000e+01 -6.50669108e+01
 4.02000000e+02 5.60000000e+01 -6.50345572e+01
 4.03000000e+02 5.60000000e+01 -6.40022035e+01
 4.04000000e+02 5.60000000e+01 -6.39698499e+01
 4.05000000e+02 5.60000000e+01 -6.39374963e+01
 4.06000000e+02 5.60000000e+01 -6.39051426e+01
 4.07000000e+02 5.60000000e+01 -6.38727890e+01
 4.08000000e+02 5.60000000e+01 -6.28404354e+01
 4.09000000e+02 5.60000000e+01 -6.28080817e+01
 4.10000000e+02 5.60000000e+01 -6.27757281e+01
 4.11000000e+02 5.60000000e+01 -6.27433744e+01
 4.12000000e+02 5.60000000e+01 -6.27110208e+01
 4.13000000e+02 5.60000000e+01 -6.26786672e+01
 4.14000000e+02 5.60000000e+01 -6.26463135e+01
 4.15000000e+02 5.60000000e+01 -6.26139599e+01
 4.16000000e+02 5.60000000e+01 -6.15816063e+01
 4.17000000e+02 5.60000000e+01 -6.15492526e+01
 4.18000000e+02 5.60000000e+01 -6.15168990e+01
 4.19000000e+02 5.60000000e+01 -6.14845453e+01
 4.20000000e+02 5.60000000e+01 -6.14521917e+01
 4.21000000e+02 5.60000000e+01 -6.14198381e+01
 4.22000000e+02 5.60000000e+01 -6.13874844e+01
 4.23000000e+02 5.60000000e+01 -6.13551308e+01
 4.24000000e+02 5.60000000e+01 -6.03227772e+01
 4.25000000e+02 5.60000000e+01 -6.02904235e+01
 4.26000000e+02 5.60000000e+01 -6.02580699e+01
 4.27000000e+02 5.60000000e+01 -6.02257162e+01
 4.28000000e+02 5.60000000e+01 -6.01933626e+01
 4.29000000e+02 5.60000000e+01 -5.91610090e+01
 4.30000000e+02 5.60000000e+01 -5.91286553e+01
 4.31000000e+02 5.60000000e+01 -5.90963017e+01
 4.32000000e+02 5.60000000e+01 -5.90639481e+01
 4.33000000e+02 5.60000000e+01 -5.90315944e+01
 4.34000000e+02 5.60000000e+01 -5.79992408e+01
 4.35000000e+02 5.60000000e+01 -5.79668871e+01
 4.36000000e+02 5.60000000e+01 -5.79345335e+01
 4.37000000e+02 5.60000000e+01 -5.79021799e+01
 4.38000000e+02 5.60000000e+01 -5.78698262e+01
 4.39000000e+02 5.60000000e+01 -5.68374726e+01
 4.40000000e+02 5.60000000e+01 -5.68051190e+01
 4.41000000e+02 5.60000000e+01 -5.67727653e+01
 4.42000000e+02 5.60000000e+01 -5.67404117e+01
 4.43000000e+02 5.60000000e+01 -5.67080580e+01
 4.44000000e+02 5.60000000e+01 -5.56757044e+01
 4.45000000e+02 5.60000000e+01 -5.56433508e+01
 4.46000000e+02 5.60000000e+01 -5.56109971e+01
 4.47000000e+02 5.60000000e+01 -5.45786435e+01
 4.48000000e+02 5.60000000e+01 -5.45462899e+01
 4.49000000e+02 5.60000000e+01 -5.45139362e+01
 4.50000000e+02 5.60000000e+01 -5.34815826e+01
 4.51000000e+02 5.60000000e+01 -5.34492290e+01
 4.52000000e+02 5.60000000e+01 -5.34168753e+01
 4.53000000e+02 5.60000000e+01 -5.33845217e+01
 4.54000000e+02 5.60000000e+01 -5.33521680e+01
 4.55000000e+02 5.60000000e+01 -5.23198144e+01
 4.56000000e+02 5.60000000e+01 -5.22874608e+01
 4.57000000e+02 5.60000000e+01 -5.22551071e+01
 4.58000000e+02 5.60000000e+01 -5.22227535e+01
 4.59000000e+02 5.60000000e+01 -5.11903999e+01
 4.60000000e+02 5.60000000e+01 -5.11580462e+01
 4.61000000e+02 5.60000000e+01 -5.11256926e+01
 4.62000000e+02 5.60000000e+01 -5.00933389e+01
 4.63000000e+02 5.60000000e+01 -5.00609853e+01
 4.64000000e+02 5.60000000e+01 -5.00286317e+01
 4.65000000e+02 5.60000000e+01 -4.89962780e+01
 4.66000000e+02 5.60000000e+01 -4.89639244e+01
 4.67000000e+02 5.60000000e+01 -4.89315708e+01
 4.68000000e+02 5.60000000e+01 -4.88992171e+01
 4.69000000e+02 5.60000000e+01 -4.88668635e+01
 4.70000000e+02 5.60000000e+01 -4.78345098e+01
 4.71000000e+02 5.60000000e+01 -4.78021562e+01
 4.72000000e+02 5.60000000e+01 -4.77698026e+01
 4.73000000e+02 5.60000000e+01 -4.77374489e+01
 4.74000000e+02 5.60000000e+01 -4.67050953e+01
 4.75000000e+02 5.60000000e+01 -4.66727417e+01
 4.76000000e+02 5.60000000e+01 -4.66403880e+01
 4.77000000e+02 5.60000000e+01 -4.56080344e+01
 4.78000000e+02 5.60000000e+01 -4.55756807e+01
 4.79000000e+02 5.60000000e+01 -4.55433271e+01
 4.80000000e+02 5.60000000e+01 -4.45109735e+01
 4.81000000e+02 5.60000000e+01 -4.34786198e+01
 4.82000000e+02 5.60000000e+01 -4.34462662e+01
 4.83000000e+02 5.60000000e+01 -4.24139126e+01
 4.84000000e+02 5.60000000e+01 -4.23815589e+01
 4.85000000e+02 5.60000000e+01 -4.13492053e+01
 4.86000000e+02 5.60000000e+01 -4.13168516e+01
 4.87000000e+02 5.60000000e+01 -4.02844980e+01
 4.88000000e+02 5.60000000e+01 -4.02521444e+01
 4.89000000e+02 5.60000000e+01 -3.92197907e+01
 4.90000000e+02 5.60000000e+01 -3.91874371e+01
 4.91000000e+02 5.60000000e+01 -3.81550835e+01
 4.92000000e+02 5.60000000e+01 -3.71227298e+01
 4.93000000e+02 5.60000000e+01 -3.60903762e+01
 4.94000000e+02 5.60000000e+01 -3.50580226e+01
 4.95000000e+02 5.60000000e+01 -3.40256689e+01
 4.96000000e+02 5.60000000e+01 -3.39933153e+01
 4.97000000e+02 5.60000000e+01 -3.29609616e+01
 4.98000000e+02 5.60000000e+01 -3.19286080e+01
 4.99000000e+02 5.60000000e+01 -3.18962544e+01
 5.00000000e+02 5.60000000e+01 -3.08639007e+01
 5.01000000e+02 5.60000000e+01 -2.98315471e+01
 5.02000000e+02 5.60000000e+01 -2.87991935e+01
 5.03000000e+02 5.60000000e+01 -2.87668398e+01
 5.04000000e+02 5.60000000e+01 -2.77344862e+01
 5.05000000e+02 5.60000000e+01 -2.67021325e+01
 5.06000000e+02 5.60000000e+01 -2.56697789e+01
 5.07000000e+02 5.60000000e+01 -2.56374253e+01
 5.08000000e+02 5.60000000e+01 -2.56050716e+01
 5.09000000e+02 5.60000000e+01 -2.45727180e+01
 5.10000000e+02 5.60000000e+01 -2.35403644e+01
 5.11000000e+02 5.60000000e+01 -2.35080107e+01
 5.12000000e+02 5.60000000e+01 -2.24756571e+01
 5.13000000e+02 5.60000000e+01 -2.14433034e+01
 5.14000000e+02 5.60000000e+01 -2.14109498e+01
 5.15000000e+02 5.60000000e+01 -2.03785962e+01
 5.16000000e+02 5.60000000e+01 -2.03462425e+01
 5.17000000e+02 5.60000000e+01 -1.83138889e+01
 5.18000000e+02 5.60000000e+01 -1.62815353e+01
 5.19000000e+02 5.60000000e+01 -1.42491816e+01
 5.20000000e+02 5.60000000e+01 -1.32168280e+01
 5.21000000e+02 5.60000000e+01 -1.21844743e+01
 5.22000000e+02 5.60000000e+01 -1.01521207e+01
 5.23000000e+02 5.60000000e+01 1.88023293e+00
 5.24000000e+02 5.60000000e+01 1.91258657e+00
 5.25000000e+02 5.60000000e+01 1.94494020e+00
 5.26000000e+02 5.60000000e+01 1.97729384e+00
 5.27000000e+02 5.60000000e+01 2.00964748e+00
 5.28000000e+02 5.60000000e+01 2.04200111e+00
 5.29000000e+02 5.60000000e+01 2.07435475e+00
 5.30000000e+02 5.60000000e+01 2.10670839e+00
 5.31000000e+02 5.60000000e+01 2.13906203e+00
 5.32000000e+02 5.60000000e+01 2.17141566e+00
 5.33000000e+02 5.60000000e+01 2.20376930e+00
 5.34000000e+02 5.60000000e+01 2.23612294e+00
 5.35000000e+02 5.60000000e+01 2.26847657e+00
 5.36000000e+02 5.60000000e+01 2.30083021e+00
 5.37000000e+02 5.60000000e+01 2.33318385e+00
 5.38000000e+02 5.60000000e+01 2.36553749e+00
 5.39000000e+02 5.60000000e+01 1.39789112e+00
 5.40000000e+02 5.60000000e+01 1.43024476e+00
 5.41000000e+02 5.60000000e+01 1.46259840e+00
 5.42000000e+02 5.60000000e+01 1.49495204e+00
 5.43000000e+02 5.60000000e+01 2.52730567e+00
 5.44000000e+02 5.60000000e+01 2.55965931e+00
 5.45000000e+02 5.60000000e+01 1.59201295e+00
 5.46000000e+02 5.60000000e+01 1.62436658e+00
 5.47000000e+02 5.60000000e+01 1.65672022e+00
 5.48000000e+02 5.60000000e+01 1.68907386e+00
 5.49000000e+02 5.60000000e+01 1.72142750e+00
 5.50000000e+02 5.60000000e+01 1.75378113e+00
 5.51000000e+02 5.60000000e+01 2.78613477e+00
 5.52000000e+02 5.60000000e+01 2.81848841e+00
 5.53000000e+02 5.60000000e+01 2.85084204e+00
 5.54000000e+02 5.60000000e+01 1.88319568e+00
 5.55000000e+02 5.60000000e+01 1.91554932e+00
 5.56000000e+02 5.60000000e+01 1.94790296e+00
 5.57000000e+02 5.60000000e+01 1.98025659e+00
 5.58000000e+02 5.60000000e+01 2.01261023e+00
 5.59000000e+02 5.60000000e+01 2.04496387e+00
 5.60000000e+02 5.60000000e+01 2.07731750e+00
 5.61000000e+02 5.60000000e+01 2.10967114e+00
 5.62000000e+02 5.60000000e+01 2.14202478e+00
 5.63000000e+02 5.60000000e+01 2.17437842e+00
 5.64000000e+02 5.60000000e+01 2.20673205e+00
 5.65000000e+02 5.60000000e+01 2.23908569e+00
 5.66000000e+02 5.60000000e+01 2.27143933e+00
 5.67000000e+02 5.60000000e+01 2.30379297e+00
 5.68000000e+02 5.60000000e+01 2.33614660e+00
 5.69000000e+02 5.60000000e+01 2.36850024e+00
 5.70000000e+02 5.60000000e+01 2.40085388e+00
 5.71000000e+02 5.60000000e+01 2.43320751e+00
 5.72000000e+02 5.60000000e+01 2.46556115e+00
 5.73000000e+02 5.60000000e+01 2.49791479e+00
 5.74000000e+02 5.60000000e+01 2.53026843e+00
 5.75000000e+02 5.60000000e+01 2.56262206e+00
 5.76000000e+02 5.60000000e+01 1.59497570e+00
 5.77000000e+02 5.60000000e+01 1.62732934e+00
 5.78000000e+02 5.60000000e+01 1.65968297e+00
 5.79000000e+02 5.60000000e+01 1.69203661e+00
 5.80000000e+02 5.60000000e+01 1.72439025e+00
 5.81000000e+02 5.60000000e+01 1.75674389e+00
 5.82000000e+02 5.60000000e+01 1.78909752e+00
 5.83000000e+02 5.60000000e+01 1.82145116e+00
 5.84000000e+02 5.60000000e+01 1.85380480e+00
 5.85000000e+02 5.60000000e+01 1.88615844e+00
 5.86000000e+02 5.60000000e+01 1.91851207e+00
 5.87000000e+02 5.60000000e+01 1.95086571e+00
 5.88000000e+02 5.60000000e+01 1.98321935e+00
 5.89000000e+02 5.60000000e+01 2.01557298e+00
 5.90000000e+02 5.60000000e+01 2.04792662e+00
 5.91000000e+02 5.60000000e+01 2.08028026e+00
 5.92000000e+02 5.60000000e+01 2.11263390e+00
 5.93000000e+02 5.60000000e+01 2.14498753e+00
 5.94000000e+02 5.60000000e+01 2.17734117e+00
 5.95000000e+02 5.60000000e+01 2.20969481e+00
 5.96000000e+02 5.60000000e+01 1.24204844e+00
 5.97000000e+02 5.60000000e+01 1.27440208e+00
 5.98000000e+02 5.60000000e+01 1.30675572e+00
 5.99000000e+02 5.60000000e+01 1.33910936e+00
 6.00000000e+02 5.60000000e+01 2.37146299e+00
 6.01000000e+02 5.60000000e+01 1.40381663e+00
 6.02000000e+02 5.60000000e+01 1.43617027e+00
 6.03000000e+02 5.60000000e+01 1.46852390e+00
 6.04000000e+02 5.60000000e+01 1.50087754e+00
 6.05000000e+02 5.60000000e+01 1.53323118e+00
 6.06000000e+02 5.60000000e+01 1.56558482e+00
 6.07000000e+02 5.60000000e+01 1.59793845e+00
 6.08000000e+02 5.60000000e+01 1.63029209e+00
 6.09000000e+02 5.60000000e+01 1.66264573e+00
 6.10000000e+02 5.60000000e+01 1.69499937e+00
 6.11000000e+02 5.60000000e+01 1.72735300e+00
 6.12000000e+02 5.60000000e+01 1.75970664e+00
 6.13000000e+02 5.60000000e+01 1.79206028e+00
 6.14000000e+02 5.60000000e+01 1.82441391e+00
 6.15000000e+02 5.60000000e+01 1.85676755e+00
 6.16000000e+02 5.60000000e+01 2.88912119e+00
 6.17000000e+02 5.60000000e+01 2.92147483e+00
 6.18000000e+02 5.60000000e+01 1.95382846e+00
 6.19000000e+02 5.60000000e+01 1.98618210e+00
 6.20000000e+02 5.60000000e+01 2.01853574e+00
 6.21000000e+02 5.60000000e+01 2.05088937e+00
 6.22000000e+02 5.60000000e+01 2.08324301e+00
 6.23000000e+02 5.60000000e+01 2.11559665e+00
 6.24000000e+02 5.60000000e+01 2.14795029e+00
 6.25000000e+02 5.60000000e+01 2.18030392e+00
 6.26000000e+02 5.60000000e+01 2.21265756e+00
 6.27000000e+02 5.60000000e+01 2.24501120e+00
 6.28000000e+02 5.60000000e+01 2.27736484e+00
 6.29000000e+02 5.60000000e+01 2.30971847e+00
 6.30000000e+02 5.60000000e+01 2.34207211e+00
 6.31000000e+02 5.60000000e+01 2.37442575e+00
 6.32000000e+02 5.60000000e+01 2.40677938e+00
 6.33000000e+02 5.60000000e+01 2.43913302e+00
 6.34000000e+02 5.60000000e+01 2.47148666e+00
 6.35000000e+02 5.60000000e+01 1.50384030e+00
 6.36000000e+02 5.60000000e+01 1.53619393e+00
 6.37000000e+02 5.60000000e+01 1.56854757e+00
 6.38000000e+02 5.60000000e+01 1.60090121e+00
 6.39000000e+02 5.60000000e+01 1.63325484e+00
 6.40000000e+02 5.60000000e+01 1.66560848e+00
 6.41000000e+02 5.60000000e+01 1.69796212e+00
 6.42000000e+02 5.60000000e+01 1.73031576e+00
 6.43000000e+02 5.60000000e+01 1.76266939e+00
 6.44000000e+02 5.60000000e+01 1.79502303e+00
 6.45000000e+02 5.60000000e+01 1.82737667e+00
 6.46000000e+02 5.60000000e+01 8.59730305e-01
 6.47000000e+02 5.60000000e+01 1.89208394e+00
 6.48000000e+02 5.60000000e+01 1.92443758e+00
 6.49000000e+02 5.60000000e+01 1.95679122e+00
 6.50000000e+02 5.60000000e+01 1.98914485e+00
 6.51000000e+02 5.60000000e+01 2.02149849e+00
 6.52000000e+02 5.60000000e+01 2.05385213e+00
 6.53000000e+02 5.60000000e+01 2.08620577e+00
 6.54000000e+02 5.60000000e+01 2.11855940e+00
 6.55000000e+02 5.60000000e+01 1.15091304e+00
 6.56000000e+02 5.60000000e+01 1.18326668e+00
 6.57000000e+02 5.60000000e+01 1.21562031e+00
 6.58000000e+02 5.60000000e+01 2.24797395e+00
 6.59000000e+02 5.60000000e+01 2.28032759e+00
 6.60000000e+02 5.60000000e+01 2.31268123e+00
 6.61000000e+02 5.60000000e+01 2.34503486e+00
 6.62000000e+02 5.60000000e+01 2.37738850e+00
 6.63000000e+02 5.60000000e+01 2.40974214e+00
 6.64000000e+02 5.60000000e+01 1.44209577e+00
 6.65000000e+02 5.60000000e+01 1.47444941e+00
 6.66000000e+02 5.60000000e+01 1.50680305e+00
 6.67000000e+02 5.60000000e+01 1.53915669e+00
 6.68000000e+02 5.60000000e+01 1.57151032e+00
 6.69000000e+02 5.60000000e+01 2.60386396e+00
 6.70000000e+02 5.60000000e+01 2.63621760e+00
 6.71000000e+02 5.60000000e+01 2.66857123e+00
 6.72000000e+02 5.60000000e+01 2.70092487e+00
 6.73000000e+02 5.60000000e+01 2.73327851e+00
 6.74000000e+02 5.60000000e+01 1.76563215e+00
 6.75000000e+02 5.60000000e+01 1.79798578e+00
 6.76000000e+02 5.60000000e+01 1.83033942e+00
 6.77000000e+02 5.60000000e+01 1.86269306e+00
 6.78000000e+02 5.60000000e+01 1.89504670e+00
 6.79000000e+02 5.60000000e+01 1.92740033e+00
 6.80000000e+02 5.60000000e+01 1.95975397e+00
 6.81000000e+02 5.60000000e+01 1.99210761e+00
 6.82000000e+02 5.60000000e+01 2.02446124e+00
 6.83000000e+02 5.60000000e+01 2.05681488e+00
 6.84000000e+02 5.60000000e+01 2.08916852e+00
 6.85000000e+02 5.60000000e+01 2.12152216e+00
 6.86000000e+02 5.60000000e+01 2.15387579e+00
 6.87000000e+02 5.60000000e+01 1.18622943e+00
 6.88000000e+02 5.60000000e+01 1.21858307e+00
 6.89000000e+02 5.60000000e+01 1.25093670e+00
 6.90000000e+02 5.60000000e+01 1.28329034e+00
 6.91000000e+02 5.60000000e+01 1.31564398e+00
 6.92000000e+02 5.60000000e+01 2.34799762e+00
 6.93000000e+02 5.60000000e+01 2.38035125e+00
 6.94000000e+02 5.60000000e+01 2.41270489e+00
 6.95000000e+02 5.60000000e+01 1.44505853e+00
 6.96000000e+02 5.60000000e+01 1.47741217e+00
 6.97000000e+02 5.60000000e+01 1.50976580e+00
 6.98000000e+02 5.60000000e+01 5.42119440e-01
