 2.72000000e+02 7.00000000e+00 5.07840950e+01
 2.73000000e+02 7.00000000e+00 5.07476519e+01
 2.74000000e+02 7.00000000e+00 5.07112088e+01
 2.75000000e+02 7.00000000e+00 5.16747657e+01
 2.76000000e+02 7.00000000e+00 5.06383227e+01
 2.77000000e+02 7.00000000e+00 5.06018796e+01
 2.78000000e+02 7.00000000e+00 5.05654365e+01
 2.79000000e+02 7.00000000e+00 5.05289934e+01
 2.80000000e+02 7.00000000e+00 4.94925503e+01
 2.81000000e+02 7.00000000e+00 4.94561072e+01
 2.82000000e+02 7.00000000e+00 4.94196641e+01
 2.83000000e+02 7.00000000e+00 4.93832211e+01
 2.84000000e+02 7.00000000e+00 4.93467780e+01
 2.85000000e+02 7.00000000e+00 4.83103349e+01
 2.86000000e+02 7.00000000e+00 4.82738918e+01
 2.87000000e+02 7.00000000e+00 4.82374487e+01
 2.88000000e+02 7.00000000e+00 4.82010056e+01
 2.89000000e+02 7.00000000e+00 4.81645625e+01
 2.90000000e+02 7.00000000e+00 4.71281195e+01
 2.91000000e+02 7.00000000e+00 4.70916764e+01
 2.92000000e+02 7.00000000e+00 4.60552333e+01
 2.93000000e+02 7.00000000e+00 4.60187902e+01
 2.94000000e+02 7.00000000e+00 4.59823471e+01
 2.95000000e+02 7.00000000e+00 4.59459040e+01
 2.96000000e+02 7.00000000e+00 4.49094609e+01
 2.97000000e+02 7.00000000e+00 4.48730178e+01
 2.98000000e+02 7.00000000e+00 4.58365748e+01
 2.99000000e+02 7.00000000e+00 4.58001317e+01
 3.00000000e+02 7.00000000e+00 4.47636886e+01
 3.01000000e+02 7.00000000e+00 4.47272455e+01
 3.02000000e+02 7.00000000e+00 4.36908024e+01
 3.03000000e+02 7.00000000e+00 4.36543593e+01
 3.04000000e+02 7.00000000e+00 4.36179162e+01
 3.05000000e+02 7.00000000e+00 4.25814732e+01
 3.06000000e+02 7.00000000e+00 4.15450301e+01
 3.07000000e+02 7.00000000e+00 4.15085870e+01
 3.08000000e+02 7.00000000e+00 4.14721439e+01
 3.09000000e+02 7.00000000e+00 4.14357008e+01
 3.10000000e+02 7.00000000e+00 4.13992577e+01
 3.11000000e+02 7.00000000e+00 4.03628146e+01
 3.12000000e+02 7.00000000e+00 4.03263716e+01
 3.13000000e+02 7.00000000e+00 4.02899285e+01
 3.14000000e+02 7.00000000e+00 3.92534854e+01
 3.15000000e+02 7.00000000e+00 3.92170423e+01
 3.16000000e+02 7.00000000e+00 3.91805992e+01
 3.17000000e+02 7.00000000e+00 3.91441561e+01
 3.18000000e+02 7.00000000e+00 3.91077130e+01
 3.19000000e+02 7.00000000e+00 3.90712700e+01
 3.20000000e+02 7.00000000e+00 3.90348269e+01
 3.21000000e+02 7.00000000e+00 3.79983838e+01
 3.22000000e+02 7.00000000e+00 3.79619407e+01
 3.23000000e+02 7.00000000e+00 3.79254976e+01
 3.24000000e+02 7.00000000e+00 3.68890545e+01
 3.25000000e+02 7.00000000e+00 3.68526114e+01
 3.26000000e+02 7.00000000e+00 3.68161684e+01
 3.27000000e+02 7.00000000e+00 3.67797253e+01
 3.28000000e+02 7.00000000e+00 3.57432822e+01
 3.29000000e+02 7.00000000e+00 3.67068391e+01
 3.33000000e+02 7.00000000e+00 3.35610668e+01
 3.34000000e+02 7.00000000e+00 3.35246237e+01
 3.35000000e+02 7.00000000e+00 3.34881806e+01
 3.36000000e+02 7.00000000e+00 3.34517375e+01
 3.37000000e+02 7.00000000e+00 3.44152944e+01
 3.38000000e+02 7.00000000e+00 3.43788513e+01
 3.39000000e+02 7.00000000e+00 3.43424082e+01
 3.40000000e+02 7.00000000e+00 3.43059652e+01
 3.41000000e+02 7.00000000e+00 3.42695221e+01
 3.42000000e+02 7.00000000e+00 3.42330790e+01
 3.43000000e+02 7.00000000e+00 3.31966359e+01
 3.44000000e+02 7.00000000e+00 3.31601928e+01
 3.45000000e+02 7.00000000e+00 3.31237497e+01
 3.46000000e+02 7.00000000e+00 3.30873066e+01
 3.47000000e+02 7.00000000e+00 3.20508636e+01
 3.48000000e+02 7.00000000e+00 3.20144205e+01
 3.49000000e+02 7.00000000e+00 3.19779774e+01
 3.50000000e+02 7.00000000e+00 3.19415343e+01
 3.51000000e+02 7.00000000e+00 3.09050912e+01
 3.52000000e+02 7.00000000e+00 3.08686481e+01
 3.53000000e+02 7.00000000e+00 3.08322050e+01
 3.54000000e+02 7.00000000e+00 3.07957620e+01
 3.55000000e+02 7.00000000e+00 3.07593189e+01
 3.56000000e+02 7.00000000e+00 3.07228758e+01
 3.57000000e+02 7.00000000e+00 3.06864327e+01
 3.58000000e+02 7.00000000e+00 3.06499896e+01
 3.59000000e+02 7.00000000e+00 3.06135465e+01
 3.60000000e+02 7.00000000e+00 3.05771034e+01
 3.61000000e+02 7.00000000e+00 3.05406604e+01
 3.62000000e+02 7.00000000e+00 2.95042173e+01
 3.63000000e+02 7.00000000e+00 2.94677742e+01
 3.64000000e+02 7.00000000e+00 2.94313311e+01
 3.65000000e+02 7.00000000e+00 2.93948880e+01
 3.66000000e+02 7.00000000e+00 2.83584449e+01
 3.67000000e+02 7.00000000e+00 2.83220018e+01
 3.68000000e+02 7.00000000e+00 2.82855587e+01
 3.69000000e+02 7.00000000e+00 2.82491157e+01
 3.70000000e+02 7.00000000e+00 2.92126726e+01
 3.71000000e+02 7.00000000e+00 2.91762295e+01
 3.72000000e+02 7.00000000e+00 2.91397864e+01
 3.73000000e+02 7.00000000e+00 2.81033433e+01
 3.74000000e+02 7.00000000e+00 2.80669002e+01
 3.75000000e+02 7.00000000e+00 2.80304571e+01
 3.76000000e+02 7.00000000e+00 2.79940141e+01
 3.77000000e+02 7.00000000e+00 2.79575710e+01
 3.78000000e+02 7.00000000e+00 2.79211279e+01
 3.79000000e+02 7.00000000e+00 2.78846848e+01
 3.80000000e+02 7.00000000e+00 2.78482417e+01
 3.81000000e+02 7.00000000e+00 2.78117986e+01
 3.82000000e+02 7.00000000e+00 2.67753555e+01
 3.83000000e+02 7.00000000e+00 2.67389125e+01
 3.84000000e+02 7.00000000e+00 2.67024694e+01
 3.85000000e+02 7.00000000e+00 2.66660263e+01
 3.86000000e+02 7.00000000e+00 2.66295832e+01
 3.87000000e+02 7.00000000e+00 2.65931401e+01
 3.88000000e+02 7.00000000e+00 2.65566970e+01
 3.89000000e+02 7.00000000e+00 2.65202539e+01
 3.90000000e+02 7.00000000e+00 2.64838109e+01
 3.91000000e+02 7.00000000e+00 2.64473678e+01
 3.92000000e+02 7.00000000e+00 2.64109247e+01
 3.93000000e+02 7.00000000e+00 2.63744816e+01
 3.94000000e+02 7.00000000e+00 2.63380385e+01
 3.95000000e+02 7.00000000e+00 2.63015954e+01
 3.96000000e+02 7.00000000e+00 2.62651523e+01
 3.97000000e+02 7.00000000e+00 2.62287093e+01
 3.98000000e+02 7.00000000e+00 2.61922662e+01
 3.99000000e+02 7.00000000e+00 2.61558231e+01
 4.00000000e+02 7.00000000e+00 2.61193800e+01
 4.01000000e+02 7.00000000e+00 2.60829369e+01
 4.02000000e+02 7.00000000e+00 2.60464938e+01
 4.03000000e+02 7.00000000e+00 2.60100507e+01
 4.04000000e+02 7.00000000e+00 2.49736077e+01
 4.05000000e+02 7.00000000e+00 2.59371646e+01
 4.06000000e+02 7.00000000e+00 2.59007215e+01
 4.07000000e+02 7.00000000e+00 2.58642784e+01
 4.08000000e+02 7.00000000e+00 2.58278353e+01
 4.09000000e+02 7.00000000e+00 2.57913922e+01
 4.10000000e+02 7.00000000e+00 2.57549491e+01
 4.11000000e+02 7.00000000e+00 2.57185061e+01
 4.12000000e+02 7.00000000e+00 2.56820630e+01
 4.13000000e+02 7.00000000e+00 2.46456199e+01
 4.14000000e+02 7.00000000e+00 2.46091768e+01
 4.15000000e+02 7.00000000e+00 2.55727337e+01
 4.16000000e+02 7.00000000e+00 2.45362906e+01
 4.17000000e+02 7.00000000e+00 2.54998475e+01
 4.18000000e+02 7.00000000e+00 2.54634045e+01
 4.19000000e+02 7.00000000e+00 2.44269614e+01
 4.20000000e+02 7.00000000e+00 2.43905183e+01
 4.21000000e+02 7.00000000e+00 2.43540752e+01
 4.22000000e+02 7.00000000e+00 2.43176321e+01
 4.23000000e+02 7.00000000e+00 2.42811890e+01
 4.24000000e+02 7.00000000e+00 2.42447459e+01
 4.25000000e+02 7.00000000e+00 2.42083029e+01
 4.26000000e+02 7.00000000e+00 2.41718598e+01
 4.27000000e+02 7.00000000e+00 2.51354167e+01
 4.28000000e+02 7.00000000e+00 2.50989736e+01
 4.29000000e+02 7.00000000e+00 2.50625305e+01
 4.30000000e+02 7.00000000e+00 2.50260874e+01
 4.31000000e+02 7.00000000e+00 2.49896443e+01
 4.32000000e+02 7.00000000e+00 2.49532012e+01
 4.33000000e+02 7.00000000e+00 2.49167582e+01
 4.34000000e+02 7.00000000e+00 2.48803151e+01
 4.35000000e+02 7.00000000e+00 2.48438720e+01
 4.36000000e+02 7.00000000e+00 2.48074289e+01
 4.37000000e+02 7.00000000e+00 2.47709858e+01
 4.38000000e+02 7.00000000e+00 2.37345427e+01
 4.39000000e+02 7.00000000e+00 2.36980996e+01
 4.40000000e+02 7.00000000e+00 2.36616566e+01
 4.41000000e+02 7.00000000e+00 2.36252135e+01
 4.42000000e+02 7.00000000e+00 2.35887704e+01
 4.43000000e+02 7.00000000e+00 2.35523273e+01
 4.44000000e+02 7.00000000e+00 2.45158842e+01
 4.45000000e+02 7.00000000e+00 2.44794411e+01
 4.46000000e+02 7.00000000e+00 2.44429980e+01
 4.47000000e+02 7.00000000e+00 2.44065550e+01
 4.48000000e+02 7.00000000e+00 2.43701119e+01
 4.49000000e+02 7.00000000e+00 2.43336688e+01
 4.50000000e+02 7.00000000e+00 2.42972257e+01
 4.51000000e+02 7.00000000e+00 2.42607826e+01
 4.52000000e+02 7.00000000e+00 2.42243395e+01
 4.53000000e+02 7.00000000e+00 2.41878964e+01
 4.54000000e+02 7.00000000e+00 2.41514534e+01
 4.55000000e+02 7.00000000e+00 2.41150103e+01
 4.56000000e+02 7.00000000e+00 2.40785672e+01
 4.57000000e+02 7.00000000e+00 2.40421241e+01
 4.58000000e+02 7.00000000e+00 2.40056810e+01
 4.59000000e+02 7.00000000e+00 2.39692379e+01
 4.60000000e+02 7.00000000e+00 2.39327948e+01
 4.61000000e+02 7.00000000e+00 2.38963518e+01
 4.62000000e+02 7.00000000e+00 2.38599087e+01
 4.63000000e+02 7.00000000e+00 2.38234656e+01
 4.64000000e+02 7.00000000e+00 2.37870225e+01
 4.65000000e+02 7.00000000e+00 2.37505794e+01
 4.66000000e+02 7.00000000e+00 2.37141363e+01
 4.67000000e+02 7.00000000e+00 2.36776932e+01
 4.68000000e+02 7.00000000e+00 2.36412502e+01
 4.69000000e+02 7.00000000e+00 2.36048071e+01
 4.70000000e+02 7.00000000e+00 2.35683640e+01
 4.71000000e+02 7.00000000e+00 2.35319209e+01
 4.72000000e+02 7.00000000e+00 2.44954778e+01
 4.73000000e+02 7.00000000e+00 2.44590347e+01
 4.74000000e+02 7.00000000e+00 2.44225916e+01
 4.75000000e+02 7.00000000e+00 2.43861486e+01
 4.76000000e+02 7.00000000e+00 2.43497055e+01
 4.77000000e+02 7.00000000e+00 2.43132624e+01
 4.78000000e+02 7.00000000e+00 2.42768193e+01
 4.79000000e+02 7.00000000e+00 2.42403762e+01
 4.80000000e+02 7.00000000e+00 2.42039331e+01
 4.81000000e+02 7.00000000e+00 2.41674900e+01
 4.82000000e+02 7.00000000e+00 2.41310470e+01
 4.83000000e+02 7.00000000e+00 2.50946039e+01
 4.84000000e+02 7.00000000e+00 2.50581608e+01
 4.85000000e+02 7.00000000e+00 2.50217177e+01
 4.86000000e+02 7.00000000e+00 2.49852746e+01
 4.87000000e+02 7.00000000e+00 2.49488315e+01
 4.88000000e+02 7.00000000e+00 2.49123884e+01
 4.89000000e+02 7.00000000e+00 2.48759454e+01
 4.90000000e+02 7.00000000e+00 2.48395023e+01
 4.91000000e+02 7.00000000e+00 2.58030592e+01
 4.92000000e+02 7.00000000e+00 2.57666161e+01
 4.93000000e+02 7.00000000e+00 2.57301730e+01
 4.94000000e+02 7.00000000e+00 2.56937299e+01
 4.95000000e+02 7.00000000e+00 2.56572868e+01
 4.96000000e+02 7.00000000e+00 2.56208438e+01
 4.97000000e+02 7.00000000e+00 2.55844007e+01
 4.98000000e+02 7.00000000e+00 2.55479576e+01
 4.99000000e+02 7.00000000e+00 2.55115145e+01
 5.00000000e+02 7.00000000e+00 2.54750714e+01
 5.01000000e+02 7.00000000e+00 2.64386283e+01
 5.02000000e+02 7.00000000e+00 2.64021852e+01
 5.03000000e+02 7.00000000e+00 2.63657421e+01
 5.04000000e+02 7.00000000e+00 2.63292991e+01
 5.05000000e+02 7.00000000e+00 2.62928560e+01
 5.06000000e+02 7.00000000e+00 2.62564129e+01
 5.07000000e+02 7.00000000e+00 2.62199698e+01
 5.08000000e+02 7.00000000e+00 2.71835267e+01
 5.09000000e+02 7.00000000e+00 2.71470836e+01
 5.10000000e+02 7.00000000e+00 2.71106405e+01
 5.11000000e+02 7.00000000e+00 2.70741975e+01
 5.12000000e+02 7.00000000e+00 2.80377544e+01
 5.13000000e+02 7.00000000e+00 2.80013113e+01
 5.14000000e+02 7.00000000e+00 2.79648682e+01
 5.15000000e+02 7.00000000e+00 2.89284251e+01
 5.16000000e+02 7.00000000e+00 2.88919820e+01
 5.17000000e+02 7.00000000e+00 2.88555389e+01
 5.18000000e+02 7.00000000e+00 2.88190959e+01
 5.19000000e+02 7.00000000e+00 2.87826528e+01
 5.20000000e+02 7.00000000e+00 2.87462097e+01
 5.21000000e+02 7.00000000e+00 2.97097666e+01
 5.22000000e+02 7.00000000e+00 2.96733235e+01
 5.23000000e+02 7.00000000e+00 2.96368804e+01
 5.24000000e+02 7.00000000e+00 2.96004373e+01
 5.25000000e+02 7.00000000e+00 3.05639943e+01
 5.26000000e+02 7.00000000e+00 3.05275512e+01
 5.27000000e+02 7.00000000e+00 3.04911081e+01
 5.28000000e+02 7.00000000e+00 2.94546650e+01
 5.29000000e+02 7.00000000e+00 3.04182219e+01
 5.30000000e+02 7.00000000e+00 3.03817788e+01
 5.31000000e+02 7.00000000e+00 3.03453357e+01
 5.32000000e+02 7.00000000e+00 3.13088927e+01
 5.33000000e+02 7.00000000e+00 3.12724496e+01
 5.34000000e+02 7.00000000e+00 3.22360065e+01
 5.35000000e+02 7.00000000e+00 3.11995634e+01
 5.36000000e+02 7.00000000e+00 3.21631203e+01
 5.37000000e+02 7.00000000e+00 3.11266772e+01
 5.38000000e+02 7.00000000e+00 3.10902341e+01
 5.39000000e+02 7.00000000e+00 3.20537911e+01
 5.40000000e+02 7.00000000e+00 3.20173480e+01
 5.41000000e+02 7.00000000e+00 3.19809049e+01
 5.42000000e+02 7.00000000e+00 3.29444618e+01
 5.43000000e+02 7.00000000e+00 3.29080187e+01
 5.44000000e+02 7.00000000e+00 3.28715756e+01
 5.45000000e+02 7.00000000e+00 3.28351325e+01
 5.46000000e+02 7.00000000e+00 3.17986895e+01
 5.47000000e+02 7.00000000e+00 3.27622464e+01
 5.48000000e+02 7.00000000e+00 3.27258033e+01
 5.49000000e+02 7.00000000e+00 3.26893602e+01
 5.50000000e+02 7.00000000e+00 3.26529171e+01
 5.51000000e+02 7.00000000e+00 3.36164740e+01
 5.52000000e+02 7.00000000e+00 3.35800309e+01
 5.53000000e+02 7.00000000e+00 3.35435879e+01
 5.54000000e+02 7.00000000e+00 3.25071448e+01
 5.55000000e+02 7.00000000e+00 3.24707017e+01
 5.56000000e+02 7.00000000e+00 3.24342586e+01
 5.57000000e+02 7.00000000e+00 3.23978155e+01
 5.58000000e+02 7.00000000e+00 3.23613724e+01
 5.59000000e+02 7.00000000e+00 3.23249293e+01
 5.60000000e+02 7.00000000e+00 3.22884863e+01
 5.61000000e+02 7.00000000e+00 3.22520432e+01
 5.62000000e+02 7.00000000e+00 3.32156001e+01
 5.63000000e+02 7.00000000e+00 3.31791570e+01
 5.64000000e+02 7.00000000e+00 3.31427139e+01
 5.65000000e+02 7.00000000e+00 3.31062708e+01
 5.66000000e+02 7.00000000e+00 3.30698277e+01
 5.67000000e+02 7.00000000e+00 3.30333846e+01
 5.68000000e+02 7.00000000e+00 3.29969416e+01
 5.69000000e+02 7.00000000e+00 3.29604985e+01
 5.70000000e+02 7.00000000e+00 3.29240554e+01
 5.71000000e+02 7.00000000e+00 3.28876123e+01
 5.72000000e+02 7.00000000e+00 3.38511692e+01
 5.73000000e+02 7.00000000e+00 3.38147261e+01
 5.74000000e+02 7.00000000e+00 3.37782830e+01
 5.75000000e+02 7.00000000e+00 3.37418400e+01
 5.76000000e+02 7.00000000e+00 3.37053969e+01
 5.77000000e+02 7.00000000e+00 3.36689538e+01
 5.78000000e+02 7.00000000e+00 3.36325107e+01
 5.79000000e+02 7.00000000e+00 3.35960676e+01
 5.80000000e+02 7.00000000e+00 3.45596245e+01
 5.81000000e+02 7.00000000e+00 3.45231814e+01
 5.82000000e+02 7.00000000e+00 3.44867384e+01
 5.83000000e+02 7.00000000e+00 3.44502953e+01
 5.84000000e+02 7.00000000e+00 3.44138522e+01
 5.85000000e+02 7.00000000e+00 3.43774091e+01
 5.86000000e+02 7.00000000e+00 3.43409660e+01
 5.87000000e+02 7.00000000e+00 3.43045229e+01
 5.88000000e+02 7.00000000e+00 3.42680798e+01
 5.89000000e+02 7.00000000e+00 3.42316368e+01
 5.90000000e+02 7.00000000e+00 3.41951937e+01
 5.91000000e+02 7.00000000e+00 3.41587506e+01
 5.92000000e+02 7.00000000e+00 3.41223075e+01
 5.93000000e+02 7.00000000e+00 3.40858644e+01
 5.94000000e+02 7.00000000e+00 3.40494213e+01
 5.95000000e+02 7.00000000e+00 3.50129782e+01
 5.96000000e+02 7.00000000e+00 3.49765352e+01
 5.97000000e+02 7.00000000e+00 3.39400921e+01
 5.98000000e+02 7.00000000e+00 3.39036490e+01
 5.99000000e+02 7.00000000e+00 3.48672059e+01
 6.00000000e+02 7.00000000e+00 3.38307628e+01
 6.01000000e+02 7.00000000e+00 3.37943197e+01
 6.02000000e+02 7.00000000e+00 3.37578766e+01
 6.03000000e+02 7.00000000e+00 3.47214336e+01
 6.04000000e+02 7.00000000e+00 3.46849905e+01
 6.05000000e+02 7.00000000e+00 3.46485474e+01
 6.06000000e+02 7.00000000e+00 3.46121043e+01
 6.07000000e+02 7.00000000e+00 3.45756612e+01
 6.08000000e+02 7.00000000e+00 3.45392181e+01
 6.09000000e+02 7.00000000e+00 3.45027750e+01
 6.10000000e+02 7.00000000e+00 3.34663320e+01
 6.11000000e+02 7.00000000e+00 3.44298889e+01
 6.12000000e+02 7.00000000e+00 3.43934458e+01
 6.13000000e+02 7.00000000e+00 3.43570027e+01
 6.14000000e+02 7.00000000e+00 3.43205596e+01
 6.15000000e+02 7.00000000e+00 3.42841165e+01
 6.16000000e+02 7.00000000e+00 3.42476734e+01
 6.17000000e+02 7.00000000e+00 3.42112304e+01
 6.18000000e+02 7.00000000e+00 3.41747873e+01
 6.19000000e+02 7.00000000e+00 3.41383442e+01
 6.20000000e+02 7.00000000e+00 3.41019011e+01
 6.21000000e+02 7.00000000e+00 3.40654580e+01
 6.22000000e+02 7.00000000e+00 3.40290149e+01
 6.23000000e+02 7.00000000e+00 3.39925718e+01
 6.24000000e+02 7.00000000e+00 3.39561288e+01
 6.25000000e+02 7.00000000e+00 3.39196857e+01
 6.26000000e+02 7.00000000e+00 3.38832426e+01
 6.27000000e+02 7.00000000e+00 3.48467995e+01
 6.28000000e+02 7.00000000e+00 3.48103564e+01
 6.29000000e+02 7.00000000e+00 3.47739133e+01
 6.30000000e+02 7.00000000e+00 3.47374702e+01
 6.31000000e+02 7.00000000e+00 3.47010272e+01
 6.32000000e+02 7.00000000e+00 3.46645841e+01
 6.33000000e+02 7.00000000e+00 3.46281410e+01
 6.34000000e+02 7.00000000e+00 3.45916979e+01
 6.35000000e+02 7.00000000e+00 3.45552548e+01
 6.36000000e+02 7.00000000e+00 3.45188117e+01
 6.37000000e+02 7.00000000e+00 3.44823686e+01
 6.38000000e+02 7.00000000e+00 3.44459255e+01
 6.39000000e+02 7.00000000e+00 3.44094825e+01
 6.40000000e+02 7.00000000e+00 3.43730394e+01
 6.41000000e+02 7.00000000e+00 3.43365963e+01
 6.42000000e+02 7.00000000e+00 3.43001532e+01
 6.43000000e+02 7.00000000e+00 3.42637101e+01
 6.44000000e+02 7.00000000e+00 3.42272670e+01
 6.45000000e+02 7.00000000e+00 3.41908239e+01
 6.46000000e+02 7.00000000e+00 3.31543809e+01
 6.47000000e+02 7.00000000e+00 3.31179378e+01
 6.48000000e+02 7.00000000e+00 3.30814947e+01
 6.49000000e+02 7.00000000e+00 3.30450516e+01
 6.50000000e+02 7.00000000e+00 3.40086085e+01
 6.51000000e+02 7.00000000e+00 3.39721654e+01
 6.52000000e+02 7.00000000e+00 3.39357223e+01
 6.53000000e+02 7.00000000e+00 3.38992793e+01
 6.54000000e+02 7.00000000e+00 3.38628362e+01
 6.55000000e+02 7.00000000e+00 3.38263931e+01
 6.56000000e+02 7.00000000e+00 3.37899500e+01
 6.57000000e+02 7.00000000e+00 3.37535069e+01
 6.58000000e+02 7.00000000e+00 3.37170638e+01
 6.59000000e+02 7.00000000e+00 3.36806207e+01
 6.60000000e+02 7.00000000e+00 3.36441777e+01
 6.61000000e+02 7.00000000e+00 3.36077346e+01
 6.62000000e+02 7.00000000e+00 3.35712915e+01
 6.63000000e+02 7.00000000e+00 3.35348484e+01
 6.64000000e+02 7.00000000e+00 3.34984053e+01
 6.65000000e+02 7.00000000e+00 3.34619622e+01
 6.66000000e+02 7.00000000e+00 3.34255191e+01
 6.67000000e+02 7.00000000e+00 3.33890761e+01
 6.68000000e+02 7.00000000e+00 3.33526330e+01
 6.69000000e+02 7.00000000e+00 3.33161899e+01
 6.70000000e+02 7.00000000e+00 3.32797468e+01
 6.71000000e+02 7.00000000e+00 3.32433037e+01
 6.72000000e+02 7.00000000e+00 3.32068606e+01
 6.73000000e+02 7.00000000e+00 3.21704175e+01
 6.74000000e+02 7.00000000e+00 3.31339745e+01
 6.75000000e+02 7.00000000e+00 3.30975314e+01
 6.76000000e+02 7.00000000e+00 3.30610883e+01
 6.77000000e+02 7.00000000e+00 3.30246452e+01
 6.78000000e+02 7.00000000e+00 3.19882021e+01
 6.79000000e+02 7.00000000e+00 3.19517590e+01
 6.80000000e+02 7.00000000e+00 3.29153159e+01
 6.81000000e+02 7.00000000e+00 3.28788729e+01
 6.82000000e+02 7.00000000e+00 3.28424298e+01
 6.83000000e+02 7.00000000e+00 3.28059867e+01
 6.84000000e+02 7.00000000e+00 3.27695436e+01
 6.85000000e+02 7.00000000e+00 3.27331005e+01
 6.86000000e+02 7.00000000e+00 3.26966574e+01
 6.87000000e+02 7.00000000e+00 3.16602143e+01
 6.88000000e+02 7.00000000e+00 3.16237713e+01
 6.89000000e+02 7.00000000e+00 3.15873282e+01
 6.90000000e+02 7.00000000e+00 3.15508851e+01
 6.91000000e+02 7.00000000e+00 3.15144420e+01
 6.92000000e+02 7.00000000e+00 3.14779989e+01
 6.93000000e+02 7.00000000e+00 3.14415558e+01
 6.94000000e+02 7.00000000e+00 3.14051127e+01
 6.95000000e+02 7.00000000e+00 3.13686697e+01
 6.96000000e+02 7.00000000e+00 3.13322266e+01
 6.97000000e+02 7.00000000e+00 3.12957835e+01
 6.98000000e+02 7.00000000e+00 3.12593404e+01
 6.99000000e+02 7.00000000e+00 3.12228973e+01
 7.00000000e+02 7.00000000e+00 3.11864542e+01
 7.01000000e+02 7.00000000e+00 3.11500111e+01
 7.02000000e+02 7.00000000e+00 3.11135680e+01
 7.03000000e+02 7.00000000e+00 3.00771250e+01
 7.04000000e+02 7.00000000e+00 3.00406819e+01
 7.05000000e+02 7.00000000e+00 3.00042388e+01
 7.06000000e+02 7.00000000e+00 2.99677957e+01
 7.07000000e+02 7.00000000e+00 2.99313526e+01
 7.08000000e+02 7.00000000e+00 2.98949095e+01
 7.09000000e+02 7.00000000e+00 2.98584664e+01
 7.10000000e+02 7.00000000e+00 2.98220234e+01
 7.11000000e+02 7.00000000e+00 2.97855803e+01
 7.12000000e+02 7.00000000e+00 2.97491372e+01
 7.13000000e+02 7.00000000e+00 2.97126941e+01
 7.14000000e+02 7.00000000e+00 2.96762510e+01
 7.15000000e+02 7.00000000e+00 3.06398079e+01
 7.16000000e+02 7.00000000e+00 3.06033648e+01
 7.17000000e+02 7.00000000e+00 3.05669218e+01
 7.18000000e+02 7.00000000e+00 2.95304787e+01
 7.19000000e+02 7.00000000e+00 2.94940356e+01
 7.20000000e+02 7.00000000e+00 2.94575925e+01
 7.21000000e+02 7.00000000e+00 2.94211494e+01
 7.22000000e+02 7.00000000e+00 2.93847063e+01
 7.23000000e+02 7.00000000e+00 2.93482632e+01
 7.24000000e+02 7.00000000e+00 2.93118202e+01
 7.25000000e+02 7.00000000e+00 2.92753771e+01
 7.26000000e+02 7.00000000e+00 2.92389340e+01
 7.27000000e+02 7.00000000e+00 2.92024909e+01
 7.28000000e+02 7.00000000e+00 2.91660478e+01
 7.29000000e+02 7.00000000e+00 2.91296047e+01
 7.30000000e+02 7.00000000e+00 2.90931616e+01
 7.31000000e+02 7.00000000e+00 2.90567186e+01
 7.32000000e+02 7.00000000e+00 2.90202755e+01
 7.33000000e+02 7.00000000e+00 2.89838324e+01
 7.34000000e+02 7.00000000e+00 2.89473893e+01
 7.35000000e+02 7.00000000e+00 2.89109462e+01
 7.36000000e+02 7.00000000e+00 2.88745031e+01
 7.37000000e+02 7.00000000e+00 2.88380600e+01
 7.38000000e+02 7.00000000e+00 2.88016170e+01
 7.39000000e+02 7.00000000e+00 2.87651739e+01
 7.40000000e+02 7.00000000e+00 2.87287308e+01
 7.41000000e+02 7.00000000e+00 2.86922877e+01
 7.42000000e+02 7.00000000e+00 2.76558446e+01
 7.43000000e+02 7.00000000e+00 2.76194015e+01
 7.44000000e+02 7.00000000e+00 2.75829584e+01
 7.45000000e+02 7.00000000e+00 2.85465154e+01
 7.46000000e+02 7.00000000e+00 2.85100723e+01
 7.47000000e+02 7.00000000e+00 2.84736292e+01
 7.48000000e+02 7.00000000e+00 2.74371861e+01
 7.49000000e+02 7.00000000e+00 2.74007430e+01
 7.50000000e+02 7.00000000e+00 2.73642999e+01
 7.51000000e+02 7.00000000e+00 2.73278568e+01
 7.52000000e+02 7.00000000e+00 2.72914138e+01
 7.53000000e+02 7.00000000e+00 2.72549707e+01
 7.54000000e+02 7.00000000e+00 2.72185276e+01
 7.55000000e+02 7.00000000e+00 2.71820845e+01
 7.56000000e+02 7.00000000e+00 2.71456414e+01
 7.57000000e+02 7.00000000e+00 2.61091983e+01
 7.58000000e+02 7.00000000e+00 2.60727552e+01
 7.59000000e+02 7.00000000e+00 2.60363122e+01
 7.60000000e+02 7.00000000e+00 2.59998691e+01
 7.61000000e+02 7.00000000e+00 2.59634260e+01
 7.62000000e+02 7.00000000e+00 2.49269829e+01
 7.63000000e+02 7.00000000e+00 2.48905398e+01
 7.64000000e+02 7.00000000e+00 2.48540967e+01
