 5.20000000e+01 2.70000000e+01 1.98207109e+01
 5.30000000e+01 2.70000000e+01 1.98614598e+01
 5.40000000e+01 2.70000000e+01 1.99022087e+01
 5.50000000e+01 2.70000000e+01 1.99429576e+01
 5.60000000e+01 2.70000000e+01 1.99837065e+01
 5.70000000e+01 2.70000000e+01 2.00244554e+01
 5.80000000e+01 2.70000000e+01 1.90652043e+01
 5.90000000e+01 2.70000000e+01 1.91059532e+01
 6.00000000e+01 2.70000000e+01 1.91467021e+01
 6.10000000e+01 2.70000000e+01 1.91874510e+01
 6.20000000e+01 2.70000000e+01 1.92281999e+01
 6.30000000e+01 2.70000000e+01 1.82689488e+01
 6.40000000e+01 2.70000000e+01 1.83096977e+01
 6.50000000e+01 2.70000000e+01 1.73504466e+01
 6.60000000e+01 2.70000000e+01 1.73911955e+01
 6.70000000e+01 2.70000000e+01 1.74319444e+01
 6.80000000e+01 2.70000000e+01 1.74726933e+01
 6.90000000e+01 2.70000000e+01 1.75134422e+01
 7.00000000e+01 2.70000000e+01 1.85541911e+01
 7.10000000e+01 2.70000000e+01 1.85949401e+01
 7.20000000e+01 2.70000000e+01 1.86356890e+01
 7.30000000e+01 2.70000000e+01 1.86764379e+01
 7.40000000e+01 2.70000000e+01 1.87171868e+01
 7.50000000e+01 2.70000000e+01 1.97579357e+01
 7.60000000e+01 2.70000000e+01 2.07986846e+01
 7.70000000e+01 2.70000000e+01 1.98394335e+01
 7.80000000e+01 2.70000000e+01 1.98801824e+01
 7.90000000e+01 2.70000000e+01 1.99209313e+01
 8.00000000e+01 2.70000000e+01 1.89616802e+01
 8.10000000e+01 2.70000000e+01 1.90024291e+01
 8.20000000e+01 2.70000000e+01 2.00431780e+01
 8.30000000e+01 2.70000000e+01 2.10839269e+01
 8.40000000e+01 2.70000000e+01 2.11246758e+01
 8.50000000e+01 2.70000000e+01 2.11654247e+01
 8.60000000e+01 2.70000000e+01 2.12061736e+01
 8.70000000e+01 2.70000000e+01 2.22469225e+01
 8.80000000e+01 2.70000000e+01 2.12876714e+01
 8.90000000e+01 2.70000000e+01 2.03284203e+01
 9.00000000e+01 2.70000000e+01 1.93691692e+01
 9.10000000e+01 2.70000000e+01 1.94099181e+01
 9.20000000e+01 2.70000000e+01 2.04506670e+01
 9.30000000e+01 2.70000000e+01 2.04914159e+01
 9.40000000e+01 2.70000000e+01 2.15321648e+01
 9.50000000e+01 2.70000000e+01 2.05729137e+01
 9.60000000e+01 2.70000000e+01 1.96136626e+01
 9.70000000e+01 2.70000000e+01 1.96544116e+01
 9.80000000e+01 2.70000000e+01 1.96951605e+01
 9.90000000e+01 2.70000000e+01 1.97359094e+01
 1.00000000e+02 2.70000000e+01 1.97766583e+01
 1.01000000e+02 2.70000000e+01 1.98174072e+01
 1.02000000e+02 2.70000000e+01 1.98581561e+01
 1.03000000e+02 2.70000000e+01 1.98989050e+01
 1.04000000e+02 2.70000000e+01 1.99396539e+01
 1.05000000e+02 2.70000000e+01 1.99804028e+01
 1.06000000e+02 2.70000000e+01 2.00211517e+01
 1.07000000e+02 2.70000000e+01 2.00619006e+01
 1.08000000e+02 2.70000000e+01 2.01026495e+01
 1.09000000e+02 2.70000000e+01 2.01433984e+01
 1.10000000e+02 2.70000000e+01 1.91841473e+01
 1.11000000e+02 2.70000000e+01 2.02248962e+01
 1.12000000e+02 2.70000000e+01 2.02656451e+01
 1.13000000e+02 2.70000000e+01 2.03063940e+01
 1.14000000e+02 2.70000000e+01 2.03471429e+01
 1.15000000e+02 2.70000000e+01 2.03878918e+01
 1.16000000e+02 2.70000000e+01 2.04286407e+01
 1.17000000e+02 2.70000000e+01 2.14693896e+01
 1.18000000e+02 2.70000000e+01 2.15101385e+01
 1.19000000e+02 2.70000000e+01 2.15508874e+01
 1.20000000e+02 2.70000000e+01 2.15916363e+01
 1.21000000e+02 2.70000000e+01 2.26323852e+01
 1.22000000e+02 2.70000000e+01 2.26731341e+01
 1.23000000e+02 2.70000000e+01 2.27138831e+01
 1.24000000e+02 2.70000000e+01 2.27546320e+01
 1.25000000e+02 2.70000000e+01 2.27953809e+01
 1.26000000e+02 2.70000000e+01 2.18361298e+01
 1.27000000e+02 2.70000000e+01 2.28768787e+01
 1.28000000e+02 2.70000000e+01 2.29176276e+01
 1.29000000e+02 2.70000000e+01 2.29583765e+01
 1.30000000e+02 2.70000000e+01 2.29991254e+01
 1.31000000e+02 2.70000000e+01 2.40398743e+01
 1.32000000e+02 2.70000000e+01 2.40806232e+01
 1.33000000e+02 2.70000000e+01 2.31213721e+01
 1.34000000e+02 2.70000000e+01 2.31621210e+01
 1.35000000e+02 2.70000000e+01 2.42028699e+01
 1.36000000e+02 2.70000000e+01 2.42436188e+01
 1.37000000e+02 2.70000000e+01 2.52843677e+01
 1.38000000e+02 2.70000000e+01 2.53251166e+01
 1.39000000e+02 2.70000000e+01 2.53658655e+01
 1.40000000e+02 2.70000000e+01 1.74066144e+01
 1.41000000e+02 2.70000000e+01 1.94473633e+01
 1.42000000e+02 2.70000000e+01 2.04881122e+01
 1.43000000e+02 2.70000000e+01 2.05288611e+01
 1.44000000e+02 2.70000000e+01 1.95696100e+01
 1.45000000e+02 2.70000000e+01 1.96103589e+01
 1.46000000e+02 2.70000000e+01 1.96511078e+01
 1.47000000e+02 2.70000000e+01 1.96918567e+01
 1.48000000e+02 2.70000000e+01 1.97326056e+01
 1.49000000e+02 2.70000000e+01 1.97733546e+01
 1.50000000e+02 2.70000000e+01 1.98141035e+01
 1.51000000e+02 2.70000000e+01 1.88548524e+01
 1.52000000e+02 2.70000000e+01 1.88956013e+01
 1.53000000e+02 2.70000000e+01 1.79363502e+01
 1.54000000e+02 2.70000000e+01 1.99770991e+01
 1.55000000e+02 2.70000000e+01 2.00178480e+01
 1.56000000e+02 2.70000000e+01 1.90585969e+01
 1.57000000e+02 2.70000000e+01 2.00993458e+01
 1.58000000e+02 2.70000000e+01 2.01400947e+01
 1.59000000e+02 2.70000000e+01 2.01808436e+01
 1.60000000e+02 2.70000000e+01 1.92215925e+01
 1.61000000e+02 2.70000000e+01 1.92623414e+01
 1.62000000e+02 2.70000000e+01 1.93030903e+01
 1.63000000e+02 2.70000000e+01 1.93438392e+01
 1.64000000e+02 2.70000000e+01 1.93845881e+01
 1.65000000e+02 2.70000000e+01 1.94253370e+01
 1.66000000e+02 2.70000000e+01 2.04660859e+01
 1.67000000e+02 2.70000000e+01 2.15068348e+01
 1.68000000e+02 2.70000000e+01 2.15475837e+01
 1.69000000e+02 2.70000000e+01 2.15883326e+01
 1.70000000e+02 2.70000000e+01 2.26290815e+01
 1.71000000e+02 2.70000000e+01 2.26698304e+01
 1.72000000e+02 2.70000000e+01 2.37105793e+01
 1.73000000e+02 2.70000000e+01 2.37513282e+01
 1.74000000e+02 2.70000000e+01 2.47920771e+01
 1.75000000e+02 2.70000000e+01 2.48328261e+01
 1.76000000e+02 2.70000000e+01 2.48735750e+01
 1.77000000e+02 2.70000000e+01 2.49143239e+01
 1.78000000e+02 2.70000000e+01 2.59550728e+01
 1.79000000e+02 2.70000000e+01 2.59958217e+01
 1.80000000e+02 2.70000000e+01 2.60365706e+01
 1.81000000e+02 2.70000000e+01 2.70773195e+01
 1.82000000e+02 2.70000000e+01 2.71180684e+01
 1.83000000e+02 2.70000000e+01 2.71588173e+01
 1.84000000e+02 2.70000000e+01 2.71995662e+01
 1.85000000e+02 2.70000000e+01 2.62403151e+01
 1.86000000e+02 2.70000000e+01 2.62810640e+01
 1.87000000e+02 2.70000000e+01 2.63218129e+01
 1.88000000e+02 2.70000000e+01 2.53625618e+01
 1.89000000e+02 2.70000000e+01 2.44033107e+01
 1.90000000e+02 2.70000000e+01 2.44440596e+01
 1.91000000e+02 2.70000000e+01 2.44848085e+01
 1.92000000e+02 2.70000000e+01 2.45255574e+01
 1.93000000e+02 2.70000000e+01 2.55663063e+01
 1.94000000e+02 2.70000000e+01 2.66070552e+01
 1.95000000e+02 2.70000000e+01 2.56478041e+01
 1.96000000e+02 2.70000000e+01 2.56885530e+01
 1.97000000e+02 2.70000000e+01 2.47293019e+01
 1.98000000e+02 2.70000000e+01 2.57700508e+01
 1.99000000e+02 2.70000000e+01 2.58107997e+01
 2.00000000e+02 2.70000000e+01 2.58515486e+01
 2.01000000e+02 2.70000000e+01 2.58922976e+01
 2.02000000e+02 2.70000000e+01 2.59330465e+01
 2.03000000e+02 2.70000000e+01 2.59737954e+01
 2.04000000e+02 2.70000000e+01 2.60145443e+01
 2.05000000e+02 2.70000000e+01 2.70552932e+01
 2.06000000e+02 2.70000000e+01 2.60960421e+01
 2.07000000e+02 2.70000000e+01 2.51367910e+01
 2.08000000e+02 2.70000000e+01 2.61775399e+01
 2.09000000e+02 2.70000000e+01 2.62182888e+01
 2.10000000e+02 2.70000000e+01 2.52590377e+01
 2.11000000e+02 2.70000000e+01 2.52997866e+01
 2.12000000e+02 2.70000000e+01 2.53405355e+01
 2.13000000e+02 2.70000000e+01 2.53812844e+01
 2.14000000e+02 2.70000000e+01 2.54220333e+01
 2.15000000e+02 2.70000000e+01 2.44627822e+01
 2.16000000e+02 2.70000000e+01 2.45035311e+01
 2.17000000e+02 2.70000000e+01 2.25442800e+01
 2.18000000e+02 2.70000000e+01 2.35850289e+01
 2.19000000e+02 2.70000000e+01 2.26257778e+01
 2.20000000e+02 2.70000000e+01 2.26665267e+01
 2.21000000e+02 2.70000000e+01 2.27072756e+01
 2.22000000e+02 2.70000000e+01 2.27480245e+01
 2.23000000e+02 2.70000000e+01 2.27887734e+01
 2.24000000e+02 2.70000000e+01 2.28295223e+01
 2.25000000e+02 2.70000000e+01 2.28702712e+01
 2.26000000e+02 2.70000000e+01 2.29110201e+01
 2.27000000e+02 2.70000000e+01 2.29517691e+01
 2.28000000e+02 2.70000000e+01 2.29925180e+01
 2.29000000e+02 2.70000000e+01 2.30332669e+01
 2.30000000e+02 2.70000000e+01 2.30740158e+01
 2.31000000e+02 2.70000000e+01 2.31147647e+01
 2.32000000e+02 2.70000000e+01 2.41555136e+01
 2.33000000e+02 2.70000000e+01 2.51962625e+01
 2.34000000e+02 2.70000000e+01 2.62370114e+01
 2.35000000e+02 2.70000000e+01 2.62777603e+01
 2.36000000e+02 2.70000000e+01 2.63185092e+01
 2.37000000e+02 2.70000000e+01 2.63592581e+01
 2.38000000e+02 2.70000000e+01 2.64000070e+01
 2.39000000e+02 2.70000000e+01 2.84407559e+01
 2.40000000e+02 2.70000000e+01 2.84815048e+01
 2.41000000e+02 2.70000000e+01 2.85222537e+01
 2.42000000e+02 2.70000000e+01 2.85630026e+01
 2.43000000e+02 2.70000000e+01 2.86037515e+01
 2.44000000e+02 2.70000000e+01 2.86445004e+01
 2.45000000e+02 2.70000000e+01 2.86852493e+01
 2.46000000e+02 2.70000000e+01 2.87259982e+01
 2.47000000e+02 2.70000000e+01 2.77667471e+01
 2.48000000e+02 2.70000000e+01 2.78074960e+01
 2.49000000e+02 2.70000000e+01 2.78482449e+01
 2.50000000e+02 2.70000000e+01 2.78889938e+01
 2.51000000e+02 2.70000000e+01 2.79297427e+01
 2.52000000e+02 2.70000000e+01 2.79704916e+01
 2.53000000e+02 2.70000000e+01 2.70112406e+01
 2.54000000e+02 2.70000000e+01 2.80519895e+01
 2.55000000e+02 2.70000000e+01 2.80927384e+01
 2.56000000e+02 2.70000000e+01 2.81334873e+01
 2.57000000e+02 2.70000000e+01 2.81742362e+01
 2.58000000e+02 2.70000000e+01 2.82149851e+01
 2.59000000e+02 2.70000000e+01 2.92557340e+01
 2.60000000e+02 2.70000000e+01 2.82964829e+01
 2.61000000e+02 2.70000000e+01 2.93372318e+01
 2.62000000e+02 2.70000000e+01 2.93779807e+01
 2.63000000e+02 2.70000000e+01 2.94187296e+01
 2.64000000e+02 2.70000000e+01 2.94594785e+01
 2.65000000e+02 2.70000000e+01 2.95002274e+01
 2.66000000e+02 2.70000000e+01 2.95409763e+01
 2.67000000e+02 2.70000000e+01 2.95817252e+01
 2.68000000e+02 2.70000000e+01 2.96224741e+01
 2.69000000e+02 2.70000000e+01 2.96632230e+01
 2.70000000e+02 2.70000000e+01 2.97039719e+01
 2.71000000e+02 2.70000000e+01 2.97447208e+01
 2.72000000e+02 2.70000000e+01 2.97854697e+01
 2.73000000e+02 2.70000000e+01 3.08262186e+01
 2.74000000e+02 2.70000000e+01 3.08669675e+01
 2.75000000e+02 2.70000000e+01 3.09077164e+01
 2.76000000e+02 2.70000000e+01 3.09484653e+01
 2.77000000e+02 2.70000000e+01 3.09892142e+01
 2.78000000e+02 2.70000000e+01 3.10299631e+01
 2.79000000e+02 2.70000000e+01 3.10707121e+01
 2.80000000e+02 2.70000000e+01 3.11114610e+01
 2.81000000e+02 2.70000000e+01 3.11522099e+01
 2.82000000e+02 2.70000000e+01 3.11929588e+01
 2.83000000e+02 2.70000000e+01 3.12337077e+01
 2.84000000e+02 2.70000000e+01 3.22744566e+01
 2.85000000e+02 2.70000000e+01 3.13152055e+01
 2.86000000e+02 2.70000000e+01 3.03559544e+01
 2.87000000e+02 2.70000000e+01 3.03967033e+01
 2.88000000e+02 2.70000000e+01 3.04374522e+01
 2.89000000e+02 2.70000000e+01 3.04782011e+01
 2.90000000e+02 2.70000000e+01 3.05189500e+01
 2.91000000e+02 2.70000000e+01 3.05596989e+01
 2.92000000e+02 2.70000000e+01 3.06004478e+01
 2.93000000e+02 2.70000000e+01 3.06411967e+01
 2.94000000e+02 2.70000000e+01 3.06819456e+01
 2.95000000e+02 2.70000000e+01 3.07226945e+01
 2.96000000e+02 2.70000000e+01 2.97634434e+01
 2.97000000e+02 2.70000000e+01 2.98041923e+01
 2.98000000e+02 2.70000000e+01 2.88449412e+01
 2.99000000e+02 2.70000000e+01 2.78856901e+01
 3.00000000e+02 2.70000000e+01 2.79264390e+01
 3.01000000e+02 2.70000000e+01 2.79671879e+01
 3.02000000e+02 2.70000000e+01 2.90079368e+01
 3.03000000e+02 2.70000000e+01 2.90486857e+01
 3.04000000e+02 2.70000000e+01 2.90894346e+01
 3.05000000e+02 2.70000000e+01 2.91301836e+01
 3.06000000e+02 2.70000000e+01 3.01709325e+01
 3.07000000e+02 2.70000000e+01 2.92116814e+01
 3.08000000e+02 2.70000000e+01 3.02524303e+01
 3.09000000e+02 2.70000000e+01 3.02931792e+01
 3.10000000e+02 2.70000000e+01 3.03339281e+01
 3.11000000e+02 2.70000000e+01 3.13746770e+01
 3.12000000e+02 2.70000000e+01 3.34154259e+01
 3.13000000e+02 2.70000000e+01 3.44561748e+01
 3.14000000e+02 2.70000000e+01 3.44969237e+01
 3.15000000e+02 2.70000000e+01 3.45376726e+01
 3.16000000e+02 2.70000000e+01 3.35784215e+01
 3.17000000e+02 2.70000000e+01 3.36191704e+01
 3.18000000e+02 2.70000000e+01 3.36599193e+01
 3.19000000e+02 2.70000000e+01 3.37006682e+01
 3.20000000e+02 2.70000000e+01 3.47414171e+01
 3.21000000e+02 2.70000000e+01 3.47821660e+01
 3.22000000e+02 2.70000000e+01 3.68229149e+01
 3.23000000e+02 2.70000000e+01 3.68636638e+01
 3.24000000e+02 2.70000000e+01 3.69044127e+01
 3.25000000e+02 2.70000000e+01 3.69451616e+01
 3.26000000e+02 2.70000000e+01 3.69859105e+01
 3.27000000e+02 2.70000000e+01 3.70266594e+01
 3.28000000e+02 2.70000000e+01 3.70674083e+01
 3.29000000e+02 2.70000000e+01 3.81081572e+01
 3.30000000e+02 2.70000000e+01 3.91489061e+01
 3.31000000e+02 2.70000000e+01 3.91896551e+01
 3.32000000e+02 2.70000000e+01 3.92304040e+01
 3.33000000e+02 2.70000000e+01 3.92711529e+01
 3.34000000e+02 2.70000000e+01 4.03119018e+01
 3.35000000e+02 2.70000000e+01 3.93526507e+01
 3.36000000e+02 2.70000000e+01 3.93933996e+01
 3.37000000e+02 2.70000000e+01 3.94341485e+01
 3.38000000e+02 2.70000000e+01 4.04748974e+01
 3.39000000e+02 2.70000000e+01 4.05156463e+01
 3.40000000e+02 2.70000000e+01 4.05563952e+01
 3.41000000e+02 2.70000000e+01 4.05971441e+01
 3.42000000e+02 2.70000000e+01 4.06378930e+01
 3.43000000e+02 2.70000000e+01 4.16786419e+01
 3.44000000e+02 2.70000000e+01 4.17193908e+01
 3.45000000e+02 2.70000000e+01 3.77601397e+01
 3.46000000e+02 2.70000000e+01 3.78008886e+01
 3.47000000e+02 2.70000000e+01 3.78416375e+01
 3.48000000e+02 2.70000000e+01 3.78823864e+01
 3.49000000e+02 2.70000000e+01 3.89231353e+01
 3.50000000e+02 2.70000000e+01 3.89638842e+01
 3.51000000e+02 2.70000000e+01 4.00046331e+01
 3.52000000e+02 2.70000000e+01 4.10453820e+01
 3.53000000e+02 2.70000000e+01 4.20861309e+01
 3.54000000e+02 2.70000000e+01 4.21268798e+01
 3.55000000e+02 2.70000000e+01 4.31676287e+01
 3.56000000e+02 2.70000000e+01 4.32083776e+01
 3.57000000e+02 2.70000000e+01 4.32491266e+01
 3.58000000e+02 2.70000000e+01 4.32898755e+01
 3.59000000e+02 2.70000000e+01 4.33306244e+01
 3.60000000e+02 2.70000000e+01 4.23713733e+01
 3.61000000e+02 2.70000000e+01 4.24121222e+01
 3.62000000e+02 2.70000000e+01 4.24528711e+01
 3.63000000e+02 2.70000000e+01 4.24936200e+01
 3.64000000e+02 2.70000000e+01 4.25343689e+01
 3.65000000e+02 2.70000000e+01 4.35751178e+01
 3.66000000e+02 2.70000000e+01 4.36158667e+01
 3.67000000e+02 2.70000000e+01 4.36566156e+01
 3.68000000e+02 2.70000000e+01 4.36973645e+01
 3.69000000e+02 2.70000000e+01 4.37381134e+01
 3.70000000e+02 2.70000000e+01 4.37788623e+01
 3.71000000e+02 2.70000000e+01 4.38196112e+01
 3.72000000e+02 2.70000000e+01 4.38603601e+01
 3.73000000e+02 2.70000000e+01 4.39011090e+01
 3.74000000e+02 2.70000000e+01 4.29418579e+01
 3.75000000e+02 2.70000000e+01 4.29826068e+01
 3.76000000e+02 2.70000000e+01 4.40233557e+01
 3.77000000e+02 2.70000000e+01 4.40641046e+01
 3.78000000e+02 2.70000000e+01 4.51048535e+01
 3.79000000e+02 2.70000000e+01 4.51456024e+01
 3.80000000e+02 2.70000000e+01 4.41863513e+01
 3.81000000e+02 2.70000000e+01 4.32271002e+01
 3.82000000e+02 2.70000000e+01 4.32678491e+01
 3.83000000e+02 2.70000000e+01 4.33085981e+01
 3.84000000e+02 2.70000000e+01 4.33493470e+01
 3.85000000e+02 2.70000000e+01 4.33900959e+01
 3.86000000e+02 2.70000000e+01 4.44308448e+01
 3.87000000e+02 2.70000000e+01 4.34715937e+01
 3.88000000e+02 2.70000000e+01 4.45123426e+01
 3.89000000e+02 2.70000000e+01 4.35530915e+01
 3.90000000e+02 2.70000000e+01 4.35938404e+01
 3.91000000e+02 2.70000000e+01 4.46345893e+01
 3.92000000e+02 2.70000000e+01 4.46753382e+01
 3.93000000e+02 2.70000000e+01 4.47160871e+01
 3.94000000e+02 2.70000000e+01 4.57568360e+01
 3.95000000e+02 2.70000000e+01 4.57975849e+01
 3.96000000e+02 2.70000000e+01 4.58383338e+01
 3.97000000e+02 2.70000000e+01 4.48790827e+01
 3.98000000e+02 2.70000000e+01 4.49198316e+01
 3.99000000e+02 2.70000000e+01 4.49605805e+01
 4.00000000e+02 2.70000000e+01 4.60013294e+01
 4.01000000e+02 2.70000000e+01 4.50420783e+01
 4.02000000e+02 2.70000000e+01 4.30828272e+01
 4.03000000e+02 2.70000000e+01 4.41235761e+01
 4.04000000e+02 2.70000000e+01 4.31643250e+01
 4.05000000e+02 2.70000000e+01 4.32050739e+01
 4.06000000e+02 2.70000000e+01 4.22458228e+01
 4.07000000e+02 2.70000000e+01 4.22865717e+01
 4.08000000e+02 2.70000000e+01 4.23273206e+01
 4.09000000e+02 2.70000000e+01 4.13680696e+01
 4.10000000e+02 2.70000000e+01 4.04088185e+01
 4.11000000e+02 2.70000000e+01 3.94495674e+01
 4.12000000e+02 2.70000000e+01 3.94903163e+01
 4.13000000e+02 2.70000000e+01 3.95310652e+01
 4.14000000e+02 2.70000000e+01 3.95718141e+01
 4.15000000e+02 2.70000000e+01 3.96125630e+01
 4.16000000e+02 2.70000000e+01 4.06533119e+01
 4.17000000e+02 2.70000000e+01 4.06940608e+01
 4.18000000e+02 2.70000000e+01 4.07348097e+01
 4.19000000e+02 2.70000000e+01 3.87755586e+01
 4.20000000e+02 2.70000000e+01 3.88163075e+01
 4.21000000e+02 2.70000000e+01 3.78570564e+01
 4.22000000e+02 2.70000000e+01 3.68978053e+01
 4.23000000e+02 2.70000000e+01 3.69385542e+01
 4.24000000e+02 2.70000000e+01 3.69793031e+01
 4.25000000e+02 2.70000000e+01 3.70200520e+01
 4.26000000e+02 2.70000000e+01 3.60608009e+01
 4.27000000e+02 2.70000000e+01 3.61015498e+01
 4.28000000e+02 2.70000000e+01 3.61422987e+01
 4.29000000e+02 2.70000000e+01 3.61830476e+01
 4.30000000e+02 2.70000000e+01 3.72237965e+01
 4.31000000e+02 2.70000000e+01 3.72645454e+01
 4.32000000e+02 2.70000000e+01 3.73052943e+01
 4.33000000e+02 2.70000000e+01 3.73460432e+01
 4.34000000e+02 2.70000000e+01 3.83867921e+01
 4.35000000e+02 2.70000000e+01 3.84275411e+01
 4.36000000e+02 2.70000000e+01 3.84682900e+01
 4.37000000e+02 2.70000000e+01 3.85090389e+01
 4.38000000e+02 2.70000000e+01 3.75497878e+01
 4.39000000e+02 2.70000000e+01 3.65905367e+01
 4.40000000e+02 2.70000000e+01 3.76312856e+01
 4.41000000e+02 2.70000000e+01 3.76720345e+01
 4.42000000e+02 2.70000000e+01 3.67127834e+01
 4.43000000e+02 2.70000000e+01 3.57535323e+01
 4.44000000e+02 2.70000000e+01 3.57942812e+01
 4.45000000e+02 2.70000000e+01 3.58350301e+01
 4.46000000e+02 2.70000000e+01 3.58757790e+01
 4.47000000e+02 2.70000000e+01 3.59165279e+01
 4.48000000e+02 2.70000000e+01 3.59572768e+01
 4.49000000e+02 2.70000000e+01 3.59980257e+01
 4.50000000e+02 2.70000000e+01 3.60387746e+01
 4.51000000e+02 2.70000000e+01 3.60795235e+01
 4.52000000e+02 2.70000000e+01 3.71202724e+01
 4.53000000e+02 2.70000000e+01 3.71610213e+01
 4.54000000e+02 2.70000000e+01 3.72017702e+01
 4.55000000e+02 2.70000000e+01 3.72425191e+01
 4.56000000e+02 2.70000000e+01 3.72832680e+01
 4.57000000e+02 2.70000000e+01 3.73240169e+01
 4.58000000e+02 2.70000000e+01 3.73647658e+01
 4.59000000e+02 2.70000000e+01 3.74055147e+01
 4.60000000e+02 2.70000000e+01 3.74462636e+01
 4.61000000e+02 2.70000000e+01 3.84870125e+01
 4.62000000e+02 2.70000000e+01 3.85277615e+01
 4.63000000e+02 2.70000000e+01 3.85685104e+01
 4.64000000e+02 2.70000000e+01 3.86092593e+01
 4.65000000e+02 2.70000000e+01 3.86500082e+01
 4.66000000e+02 2.70000000e+01 3.96907571e+01
 4.67000000e+02 2.70000000e+01 4.07315060e+01
 4.68000000e+02 2.70000000e+01 4.17722549e+01
 4.69000000e+02 2.70000000e+01 4.28130038e+01
 4.70000000e+02 2.70000000e+01 4.28537527e+01
 4.71000000e+02 2.70000000e+01 4.28945016e+01
 4.72000000e+02 2.70000000e+01 4.29352505e+01
 4.73000000e+02 2.70000000e+01 4.29759994e+01
 4.74000000e+02 2.70000000e+01 4.30167483e+01
 4.75000000e+02 2.70000000e+01 4.30574972e+01
 4.76000000e+02 2.70000000e+01 4.30982461e+01
 4.77000000e+02 2.70000000e+01 4.31389950e+01
 4.78000000e+02 2.70000000e+01 4.21797439e+01
 4.79000000e+02 2.70000000e+01 4.22204928e+01
 4.80000000e+02 2.70000000e+01 4.32612417e+01
 4.81000000e+02 2.70000000e+01 4.23019906e+01
 4.82000000e+02 2.70000000e+01 4.23427395e+01
 4.83000000e+02 2.70000000e+01 4.23834884e+01
 4.84000000e+02 2.70000000e+01 4.24242373e+01
 4.85000000e+02 2.70000000e+01 4.24649862e+01
 4.86000000e+02 2.70000000e+01 4.25057351e+01
 4.87000000e+02 2.70000000e+01 4.25464840e+01
 4.88000000e+02 2.70000000e+01 4.25872330e+01
 4.89000000e+02 2.70000000e+01 4.26279819e+01
 4.90000000e+02 2.70000000e+01 4.36687308e+01
 4.91000000e+02 2.70000000e+01 4.47094797e+01
 4.92000000e+02 2.70000000e+01 4.47502286e+01
 4.93000000e+02 2.70000000e+01 4.47909775e+01
 4.94000000e+02 2.70000000e+01 4.38317264e+01
 4.95000000e+02 2.70000000e+01 4.28724753e+01
 4.96000000e+02 2.70000000e+01 4.39132242e+01
 4.97000000e+02 2.70000000e+01 4.39539731e+01
 4.98000000e+02 2.70000000e+01 4.39947220e+01
 4.99000000e+02 2.70000000e+01 4.40354709e+01
 5.00000000e+02 2.70000000e+01 4.40762198e+01
 5.01000000e+02 2.70000000e+01 4.41169687e+01
 5.02000000e+02 2.70000000e+01 4.41577176e+01
 5.03000000e+02 2.70000000e+01 4.41984665e+01
 5.04000000e+02 2.70000000e+01 4.42392154e+01
 5.05000000e+02 2.70000000e+01 4.42799643e+01
 5.06000000e+02 2.70000000e+01 4.33207132e+01
 5.07000000e+02 2.70000000e+01 4.23614621e+01
 5.08000000e+02 2.70000000e+01 4.34022110e+01
 5.09000000e+02 2.70000000e+01 4.24429599e+01
 5.10000000e+02 2.70000000e+01 4.24837088e+01
 5.11000000e+02 2.70000000e+01 4.05244577e+01
 5.12000000e+02 2.70000000e+01 4.15652066e+01
 5.13000000e+02 2.70000000e+01 3.96059555e+01
 5.14000000e+02 2.70000000e+01 3.96467045e+01
 5.15000000e+02 2.70000000e+01 4.06874534e+01
 5.16000000e+02 2.70000000e+01 3.97282023e+01
 5.17000000e+02 2.70000000e+01 3.77689512e+01
 5.18000000e+02 2.70000000e+01 3.78097001e+01
 5.19000000e+02 2.70000000e+01 3.88504490e+01
 5.20000000e+02 2.70000000e+01 3.88911979e+01
 5.21000000e+02 2.70000000e+01 3.99319468e+01
 5.22000000e+02 2.70000000e+01 3.89726957e+01
 5.23000000e+02 2.70000000e+01 3.90134446e+01
 5.24000000e+02 2.70000000e+01 3.80541935e+01
 5.25000000e+02 2.70000000e+01 3.80949424e+01
 5.26000000e+02 2.70000000e+01 3.91356913e+01
 5.27000000e+02 2.70000000e+01 3.81764402e+01
 5.28000000e+02 2.70000000e+01 3.82171891e+01
 5.29000000e+02 2.70000000e+01 3.82579380e+01
 5.30000000e+02 2.70000000e+01 3.82986869e+01
 5.31000000e+02 2.70000000e+01 3.93394358e+01
 5.32000000e+02 2.70000000e+01 3.93801847e+01
 5.33000000e+02 2.70000000e+01 3.94209336e+01
 5.34000000e+02 2.70000000e+01 3.94616825e+01
 5.35000000e+02 2.70000000e+01 3.95024314e+01
 5.36000000e+02 2.70000000e+01 3.95431803e+01
 5.37000000e+02 2.70000000e+01 4.05839292e+01
 5.38000000e+02 2.70000000e+01 3.96246781e+01
 5.39000000e+02 2.70000000e+01 4.06654270e+01
 5.40000000e+02 2.70000000e+01 4.17061760e+01
 5.41000000e+02 2.70000000e+01 4.17469249e+01
 5.42000000e+02 2.70000000e+01 4.17876738e+01
 5.43000000e+02 2.70000000e+01 4.38284227e+01
 5.44000000e+02 2.70000000e+01 4.58691716e+01
 5.45000000e+02 2.70000000e+01 4.59099205e+01
 5.46000000e+02 2.70000000e+01 4.59506694e+01
 5.47000000e+02 2.70000000e+01 4.49914183e+01
 5.48000000e+02 2.70000000e+01 4.50321672e+01
 5.49000000e+02 2.70000000e+01 4.40729161e+01
 5.50000000e+02 2.70000000e+01 4.31136650e+01
 5.51000000e+02 2.70000000e+01 4.31544139e+01
 5.52000000e+02 2.70000000e+01 4.31951628e+01
 5.53000000e+02 2.70000000e+01 4.32359117e+01
 5.54000000e+02 2.70000000e+01 4.32766606e+01
 5.55000000e+02 2.70000000e+01 4.33174095e+01
 5.56000000e+02 2.70000000e+01 4.43581584e+01
 5.57000000e+02 2.70000000e+01 4.43989073e+01
 5.58000000e+02 2.70000000e+01 4.34396562e+01
 5.59000000e+02 2.70000000e+01 4.34804051e+01
 5.60000000e+02 2.70000000e+01 4.45211540e+01
 5.61000000e+02 2.70000000e+01 4.65619029e+01
 5.62000000e+02 2.70000000e+01 4.66026518e+01
 5.63000000e+02 2.70000000e+01 4.66434007e+01
 5.64000000e+02 2.70000000e+01 4.66841496e+01
 5.65000000e+02 2.70000000e+01 4.67248985e+01
 5.66000000e+02 2.70000000e+01 4.67656475e+01
 5.67000000e+02 2.70000000e+01 4.68063964e+01
 5.68000000e+02 2.70000000e+01 4.58471453e+01
 5.69000000e+02 2.70000000e+01 4.58878942e+01
 5.70000000e+02 2.70000000e+01 4.59286431e+01
 5.71000000e+02 2.70000000e+01 4.59693920e+01
 5.72000000e+02 2.70000000e+01 4.50101409e+01
 5.73000000e+02 2.70000000e+01 4.50508898e+01
 5.74000000e+02 2.70000000e+01 4.50916387e+01
 5.75000000e+02 2.70000000e+01 4.51323876e+01
 5.76000000e+02 2.70000000e+01 4.51731365e+01
 5.77000000e+02 2.70000000e+01 4.52138854e+01
 5.78000000e+02 2.70000000e+01 4.52546343e+01
 5.79000000e+02 2.70000000e+01 4.52953832e+01
 5.80000000e+02 2.70000000e+01 4.53361321e+01
 5.81000000e+02 2.70000000e+01 4.53768810e+01
 5.82000000e+02 2.70000000e+01 4.54176299e+01
 5.83000000e+02 2.70000000e+01 4.54583788e+01
 5.84000000e+02 2.70000000e+01 4.54991277e+01
 5.85000000e+02 2.70000000e+01 4.55398766e+01
 5.86000000e+02 2.70000000e+01 4.45806255e+01
 5.87000000e+02 2.70000000e+01 4.56213744e+01
 5.88000000e+02 2.70000000e+01 4.56621233e+01
 5.89000000e+02 2.70000000e+01 4.57028722e+01
 5.90000000e+02 2.70000000e+01 4.57436211e+01
 5.91000000e+02 2.70000000e+01 4.57843700e+01
 5.92000000e+02 2.70000000e+01 4.78251190e+01
 5.93000000e+02 2.70000000e+01 4.88658679e+01
 5.94000000e+02 2.70000000e+01 4.89066168e+01
 5.95000000e+02 2.70000000e+01 4.89473657e+01
 5.96000000e+02 2.70000000e+01 4.89881146e+01
 5.97000000e+02 2.70000000e+01 4.90288635e+01
 5.98000000e+02 2.70000000e+01 4.90696124e+01
 5.99000000e+02 2.70000000e+01 4.91103613e+01
 6.00000000e+02 2.70000000e+01 4.91511102e+01
 6.01000000e+02 2.70000000e+01 4.91918591e+01
 6.02000000e+02 2.70000000e+01 4.92326080e+01
 6.03000000e+02 2.70000000e+01 4.92733569e+01
 6.04000000e+02 2.70000000e+01 5.03141058e+01
 6.05000000e+02 2.70000000e+01 5.13548547e+01
 6.06000000e+02 2.70000000e+01 5.13956036e+01
 6.07000000e+02 2.70000000e+01 4.94363525e+01
 6.08000000e+02 2.70000000e+01 4.84771014e+01
 6.09000000e+02 2.70000000e+01 4.85178503e+01
 6.10000000e+02 2.70000000e+01 4.95585992e+01
 6.11000000e+02 2.70000000e+01 4.85993481e+01
 6.12000000e+02 2.70000000e+01 4.86400970e+01
 6.13000000e+02 2.70000000e+01 4.96808459e+01
 6.14000000e+02 2.70000000e+01 4.97215948e+01
 6.15000000e+02 2.70000000e+01 5.17623437e+01
 6.16000000e+02 2.70000000e+01 5.08030926e+01
 6.17000000e+02 2.70000000e+01 5.18438415e+01
 6.18000000e+02 2.70000000e+01 5.18845905e+01
 6.19000000e+02 2.70000000e+01 5.19253394e+01
 6.20000000e+02 2.70000000e+01 5.19660883e+01
 6.21000000e+02 2.70000000e+01 5.20068372e+01
 6.22000000e+02 2.70000000e+01 5.30475861e+01
 6.23000000e+02 2.70000000e+01 5.30883350e+01
 6.24000000e+02 2.70000000e+01 5.31290839e+01
 6.25000000e+02 2.70000000e+01 5.31698328e+01
 6.26000000e+02 2.70000000e+01 5.22105817e+01
 6.27000000e+02 2.70000000e+01 5.32513306e+01
 6.28000000e+02 2.70000000e+01 5.42920795e+01
 6.29000000e+02 2.70000000e+01 5.43328284e+01
 6.30000000e+02 2.70000000e+01 5.33735773e+01
 6.31000000e+02 2.70000000e+01 5.34143262e+01
 6.32000000e+02 2.70000000e+01 5.44550751e+01
 6.33000000e+02 2.70000000e+01 5.34958240e+01
 6.34000000e+02 2.70000000e+01 5.45365729e+01
 6.35000000e+02 2.70000000e+01 5.45773218e+01
 6.36000000e+02 2.70000000e+01 5.36180707e+01
 6.37000000e+02 2.70000000e+01 5.36588196e+01
 6.38000000e+02 2.70000000e+01 5.26995685e+01
 6.39000000e+02 2.70000000e+01 5.17403174e+01
 6.40000000e+02 2.70000000e+01 5.17810663e+01
 6.41000000e+02 2.70000000e+01 5.18218152e+01
 6.42000000e+02 2.70000000e+01 5.18625641e+01
 6.43000000e+02 2.70000000e+01 5.19033130e+01
 6.44000000e+02 2.70000000e+01 5.19440620e+01
 6.45000000e+02 2.70000000e+01 5.09848109e+01
 6.46000000e+02 2.70000000e+01 5.20255598e+01
 6.47000000e+02 2.70000000e+01 5.20663087e+01
 6.48000000e+02 2.70000000e+01 5.21070576e+01
 6.49000000e+02 2.70000000e+01 5.21478065e+01
 6.50000000e+02 2.70000000e+01 5.21885554e+01
 6.51000000e+02 2.70000000e+01 5.32293043e+01
 6.52000000e+02 2.70000000e+01 5.42700532e+01
 6.53000000e+02 2.70000000e+01 5.43108021e+01
 6.54000000e+02 2.70000000e+01 5.43515510e+01
 6.55000000e+02 2.70000000e+01 5.53922999e+01
 6.56000000e+02 2.70000000e+01 5.54330488e+01
 6.57000000e+02 2.70000000e+01 5.54737977e+01
 6.58000000e+02 2.70000000e+01 5.55145466e+01
 6.59000000e+02 2.70000000e+01 5.65552955e+01
 6.60000000e+02 2.70000000e+01 5.65960444e+01
 6.61000000e+02 2.70000000e+01 5.66367933e+01
 6.62000000e+02 2.70000000e+01 5.66775422e+01
 6.63000000e+02 2.70000000e+01 5.27182911e+01
 6.64000000e+02 2.70000000e+01 5.27590400e+01
 6.65000000e+02 2.70000000e+01 5.37997889e+01
 6.66000000e+02 2.70000000e+01 5.38405378e+01
 6.67000000e+02 2.70000000e+01 5.38812867e+01
 6.68000000e+02 2.70000000e+01 5.39220356e+01
 6.69000000e+02 2.70000000e+01 5.29627845e+01
 6.70000000e+02 2.70000000e+01 5.30035335e+01
 6.71000000e+02 2.70000000e+01 5.30442824e+01
 6.72000000e+02 2.70000000e+01 5.40850313e+01
 6.73000000e+02 2.70000000e+01 5.41257802e+01
 6.74000000e+02 2.70000000e+01 5.41665291e+01
 6.75000000e+02 2.70000000e+01 5.52072780e+01
 6.76000000e+02 2.70000000e+01 5.32480269e+01
 6.77000000e+02 2.70000000e+01 6.22887758e+01
 6.78000000e+02 2.70000000e+01 6.23295247e+01
 6.79000000e+02 2.70000000e+01 6.33702736e+01
 6.80000000e+02 2.70000000e+01 6.34110225e+01
 6.81000000e+02 2.70000000e+01 6.34517714e+01
 6.82000000e+02 2.70000000e+01 6.34925203e+01
 6.83000000e+02 2.70000000e+01 6.25332692e+01
 6.84000000e+02 2.70000000e+01 6.25740181e+01
 6.85000000e+02 2.70000000e+01 6.36147670e+01
 6.86000000e+02 2.70000000e+01 6.36555159e+01
 6.87000000e+02 2.70000000e+01 6.46962648e+01
 6.88000000e+02 2.70000000e+01 6.47370137e+01
 6.89000000e+02 2.70000000e+01 6.37777626e+01
 6.90000000e+02 2.70000000e+01 6.28185115e+01
 6.91000000e+02 2.70000000e+01 6.18592604e+01
 6.92000000e+02 2.70000000e+01 6.29000093e+01
 6.93000000e+02 2.70000000e+01 6.29407582e+01
 6.94000000e+02 2.70000000e+01 6.29815071e+01
 6.95000000e+02 2.70000000e+01 6.30222560e+01
 6.96000000e+02 2.70000000e+01 6.20630050e+01
 6.97000000e+02 2.70000000e+01 6.31037539e+01
 6.98000000e+02 2.70000000e+01 6.31445028e+01
 7.17000000e+02 2.70000000e+01 7.29187319e+01
 7.18000000e+02 2.70000000e+01 7.29594808e+01
 7.19000000e+02 2.70000000e+01 7.30002297e+01
 7.20000000e+02 2.70000000e+01 7.20409786e+01
 7.21000000e+02 2.70000000e+01 7.30817275e+01
 7.22000000e+02 2.70000000e+01 7.31224765e+01
 7.23000000e+02 2.70000000e+01 7.31632254e+01
 7.24000000e+02 2.70000000e+01 7.32039743e+01
 7.25000000e+02 2.70000000e+01 7.32447232e+01
 7.26000000e+02 2.70000000e+01 7.32854721e+01
 7.27000000e+02 2.70000000e+01 7.33262210e+01
 7.28000000e+02 2.70000000e+01 7.33669699e+01
 7.29000000e+02 2.70000000e+01 7.34077188e+01
 7.30000000e+02 2.70000000e+01 7.34484677e+01
 7.31000000e+02 2.70000000e+01 7.34892166e+01
 7.32000000e+02 2.70000000e+01 7.45299655e+01
 7.33000000e+02 2.70000000e+01 7.45707144e+01
 7.34000000e+02 2.70000000e+01 7.46114633e+01
 7.35000000e+02 2.70000000e+01 7.46522122e+01
 7.36000000e+02 2.70000000e+01 7.46929611e+01
 7.37000000e+02 2.70000000e+01 7.47337100e+01
 7.38000000e+02 2.70000000e+01 7.47744589e+01
 7.39000000e+02 2.70000000e+01 7.48152078e+01
 7.40000000e+02 2.70000000e+01 7.68559567e+01
 7.41000000e+02 2.70000000e+01 7.58967056e+01
 7.42000000e+02 2.70000000e+01 7.59374545e+01
 7.43000000e+02 2.70000000e+01 7.59782034e+01
 7.44000000e+02 2.70000000e+01 7.60189523e+01
 7.45000000e+02 2.70000000e+01 7.60597012e+01
 7.46000000e+02 2.70000000e+01 7.61004501e+01
 7.47000000e+02 2.70000000e+01 7.71411990e+01
