 2.00000000e+00 4.20000000e+01 6.02398794e+00
 3.00000000e+00 4.20000000e+01 6.05634158e+00
 4.00000000e+00 4.20000000e+01 6.08869522e+00
 5.00000000e+00 4.20000000e+01 7.12104885e+00
 6.00000000e+00 4.20000000e+01 6.15340249e+00
 7.00000000e+00 4.20000000e+01 6.18575613e+00
 8.00000000e+00 4.20000000e+01 6.21810977e+00
 9.00000000e+00 4.20000000e+01 6.25046340e+00
 1.00000000e+01 4.20000000e+01 6.28281704e+00
 1.10000000e+01 4.20000000e+01 6.31517068e+00
 1.20000000e+01 4.20000000e+01 6.34752432e+00
 1.30000000e+01 4.20000000e+01 6.37987795e+00
 1.40000000e+01 4.20000000e+01 6.41223159e+00
 1.50000000e+01 4.20000000e+01 6.44458523e+00
 1.60000000e+01 4.20000000e+01 6.47693886e+00
 1.70000000e+01 4.20000000e+01 6.50929250e+00
 1.80000000e+01 4.20000000e+01 6.54164614e+00
 1.90000000e+01 4.20000000e+01 6.57399978e+00
 2.00000000e+01 4.20000000e+01 6.60635341e+00
 2.10000000e+01 4.20000000e+01 6.63870705e+00
 2.20000000e+01 4.20000000e+01 5.67106069e+00
 2.30000000e+01 4.20000000e+01 6.70341432e+00
 2.40000000e+01 4.20000000e+01 6.73576796e+00
 2.50000000e+01 4.20000000e+01 6.76812160e+00
 2.60000000e+01 4.20000000e+01 5.80047524e+00
 2.70000000e+01 4.20000000e+01 5.83282887e+00
 2.80000000e+01 4.20000000e+01 5.86518251e+00
 2.90000000e+01 4.20000000e+01 5.89753615e+00
 3.00000000e+01 4.20000000e+01 5.92988978e+00
 3.10000000e+01 4.20000000e+01 5.96224342e+00
 3.20000000e+01 4.20000000e+01 5.99459706e+00
 3.30000000e+01 4.20000000e+01 6.02695070e+00
 3.40000000e+01 4.20000000e+01 6.05930433e+00
 3.50000000e+01 4.20000000e+01 6.09165797e+00
 3.60000000e+01 4.20000000e+01 6.12401161e+00
 3.70000000e+01 4.20000000e+01 6.15636525e+00
 3.80000000e+01 4.20000000e+01 6.18871888e+00
 3.90000000e+01 4.20000000e+01 6.22107252e+00
 4.00000000e+01 4.20000000e+01 6.25342616e+00
 4.10000000e+01 4.20000000e+01 6.28577979e+00
 4.20000000e+01 4.20000000e+01 6.31813343e+00
 4.30000000e+01 4.20000000e+01 6.35048707e+00
 4.40000000e+01 4.20000000e+01 6.38284071e+00
 4.50000000e+01 4.20000000e+01 6.41519434e+00
 4.60000000e+01 4.20000000e+01 6.44754798e+00
 4.70000000e+01 4.20000000e+01 6.47990162e+00
 4.80000000e+01 4.20000000e+01 5.51225525e+00
 4.90000000e+01 4.20000000e+01 5.54460889e+00
 5.00000000e+01 4.20000000e+01 5.57696253e+00
 5.10000000e+01 4.20000000e+01 5.60931617e+00
 5.20000000e+01 4.20000000e+01 5.64166980e+00
 5.30000000e+01 4.20000000e+01 5.67402344e+00
 5.40000000e+01 4.20000000e+01 5.70637708e+00
 5.50000000e+01 4.20000000e+01 5.73873072e+00
 5.60000000e+01 4.20000000e+01 5.77108435e+00
 5.70000000e+01 4.20000000e+01 5.80343799e+00
 5.80000000e+01 4.20000000e+01 5.83579163e+00
 5.90000000e+01 4.20000000e+01 5.86814526e+00
 6.00000000e+01 4.20000000e+01 5.90049890e+00
 6.10000000e+01 4.20000000e+01 5.93285254e+00
 6.20000000e+01 4.20000000e+01 5.96520618e+00
 6.30000000e+01 4.20000000e+01 5.99755981e+00
 6.40000000e+01 4.20000000e+01 5.02991345e+00
 6.50000000e+01 4.20000000e+01 5.06226709e+00
 6.60000000e+01 4.20000000e+01 5.09462072e+00
 6.70000000e+01 4.20000000e+01 5.12697436e+00
 6.80000000e+01 4.20000000e+01 5.15932800e+00
 6.90000000e+01 4.20000000e+01 5.19168164e+00
 7.00000000e+01 4.20000000e+01 5.22403527e+00
 7.10000000e+01 4.20000000e+01 5.25638891e+00
 7.20000000e+01 4.20000000e+01 5.28874255e+00
 7.30000000e+01 4.20000000e+01 5.32109618e+00
 7.40000000e+01 4.20000000e+01 5.35344982e+00
 7.50000000e+01 4.20000000e+01 5.38580346e+00
 7.60000000e+01 4.20000000e+01 5.41815710e+00
 7.70000000e+01 4.20000000e+01 5.45051073e+00
 7.80000000e+01 4.20000000e+01 5.48286437e+00
 7.90000000e+01 4.20000000e+01 5.51521801e+00
 8.00000000e+01 4.20000000e+01 5.54757165e+00
 8.10000000e+01 4.20000000e+01 5.57992528e+00
 8.20000000e+01 4.20000000e+01 5.61227892e+00
 8.30000000e+01 4.20000000e+01 5.64463256e+00
 8.40000000e+01 4.20000000e+01 5.67698619e+00
 8.50000000e+01 4.20000000e+01 5.70933983e+00
 8.60000000e+01 4.20000000e+01 4.74169347e+00
 8.70000000e+01 4.20000000e+01 4.77404711e+00
 8.80000000e+01 4.20000000e+01 4.80640074e+00
 8.90000000e+01 4.20000000e+01 4.83875438e+00
 9.00000000e+01 4.20000000e+01 4.87110802e+00
 9.10000000e+01 4.20000000e+01 4.90346165e+00
 9.20000000e+01 4.20000000e+01 4.93581529e+00
 9.30000000e+01 4.20000000e+01 4.96816893e+00
 9.40000000e+01 4.20000000e+01 5.00052257e+00
 9.50000000e+01 4.20000000e+01 5.03287620e+00
 9.60000000e+01 4.20000000e+01 5.06522984e+00
 9.70000000e+01 4.20000000e+01 5.09758348e+00
 9.80000000e+01 4.20000000e+01 5.12993712e+00
 9.90000000e+01 4.20000000e+01 5.16229075e+00
 1.00000000e+02 4.20000000e+01 5.19464439e+00
 1.01000000e+02 4.20000000e+01 5.22699803e+00
 1.02000000e+02 4.20000000e+01 5.25935166e+00
 1.03000000e+02 4.20000000e+01 5.29170530e+00
 1.04000000e+02 4.20000000e+01 4.32405894e+00
 1.05000000e+02 4.20000000e+01 4.35641258e+00
 1.06000000e+02 4.20000000e+01 4.38876621e+00
 1.07000000e+02 4.20000000e+01 4.42111985e+00
 1.08000000e+02 4.20000000e+01 4.45347349e+00
 1.09000000e+02 4.20000000e+01 4.48582712e+00
 1.10000000e+02 4.20000000e+01 4.51818076e+00
 1.11000000e+02 4.20000000e+01 5.55053440e+00
 1.12000000e+02 4.20000000e+01 4.58288804e+00
 1.13000000e+02 4.20000000e+01 4.61524167e+00
 1.14000000e+02 4.20000000e+01 4.64759531e+00
 1.15000000e+02 4.20000000e+01 4.67994895e+00
 1.16000000e+02 4.20000000e+01 4.71230258e+00
 1.17000000e+02 4.20000000e+01 4.74465622e+00
 1.18000000e+02 4.20000000e+01 4.77700986e+00
 1.19000000e+02 4.20000000e+01 4.80936350e+00
 1.20000000e+02 4.20000000e+01 4.84171713e+00
 1.21000000e+02 4.20000000e+01 4.87407077e+00
 1.22000000e+02 4.20000000e+01 4.90642441e+00
 1.23000000e+02 4.20000000e+01 4.93877805e+00
 1.24000000e+02 4.20000000e+01 4.97113168e+00
 1.25000000e+02 4.20000000e+01 5.00348532e+00
 1.26000000e+02 4.20000000e+01 4.03583896e+00
 1.27000000e+02 4.20000000e+01 4.06819259e+00
 1.28000000e+02 4.20000000e+01 5.10054623e+00
 1.29000000e+02 4.20000000e+01 4.13289987e+00
 1.30000000e+02 4.20000000e+01 4.16525351e+00
 1.31000000e+02 4.20000000e+01 4.19760714e+00
 1.32000000e+02 4.20000000e+01 4.22996078e+00
 1.33000000e+02 4.20000000e+01 4.26231442e+00
 1.34000000e+02 4.20000000e+01 4.29466805e+00
 1.35000000e+02 4.20000000e+01 4.32702169e+00
 1.36000000e+02 4.20000000e+01 4.35937533e+00
 1.37000000e+02 4.20000000e+01 4.39172897e+00
 1.38000000e+02 4.20000000e+01 4.42408260e+00
 1.39000000e+02 4.20000000e+01 4.45643624e+00
 1.40000000e+02 4.20000000e+01 4.48878988e+00
 1.41000000e+02 4.20000000e+01 4.52114351e+00
 1.42000000e+02 4.20000000e+01 4.55349715e+00
 1.43000000e+02 4.20000000e+01 4.58585079e+00
 1.44000000e+02 4.20000000e+01 4.61820443e+00
 1.45000000e+02 4.20000000e+01 4.65055806e+00
 1.46000000e+02 4.20000000e+01 4.68291170e+00
 1.47000000e+02 4.20000000e+01 3.71526534e+00
 1.48000000e+02 4.20000000e+01 3.74761898e+00
 1.49000000e+02 4.20000000e+01 3.77997261e+00
 1.66000000e+02 4.20000000e+01 -3.06700156e+01
 1.67000000e+02 4.20000000e+01 -3.26376619e+01
 1.68000000e+02 4.20000000e+01 -3.36053083e+01
 1.69000000e+02 4.20000000e+01 -3.35729546e+01
 1.70000000e+02 4.20000000e+01 -3.45406010e+01
 1.71000000e+02 4.20000000e+01 -3.55082474e+01
 1.72000000e+02 4.20000000e+01 -3.64758937e+01
 1.73000000e+02 4.20000000e+01 -3.74435401e+01
 1.74000000e+02 4.20000000e+01 -3.84111865e+01
 1.75000000e+02 4.20000000e+01 -3.93788328e+01
 1.76000000e+02 4.20000000e+01 -3.93464792e+01
 1.77000000e+02 4.20000000e+01 -4.03141255e+01
 1.78000000e+02 4.20000000e+01 -4.12817719e+01
 1.79000000e+02 4.20000000e+01 -4.22494183e+01
 1.80000000e+02 4.20000000e+01 -4.32170646e+01
 1.81000000e+02 4.20000000e+01 -4.31847110e+01
 1.82000000e+02 4.20000000e+01 -4.31523574e+01
 1.83000000e+02 4.20000000e+01 -4.41200037e+01
 1.84000000e+02 4.20000000e+01 -4.50876501e+01
 1.85000000e+02 4.20000000e+01 -4.60552964e+01
 1.86000000e+02 4.20000000e+01 -4.60229428e+01
 1.87000000e+02 4.20000000e+01 -4.59905892e+01
 1.88000000e+02 4.20000000e+01 -4.69582355e+01
 1.89000000e+02 4.20000000e+01 -4.79258819e+01
 1.90000000e+02 4.20000000e+01 -4.88935283e+01
 1.91000000e+02 4.20000000e+01 -4.88611746e+01
 1.92000000e+02 4.20000000e+01 -4.98288210e+01
 1.93000000e+02 4.20000000e+01 -4.97964674e+01
 1.94000000e+02 4.20000000e+01 -5.07641137e+01
 1.95000000e+02 4.20000000e+01 -5.07317601e+01
 1.96000000e+02 4.20000000e+01 -5.16994064e+01
 1.97000000e+02 4.20000000e+01 -5.16670528e+01
 1.98000000e+02 4.20000000e+01 -5.26346992e+01
 1.99000000e+02 4.20000000e+01 -5.26023455e+01
 2.00000000e+02 4.20000000e+01 -5.35699919e+01
 2.01000000e+02 4.20000000e+01 -5.35376383e+01
 2.02000000e+02 4.20000000e+01 -5.45052846e+01
 2.03000000e+02 4.20000000e+01 -5.44729310e+01
 2.04000000e+02 4.20000000e+01 -5.44405773e+01
 2.05000000e+02 4.20000000e+01 -5.54082237e+01
 2.06000000e+02 4.20000000e+01 -5.53758701e+01
 2.07000000e+02 4.20000000e+01 -5.63435164e+01
 2.08000000e+02 4.20000000e+01 -5.63111628e+01
 2.09000000e+02 4.20000000e+01 -5.62788092e+01
 2.10000000e+02 4.20000000e+01 -5.72464555e+01
 2.11000000e+02 4.20000000e+01 -5.82141019e+01
 2.12000000e+02 4.20000000e+01 -5.81817482e+01
 2.13000000e+02 4.20000000e+01 -5.81493946e+01
 2.14000000e+02 4.20000000e+01 -5.91170410e+01
 2.15000000e+02 4.20000000e+01 -5.90846873e+01
 2.16000000e+02 4.20000000e+01 -5.90523337e+01
 2.17000000e+02 4.20000000e+01 -5.90199801e+01
 2.18000000e+02 4.20000000e+01 -5.99876264e+01
 2.19000000e+02 4.20000000e+01 -5.99552728e+01
 2.20000000e+02 4.20000000e+01 -5.99229191e+01
 2.21000000e+02 4.20000000e+01 -6.08905655e+01
 2.22000000e+02 4.20000000e+01 -6.08582119e+01
 2.23000000e+02 4.20000000e+01 -6.08258582e+01
 2.24000000e+02 4.20000000e+01 -6.17935046e+01
 2.25000000e+02 4.20000000e+01 -6.17611510e+01
 2.26000000e+02 4.20000000e+01 -6.17287973e+01
 2.27000000e+02 4.20000000e+01 -6.26964437e+01
 2.28000000e+02 4.20000000e+01 -6.26640900e+01
 2.29000000e+02 4.20000000e+01 -6.26317364e+01
 2.30000000e+02 4.20000000e+01 -6.25993828e+01
 2.31000000e+02 4.20000000e+01 -6.35670291e+01
 2.32000000e+02 4.20000000e+01 -6.35346755e+01
 2.33000000e+02 4.20000000e+01 -6.35023219e+01
 2.34000000e+02 4.20000000e+01 -6.44699682e+01
 2.35000000e+02 4.20000000e+01 -6.44376146e+01
 2.36000000e+02 4.20000000e+01 -6.44052610e+01
 2.37000000e+02 4.20000000e+01 -6.53729073e+01
 2.38000000e+02 4.20000000e+01 -6.53405537e+01
 2.39000000e+02 4.20000000e+01 -6.53082000e+01
 2.40000000e+02 4.20000000e+01 -6.52758464e+01
 2.41000000e+02 4.20000000e+01 -6.52434928e+01
 2.42000000e+02 4.20000000e+01 -6.62111391e+01
 2.43000000e+02 4.20000000e+01 -6.61787855e+01
 2.44000000e+02 4.20000000e+01 -6.61464319e+01
 2.45000000e+02 4.20000000e+01 -6.71140782e+01
 2.46000000e+02 4.20000000e+01 -6.70817246e+01
 2.47000000e+02 4.20000000e+01 -6.70493709e+01
 2.48000000e+02 4.20000000e+01 -6.70170173e+01
 2.49000000e+02 4.20000000e+01 -6.79846637e+01
 2.50000000e+02 4.20000000e+01 -6.79523100e+01
 2.51000000e+02 4.20000000e+01 -6.79199564e+01
 2.52000000e+02 4.20000000e+01 -6.78876028e+01
 2.53000000e+02 4.20000000e+01 -6.88552491e+01
 2.54000000e+02 4.20000000e+01 -6.88228955e+01
 2.55000000e+02 4.20000000e+01 -6.87905418e+01
 2.56000000e+02 4.20000000e+01 -6.87581882e+01
 2.57000000e+02 4.20000000e+01 -6.87258346e+01
 2.58000000e+02 4.20000000e+01 -6.86934809e+01
 2.59000000e+02 4.20000000e+01 -6.86611273e+01
 2.60000000e+02 4.20000000e+01 -6.86287737e+01
 2.61000000e+02 4.20000000e+01 -6.95964200e+01
 2.62000000e+02 4.20000000e+01 -7.05640664e+01
 2.63000000e+02 4.20000000e+01 -7.05317127e+01
 2.64000000e+02 4.20000000e+01 -7.04993591e+01
 2.65000000e+02 4.20000000e+01 -7.04670055e+01
 2.66000000e+02 4.20000000e+01 -7.14346518e+01
 2.67000000e+02 4.20000000e+01 -7.14022982e+01
 2.68000000e+02 4.20000000e+01 -7.13699446e+01
 2.69000000e+02 4.20000000e+01 -7.13375909e+01
 2.70000000e+02 4.20000000e+01 -7.13052373e+01
 2.71000000e+02 4.20000000e+01 -7.12728836e+01
 2.72000000e+02 4.20000000e+01 -7.12405300e+01
 2.73000000e+02 4.20000000e+01 -7.12081764e+01
 2.74000000e+02 4.20000000e+01 -7.21758227e+01
 2.75000000e+02 4.20000000e+01 -7.21434691e+01
 2.76000000e+02 4.20000000e+01 -7.21111155e+01
 2.77000000e+02 4.20000000e+01 -7.30787618e+01
 2.78000000e+02 4.20000000e+01 -7.30464082e+01
 2.79000000e+02 4.20000000e+01 -7.30140546e+01
 2.80000000e+02 4.20000000e+01 -7.29817009e+01
 2.81000000e+02 4.20000000e+01 -7.29493473e+01
 2.82000000e+02 4.20000000e+01 -7.29169936e+01
 2.83000000e+02 4.20000000e+01 -7.28846400e+01
 2.84000000e+02 4.20000000e+01 -7.28522864e+01
 2.85000000e+02 4.20000000e+01 -7.28199327e+01
 2.86000000e+02 4.20000000e+01 -7.27875791e+01
 2.87000000e+02 4.20000000e+01 -7.27552255e+01
 2.88000000e+02 4.20000000e+01 -7.37228718e+01
 2.89000000e+02 4.20000000e+01 -7.26905182e+01
 2.90000000e+02 4.20000000e+01 -7.26581645e+01
 2.91000000e+02 4.20000000e+01 -7.26258109e+01
 2.92000000e+02 4.20000000e+01 -7.35934573e+01
 2.93000000e+02 4.20000000e+01 -7.35611036e+01
 2.94000000e+02 4.20000000e+01 -7.35287500e+01
 2.95000000e+02 4.20000000e+01 -7.34963964e+01
 2.96000000e+02 4.20000000e+01 -7.34640427e+01
 2.97000000e+02 4.20000000e+01 -7.34316891e+01
 2.98000000e+02 4.20000000e+01 -7.43993354e+01
 2.99000000e+02 4.20000000e+01 -7.43669818e+01
 3.00000000e+02 4.20000000e+01 -7.43346282e+01
 3.01000000e+02 4.20000000e+01 -7.53022745e+01
 3.02000000e+02 4.20000000e+01 -7.52699209e+01
 3.03000000e+02 4.20000000e+01 -7.52375673e+01
 3.04000000e+02 4.20000000e+01 -7.52052136e+01
 3.05000000e+02 4.20000000e+01 -7.51728600e+01
 3.06000000e+02 4.20000000e+01 -7.51405063e+01
 3.07000000e+02 4.20000000e+01 -7.51081527e+01
 3.08000000e+02 4.20000000e+01 -7.50757991e+01
 3.09000000e+02 4.20000000e+01 -7.50434454e+01
 3.10000000e+02 4.20000000e+01 -7.50110918e+01
 3.11000000e+02 4.20000000e+01 -7.49787382e+01
 3.12000000e+02 4.20000000e+01 -7.49463845e+01
 3.13000000e+02 4.20000000e+01 -7.59140309e+01
 3.14000000e+02 4.20000000e+01 -7.58816772e+01
 3.15000000e+02 4.20000000e+01 -7.58493236e+01
 3.16000000e+02 4.20000000e+01 -7.58169700e+01
 3.17000000e+02 4.20000000e+01 -7.57846163e+01
 3.18000000e+02 4.20000000e+01 -7.57522627e+01
 3.19000000e+02 4.20000000e+01 -7.57199091e+01
 3.20000000e+02 4.20000000e+01 -7.56875554e+01
 3.21000000e+02 4.20000000e+01 -7.46552018e+01
 3.22000000e+02 4.20000000e+01 -7.56228482e+01
 3.23000000e+02 4.20000000e+01 -7.55904945e+01
 3.24000000e+02 4.20000000e+01 -7.65581409e+01
 3.25000000e+02 4.20000000e+01 -7.65257872e+01
 3.26000000e+02 4.20000000e+01 -7.64934336e+01
 3.27000000e+02 4.20000000e+01 -7.54610800e+01
 3.28000000e+02 4.20000000e+01 -7.64287263e+01
 3.29000000e+02 4.20000000e+01 -7.53963727e+01
 3.30000000e+02 4.20000000e+01 -7.53640191e+01
 3.31000000e+02 4.20000000e+01 -7.53316654e+01
 3.32000000e+02 4.20000000e+01 -7.52993118e+01
 3.33000000e+02 4.20000000e+01 -7.62669581e+01
 3.34000000e+02 4.20000000e+01 -7.62346045e+01
 3.35000000e+02 4.20000000e+01 -7.72022509e+01
 3.36000000e+02 4.20000000e+01 -7.81698972e+01
 3.37000000e+02 4.20000000e+01 -7.81375436e+01
 3.38000000e+02 4.20000000e+01 -7.81051900e+01
 3.39000000e+02 4.20000000e+01 -7.80728363e+01
 3.40000000e+02 4.20000000e+01 -7.70404827e+01
 3.41000000e+02 4.20000000e+01 -7.60081290e+01
 3.42000000e+02 4.20000000e+01 -7.59757754e+01
 3.43000000e+02 4.20000000e+01 -7.69434218e+01
 3.44000000e+02 4.20000000e+01 -7.79110681e+01
 3.45000000e+02 4.20000000e+01 -7.78787145e+01
 3.46000000e+02 4.20000000e+01 -7.78463609e+01
 3.47000000e+02 4.20000000e+01 -7.78140072e+01
 3.48000000e+02 4.20000000e+01 -7.77816536e+01
 3.49000000e+02 4.20000000e+01 -7.57492999e+01
 3.50000000e+02 4.20000000e+01 -7.67169463e+01
 3.51000000e+02 4.20000000e+01 -7.76845927e+01
 3.52000000e+02 4.20000000e+01 -7.86522390e+01
 3.53000000e+02 4.20000000e+01 -7.86198854e+01
 3.54000000e+02 4.20000000e+01 -7.85875318e+01
 3.55000000e+02 4.20000000e+01 -7.85551781e+01
 3.56000000e+02 4.20000000e+01 -7.85228245e+01
 3.57000000e+02 4.20000000e+01 -7.74904708e+01
 3.58000000e+02 4.20000000e+01 -7.54581172e+01
 3.59000000e+02 4.20000000e+01 -7.54257636e+01
 3.60000000e+02 4.20000000e+01 -7.53934099e+01
 3.61000000e+02 4.20000000e+01 -7.43610563e+01
 3.62000000e+02 4.20000000e+01 -7.53287027e+01
 3.63000000e+02 4.20000000e+01 -7.52963490e+01
 3.64000000e+02 4.20000000e+01 -7.72639954e+01
 3.65000000e+02 4.20000000e+01 -7.72316418e+01
 3.66000000e+02 4.20000000e+01 -7.71992881e+01
 3.67000000e+02 4.20000000e+01 -7.71669345e+01
 3.68000000e+02 4.20000000e+01 -7.51345808e+01
 3.69000000e+02 4.20000000e+01 -7.51022272e+01
 3.70000000e+02 4.20000000e+01 -7.50698736e+01
 3.71000000e+02 4.20000000e+01 -7.50375199e+01
 3.72000000e+02 4.20000000e+01 -7.50051663e+01
 3.73000000e+02 4.20000000e+01 -7.49728127e+01
 3.74000000e+02 4.20000000e+01 -7.49404590e+01
 3.75000000e+02 4.20000000e+01 -7.49081054e+01
 3.76000000e+02 4.20000000e+01 -7.48757517e+01
 3.77000000e+02 4.20000000e+01 -7.38433981e+01
 3.78000000e+02 4.20000000e+01 -7.38110445e+01
 3.79000000e+02 4.20000000e+01 -7.37786908e+01
 3.80000000e+02 4.20000000e+01 -7.37463372e+01
 3.81000000e+02 4.20000000e+01 -7.37139836e+01
 3.82000000e+02 4.20000000e+01 -7.56816299e+01
 3.83000000e+02 4.20000000e+01 -7.46492763e+01
 3.84000000e+02 4.20000000e+01 -7.56169226e+01
 3.85000000e+02 4.20000000e+01 -7.35845690e+01
 3.86000000e+02 4.20000000e+01 -7.25522154e+01
 3.87000000e+02 4.20000000e+01 -7.25198617e+01
 3.88000000e+02 4.20000000e+01 -7.24875081e+01
 3.89000000e+02 4.20000000e+01 -7.24551545e+01
 3.90000000e+02 4.20000000e+01 -7.34228008e+01
 3.91000000e+02 4.20000000e+01 -7.43904472e+01
 3.92000000e+02 4.20000000e+01 -7.43580935e+01
 3.93000000e+02 4.20000000e+01 -7.43257399e+01
 3.94000000e+02 4.20000000e+01 -7.22933863e+01
 3.95000000e+02 4.20000000e+01 -7.12610326e+01
 3.96000000e+02 4.20000000e+01 -7.12286790e+01
 3.97000000e+02 4.20000000e+01 -7.01963254e+01
 3.98000000e+02 4.20000000e+01 -7.01639717e+01
 3.99000000e+02 4.20000000e+01 -6.91316181e+01
 4.00000000e+02 4.20000000e+01 -6.90992644e+01
 4.01000000e+02 4.20000000e+01 -6.90669108e+01
 4.02000000e+02 4.20000000e+01 -6.90345572e+01
 4.03000000e+02 4.20000000e+01 -6.90022035e+01
 4.04000000e+02 4.20000000e+01 -6.79698499e+01
 4.05000000e+02 4.20000000e+01 -6.79374963e+01
 4.06000000e+02 4.20000000e+01 -6.79051426e+01
 4.07000000e+02 4.20000000e+01 -6.78727890e+01
 4.08000000e+02 4.20000000e+01 -6.78404354e+01
 4.09000000e+02 4.20000000e+01 -6.78080817e+01
 4.10000000e+02 4.20000000e+01 -6.77757281e+01
 4.11000000e+02 4.20000000e+01 -6.77433744e+01
 4.12000000e+02 4.20000000e+01 -6.87110208e+01
 4.13000000e+02 4.20000000e+01 -6.86786672e+01
 4.14000000e+02 4.20000000e+01 -6.86463135e+01
 4.15000000e+02 4.20000000e+01 -6.86139599e+01
 4.16000000e+02 4.20000000e+01 -6.75816063e+01
 4.17000000e+02 4.20000000e+01 -6.75492526e+01
 4.18000000e+02 4.20000000e+01 -6.65168990e+01
 4.19000000e+02 4.20000000e+01 -6.74845453e+01
 4.20000000e+02 4.20000000e+01 -6.94521917e+01
 4.21000000e+02 4.20000000e+01 -6.94198381e+01
 4.22000000e+02 4.20000000e+01 -6.93874844e+01
 4.23000000e+02 4.20000000e+01 -6.93551308e+01
 4.24000000e+02 4.20000000e+01 -7.03227772e+01
 4.25000000e+02 4.20000000e+01 -7.02904235e+01
 4.26000000e+02 4.20000000e+01 -6.92580699e+01
 4.27000000e+02 4.20000000e+01 -6.92257162e+01
 4.28000000e+02 4.20000000e+01 -6.91933626e+01
 4.29000000e+02 4.20000000e+01 -6.91610090e+01
 4.30000000e+02 4.20000000e+01 -6.91286553e+01
 4.31000000e+02 4.20000000e+01 -6.80963017e+01
 4.32000000e+02 4.20000000e+01 -6.80639481e+01
 4.33000000e+02 4.20000000e+01 -6.80315944e+01
 4.34000000e+02 4.20000000e+01 -6.69992408e+01
 4.35000000e+02 4.20000000e+01 -6.69668871e+01
 4.36000000e+02 4.20000000e+01 -6.59345335e+01
 4.37000000e+02 4.20000000e+01 -6.49021799e+01
 4.38000000e+02 4.20000000e+01 -6.38698262e+01
 4.39000000e+02 4.20000000e+01 -6.38374726e+01
 4.40000000e+02 4.20000000e+01 -6.38051190e+01
 4.41000000e+02 4.20000000e+01 -6.37727653e+01
 4.42000000e+02 4.20000000e+01 -6.27404117e+01
 4.43000000e+02 4.20000000e+01 -6.27080580e+01
 4.44000000e+02 4.20000000e+01 -6.26757044e+01
 4.45000000e+02 4.20000000e+01 -6.26433508e+01
 4.46000000e+02 4.20000000e+01 -6.26109971e+01
 4.47000000e+02 4.20000000e+01 -6.35786435e+01
 4.48000000e+02 4.20000000e+01 -6.35462899e+01
 4.49000000e+02 4.20000000e+01 -6.25139362e+01
 4.50000000e+02 4.20000000e+01 -6.24815826e+01
 4.51000000e+02 4.20000000e+01 -6.14492290e+01
 4.52000000e+02 4.20000000e+01 -6.14168753e+01
 4.53000000e+02 4.20000000e+01 -6.13845217e+01
 4.54000000e+02 4.20000000e+01 -6.13521680e+01
 4.55000000e+02 4.20000000e+01 -6.03198144e+01
 4.56000000e+02 4.20000000e+01 -6.02874608e+01
 4.57000000e+02 4.20000000e+01 -6.02551071e+01
 4.58000000e+02 4.20000000e+01 -6.02227535e+01
 4.59000000e+02 4.20000000e+01 -6.01903999e+01
 4.60000000e+02 4.20000000e+01 -6.01580462e+01
 4.61000000e+02 4.20000000e+01 -5.91256926e+01
 4.62000000e+02 4.20000000e+01 -5.90933389e+01
 4.63000000e+02 4.20000000e+01 -5.90609853e+01
 4.64000000e+02 4.20000000e+01 -5.80286317e+01
 4.65000000e+02 4.20000000e+01 -5.79962780e+01
 4.66000000e+02 4.20000000e+01 -5.69639244e+01
 4.67000000e+02 4.20000000e+01 -5.79315708e+01
 4.68000000e+02 4.20000000e+01 -5.78992171e+01
 4.69000000e+02 4.20000000e+01 -5.68668635e+01
 4.70000000e+02 4.20000000e+01 -5.68345098e+01
 4.71000000e+02 4.20000000e+01 -5.68021562e+01
 4.72000000e+02 4.20000000e+01 -5.67698026e+01
 4.73000000e+02 4.20000000e+01 -5.57374489e+01
 4.74000000e+02 4.20000000e+01 -5.57050953e+01
 4.75000000e+02 4.20000000e+01 -5.56727417e+01
 4.76000000e+02 4.20000000e+01 -5.56403880e+01
 4.77000000e+02 4.20000000e+01 -5.56080344e+01
 4.78000000e+02 4.20000000e+01 -5.55756807e+01
 4.79000000e+02 4.20000000e+01 -5.55433271e+01
 4.80000000e+02 4.20000000e+01 -5.55109735e+01
 4.81000000e+02 4.20000000e+01 -5.54786198e+01
 4.82000000e+02 4.20000000e+01 -5.44462662e+01
 4.83000000e+02 4.20000000e+01 -5.44139126e+01
 4.84000000e+02 4.20000000e+01 -5.43815589e+01
 4.85000000e+02 4.20000000e+01 -5.33492053e+01
 4.86000000e+02 4.20000000e+01 -5.23168516e+01
 4.87000000e+02 4.20000000e+01 -5.22844980e+01
 4.88000000e+02 4.20000000e+01 -5.22521444e+01
 4.89000000e+02 4.20000000e+01 -5.22197907e+01
 4.90000000e+02 4.20000000e+01 -5.11874371e+01
 4.91000000e+02 4.20000000e+01 -5.11550835e+01
 4.92000000e+02 4.20000000e+01 -5.11227298e+01
 4.93000000e+02 4.20000000e+01 -5.00903762e+01
 4.94000000e+02 4.20000000e+01 -4.90580226e+01
 4.95000000e+02 4.20000000e+01 -4.90256689e+01
 4.96000000e+02 4.20000000e+01 -4.79933153e+01
 4.97000000e+02 4.20000000e+01 -4.79609616e+01
 4.98000000e+02 4.20000000e+01 -4.79286080e+01
 4.99000000e+02 4.20000000e+01 -4.68962544e+01
 5.00000000e+02 4.20000000e+01 -4.68639007e+01
 5.01000000e+02 4.20000000e+01 -4.68315471e+01
 5.02000000e+02 4.20000000e+01 -4.67991935e+01
 5.03000000e+02 4.20000000e+01 -4.57668398e+01
 5.04000000e+02 4.20000000e+01 -4.57344862e+01
 5.05000000e+02 4.20000000e+01 -4.47021325e+01
 5.06000000e+02 4.20000000e+01 -4.36697789e+01
 5.07000000e+02 4.20000000e+01 -4.36374253e+01
 5.08000000e+02 4.20000000e+01 -4.26050716e+01
 5.09000000e+02 4.20000000e+01 -4.25727180e+01
 5.10000000e+02 4.20000000e+01 -4.15403644e+01
 5.11000000e+02 4.20000000e+01 -4.15080107e+01
 5.12000000e+02 4.20000000e+01 -4.04756571e+01
 5.13000000e+02 4.20000000e+01 -4.04433034e+01
 5.14000000e+02 4.20000000e+01 -3.94109498e+01
 5.15000000e+02 4.20000000e+01 -3.83785962e+01
 5.16000000e+02 4.20000000e+01 -3.83462425e+01
 5.17000000e+02 4.20000000e+01 -3.73138889e+01
 5.18000000e+02 4.20000000e+01 -3.62815353e+01
 5.19000000e+02 4.20000000e+01 -3.52491816e+01
 5.20000000e+02 4.20000000e+01 -3.52168280e+01
 5.21000000e+02 4.20000000e+01 -3.41844743e+01
 5.22000000e+02 4.20000000e+01 -3.41521207e+01
 5.23000000e+02 4.20000000e+01 -3.31197671e+01
 5.24000000e+02 4.20000000e+01 -3.20874134e+01
 5.25000000e+02 4.20000000e+01 -3.10550598e+01
 5.26000000e+02 4.20000000e+01 -3.00227062e+01
 5.27000000e+02 4.20000000e+01 -2.89903525e+01
 5.28000000e+02 4.20000000e+01 -2.79579989e+01
 5.29000000e+02 4.20000000e+01 -2.69256452e+01
 5.30000000e+02 4.20000000e+01 -2.58932916e+01
 5.31000000e+02 4.20000000e+01 -2.48609380e+01
 5.32000000e+02 4.20000000e+01 -2.38285843e+01
 5.33000000e+02 4.20000000e+01 -2.27962307e+01
 5.41000000e+02 4.20000000e+01 -5.37401602e-01
 5.42000000e+02 4.20000000e+01 -5.05047965e-01
 5.43000000e+02 4.20000000e+01 -4.72694328e-01
 5.44000000e+02 4.20000000e+01 5.59659310e-01
 5.45000000e+02 4.20000000e+01 5.92012947e-01
 5.46000000e+02 4.20000000e+01 6.24366584e-01
 5.47000000e+02 4.20000000e+01 6.56720221e-01
 5.48000000e+02 4.20000000e+01 6.89073858e-01
 5.49000000e+02 4.20000000e+01 7.21427496e-01
 5.50000000e+02 4.20000000e+01 7.53781133e-01
 5.51000000e+02 4.20000000e+01 7.86134770e-01
 5.52000000e+02 4.20000000e+01 8.18488407e-01
 5.53000000e+02 4.20000000e+01 8.50842044e-01
 5.54000000e+02 4.20000000e+01 8.83195682e-01
 5.55000000e+02 4.20000000e+01 9.15549319e-01
 5.56000000e+02 4.20000000e+01 9.47902956e-01
 5.57000000e+02 4.20000000e+01 9.80256593e-01
 5.58000000e+02 4.20000000e+01 1.01261023e+00
 5.59000000e+02 4.20000000e+01 1.04496387e+00
 5.60000000e+02 4.20000000e+01 1.07731750e+00
 5.61000000e+02 4.20000000e+01 1.10967114e+00
 5.62000000e+02 4.20000000e+01 1.14202478e+00
 5.63000000e+02 4.20000000e+01 1.17437842e+00
 5.64000000e+02 4.20000000e+01 1.20673205e+00
 5.65000000e+02 4.20000000e+01 1.23908569e+00
 5.66000000e+02 4.20000000e+01 2.71439328e-01
 5.67000000e+02 4.20000000e+01 3.03792965e-01
 5.68000000e+02 4.20000000e+01 3.36146603e-01
 5.69000000e+02 4.20000000e+01 3.68500240e-01
 5.70000000e+02 4.20000000e+01 4.00853877e-01
 5.71000000e+02 4.20000000e+01 4.33207514e-01
 5.72000000e+02 4.20000000e+01 4.65561151e-01
 5.73000000e+02 4.20000000e+01 4.97914789e-01
 5.74000000e+02 4.20000000e+01 5.30268426e-01
 5.75000000e+02 4.20000000e+01 5.62622063e-01
 5.76000000e+02 4.20000000e+01 5.94975700e-01
 5.77000000e+02 4.20000000e+01 6.27329337e-01
 5.78000000e+02 4.20000000e+01 6.59682975e-01
 5.79000000e+02 4.20000000e+01 6.92036612e-01
 5.80000000e+02 4.20000000e+01 7.24390249e-01
 5.81000000e+02 4.20000000e+01 7.56743886e-01
 5.82000000e+02 4.20000000e+01 7.89097523e-01
 5.83000000e+02 4.20000000e+01 8.21451161e-01
 5.84000000e+02 4.20000000e+01 8.53804798e-01
 5.85000000e+02 4.20000000e+01 8.86158435e-01
 5.86000000e+02 4.20000000e+01 -8.14879277e-02
 5.87000000e+02 4.20000000e+01 -4.91342905e-02
 5.88000000e+02 4.20000000e+01 -1.67806533e-02
 5.89000000e+02 4.20000000e+01 1.55729839e-02
 5.90000000e+02 4.20000000e+01 4.79266211e-02
 5.91000000e+02 4.20000000e+01 8.02802583e-02
 5.92000000e+02 4.20000000e+01 1.12633896e-01
 5.93000000e+02 4.20000000e+01 1.44987533e-01
 5.94000000e+02 4.20000000e+01 1.77341170e-01
 5.95000000e+02 4.20000000e+01 2.09694807e-01
 5.96000000e+02 4.20000000e+01 2.42048444e-01
 5.97000000e+02 4.20000000e+01 2.74402082e-01
 5.98000000e+02 4.20000000e+01 3.06755719e-01
 5.99000000e+02 4.20000000e+01 3.39109356e-01
 6.00000000e+02 4.20000000e+01 -6.28537007e-01
 6.01000000e+02 4.20000000e+01 4.03816630e-01
 6.02000000e+02 4.20000000e+01 4.36170268e-01
 6.03000000e+02 4.20000000e+01 4.68523905e-01
 6.04000000e+02 4.20000000e+01 5.00877542e-01
 6.05000000e+02 4.20000000e+01 5.33231179e-01
 6.06000000e+02 4.20000000e+01 5.65584816e-01
 6.07000000e+02 4.20000000e+01 5.97938454e-01
 6.08000000e+02 4.20000000e+01 6.30292091e-01
 6.09000000e+02 4.20000000e+01 6.62645728e-01
 6.10000000e+02 4.20000000e+01 6.94999365e-01
 6.11000000e+02 4.20000000e+01 7.27353002e-01
 6.12000000e+02 4.20000000e+01 7.59706640e-01
 6.13000000e+02 4.20000000e+01 -2.07939723e-01
 6.14000000e+02 4.20000000e+01 -1.75586086e-01
 6.15000000e+02 4.20000000e+01 -1.43232449e-01
 6.16000000e+02 4.20000000e+01 -1.10878811e-01
 6.17000000e+02 4.20000000e+01 -7.85251743e-02
 6.18000000e+02 4.20000000e+01 -4.61715371e-02
 6.19000000e+02 4.20000000e+01 9.86182100e-01
 6.20000000e+02 4.20000000e+01 1.01853574e+00
 6.21000000e+02 4.20000000e+01 5.08893746e-02
 6.22000000e+02 4.20000000e+01 8.32430118e-02
 6.23000000e+02 4.20000000e+01 1.15596649e-01
 6.24000000e+02 4.20000000e+01 1.47950286e-01
 6.25000000e+02 4.20000000e+01 1.80303923e-01
 6.26000000e+02 4.20000000e+01 2.12657561e-01
 6.27000000e+02 4.20000000e+01 2.45011198e-01
 6.28000000e+02 4.20000000e+01 2.77364835e-01
 6.29000000e+02 4.20000000e+01 3.09718472e-01
 6.30000000e+02 4.20000000e+01 3.42072109e-01
 6.31000000e+02 4.20000000e+01 3.74425747e-01
 6.32000000e+02 4.20000000e+01 4.06779384e-01
 6.33000000e+02 4.20000000e+01 4.39133021e-01
 6.34000000e+02 4.20000000e+01 4.71486658e-01
 6.35000000e+02 4.20000000e+01 5.03840295e-01
 6.36000000e+02 4.20000000e+01 5.36193933e-01
 6.37000000e+02 4.20000000e+01 5.68547570e-01
 6.38000000e+02 4.20000000e+01 6.00901207e-01
 6.39000000e+02 4.20000000e+01 6.33254844e-01
 6.40000000e+02 4.20000000e+01 6.65608482e-01
 6.41000000e+02 4.20000000e+01 6.97962119e-01
 6.42000000e+02 4.20000000e+01 7.30315756e-01
 6.43000000e+02 4.20000000e+01 7.62669393e-01
 6.44000000e+02 4.20000000e+01 -2.04976970e-01
 6.45000000e+02 4.20000000e+01 -1.72623332e-01
 6.46000000e+02 4.20000000e+01 -1.40269695e-01
 6.47000000e+02 4.20000000e+01 -1.07916058e-01
 6.48000000e+02 4.20000000e+01 -7.55624208e-02
 6.49000000e+02 4.20000000e+01 -4.32087836e-02
 6.50000000e+02 4.20000000e+01 -1.08551464e-02
 6.51000000e+02 4.20000000e+01 2.14984908e-02
 6.52000000e+02 4.20000000e+01 5.38521280e-02
 6.53000000e+02 4.20000000e+01 8.62057652e-02
 6.54000000e+02 4.20000000e+01 1.18559402e-01
 6.55000000e+02 4.20000000e+01 1.50913040e-01
 6.56000000e+02 4.20000000e+01 -8.16733323e-01
 6.57000000e+02 4.20000000e+01 2.15620314e-01
 6.58000000e+02 4.20000000e+01 2.47973951e-01
 6.59000000e+02 4.20000000e+01 2.80327588e-01
 6.60000000e+02 4.20000000e+01 3.12681226e-01
 6.61000000e+02 4.20000000e+01 3.45034863e-01
 6.62000000e+02 4.20000000e+01 3.77388500e-01
 6.63000000e+02 4.20000000e+01 4.09742137e-01
 6.64000000e+02 4.20000000e+01 4.42095774e-01
 6.65000000e+02 4.20000000e+01 4.74449412e-01
 6.66000000e+02 4.20000000e+01 5.06803049e-01
 6.67000000e+02 4.20000000e+01 5.39156686e-01
 6.68000000e+02 4.20000000e+01 5.71510323e-01
 6.69000000e+02 4.20000000e+01 6.03863961e-01
 6.70000000e+02 4.20000000e+01 -3.63782402e-01
 6.71000000e+02 4.20000000e+01 -3.31428765e-01
 6.72000000e+02 4.20000000e+01 -2.99075128e-01
 6.73000000e+02 4.20000000e+01 -2.66721491e-01
 6.74000000e+02 4.20000000e+01 -2.34367853e-01
 6.75000000e+02 4.20000000e+01 -2.02014216e-01
 6.76000000e+02 4.20000000e+01 -1.69660579e-01
 6.77000000e+02 4.20000000e+01 -1.37306942e-01
 6.78000000e+02 4.20000000e+01 -1.04953305e-01
 6.79000000e+02 4.20000000e+01 -7.25996674e-02
 6.80000000e+02 4.20000000e+01 -4.02460302e-02
 6.81000000e+02 4.20000000e+01 -7.89239298e-03
 6.82000000e+02 4.20000000e+01 2.44612442e-02
 6.83000000e+02 4.20000000e+01 5.68148814e-02
 6.84000000e+02 4.20000000e+01 8.91685186e-02
 6.85000000e+02 4.20000000e+01 1.21522156e-01
 6.86000000e+02 4.20000000e+01 1.53875793e-01
 6.87000000e+02 4.20000000e+01 1.86229430e-01
 6.88000000e+02 4.20000000e+01 2.18583067e-01
 6.89000000e+02 4.20000000e+01 2.50936705e-01
 6.90000000e+02 4.20000000e+01 2.83290342e-01
 6.91000000e+02 4.20000000e+01 3.15643979e-01
 6.92000000e+02 4.20000000e+01 3.47997616e-01
 6.93000000e+02 4.20000000e+01 -6.19648746e-01
 6.94000000e+02 4.20000000e+01 4.12704891e-01
 6.95000000e+02 4.20000000e+01 4.45058528e-01
 6.96000000e+02 4.20000000e+01 4.77412165e-01
 6.97000000e+02 4.20000000e+01 -4.90234198e-01
 6.98000000e+02 4.20000000e+01 -4.57880560e-01
 6.99000000e+02 4.20000000e+01 -4.25526923e-01
