 1.00000000e+01 3.50000000e+01 3.10925692e+00
 1.10000000e+01 3.50000000e+01 3.15000582e+00
 1.20000000e+01 3.50000000e+01 4.19075472e+00
 1.30000000e+01 3.50000000e+01 4.23150363e+00
 1.40000000e+01 3.50000000e+01 3.27225253e+00
 1.50000000e+01 3.50000000e+01 2.31300144e+00
 1.60000000e+01 3.50000000e+01 2.35375034e+00
 1.70000000e+01 3.50000000e+01 2.39449924e+00
 1.80000000e+01 3.50000000e+01 1.43524815e+00
 1.90000000e+01 3.50000000e+01 1.47599705e+00
 2.00000000e+01 3.50000000e+01 1.51674596e+00
 2.10000000e+01 3.50000000e+01 1.55749486e+00
 2.20000000e+01 3.50000000e+01 1.59824376e+00
 2.30000000e+01 3.50000000e+01 1.63899267e+00
 2.40000000e+01 3.50000000e+01 6.79741571e-01
 2.50000000e+01 3.50000000e+01 7.20490475e-01
 2.60000000e+01 3.50000000e+01 7.61239379e-01
 2.70000000e+01 3.50000000e+01 -1.98011718e-01
 2.80000000e+01 3.50000000e+01 -1.57262814e-01
 2.90000000e+01 3.50000000e+01 -1.16513910e-01
 3.00000000e+01 3.50000000e+01 -7.57650060e-02
 3.10000000e+01 3.50000000e+01 -3.50161022e-02
 3.20000000e+01 3.50000000e+01 1.00573280e+00
 3.30000000e+01 3.50000000e+01 3.04648171e+00
 3.40000000e+01 3.50000000e+01 4.08723061e+00
 3.50000000e+01 3.50000000e+01 4.12797951e+00
 3.60000000e+01 3.50000000e+01 4.16872842e+00
 3.70000000e+01 3.50000000e+01 4.20947732e+00
 3.80000000e+01 3.50000000e+01 4.25022622e+00
 3.90000000e+01 3.50000000e+01 4.29097513e+00
 4.00000000e+01 3.50000000e+01 4.33172403e+00
 4.10000000e+01 3.50000000e+01 5.37247294e+00
 4.20000000e+01 3.50000000e+01 5.41322184e+00
 4.30000000e+01 3.50000000e+01 3.45397074e+00
 4.40000000e+01 3.50000000e+01 9.49471965e+00
 4.50000000e+01 3.50000000e+01 9.53546855e+00
 4.60000000e+01 3.50000000e+01 9.57621746e+00
 4.70000000e+01 3.50000000e+01 9.61696636e+00
 4.80000000e+01 3.50000000e+01 9.65771526e+00
 4.90000000e+01 3.50000000e+01 1.06984642e+01
 5.00000000e+01 3.50000000e+01 1.17392131e+01
 5.10000000e+01 3.50000000e+01 1.27799620e+01
 5.20000000e+01 3.50000000e+01 1.28207109e+01
 5.30000000e+01 3.50000000e+01 1.28614598e+01
 5.40000000e+01 3.50000000e+01 1.19022087e+01
 5.50000000e+01 3.50000000e+01 1.29429576e+01
 5.60000000e+01 3.50000000e+01 1.29837065e+01
 5.70000000e+01 3.50000000e+01 1.50244554e+01
 5.80000000e+01 3.50000000e+01 1.40652043e+01
 5.90000000e+01 3.50000000e+01 1.31059532e+01
 6.00000000e+01 3.50000000e+01 1.41467021e+01
 6.10000000e+01 3.50000000e+01 1.51874510e+01
 6.20000000e+01 3.50000000e+01 1.52281999e+01
 6.30000000e+01 3.50000000e+01 1.22689488e+01
 6.40000000e+01 3.50000000e+01 1.23096977e+01
 8.00000000e+01 3.50000000e+01 1.19616802e+01
 8.10000000e+01 3.50000000e+01 1.20024291e+01
 8.20000000e+01 3.50000000e+01 1.10431780e+01
 8.30000000e+01 3.50000000e+01 1.10839269e+01
 8.40000000e+01 3.50000000e+01 1.11246758e+01
 8.50000000e+01 3.50000000e+01 1.01654247e+01
 8.60000000e+01 3.50000000e+01 1.02061736e+01
 8.70000000e+01 3.50000000e+01 1.02469225e+01
 8.80000000e+01 3.50000000e+01 1.02876714e+01
 8.90000000e+01 3.50000000e+01 1.03284203e+01
 9.00000000e+01 3.50000000e+01 1.03691692e+01
 9.10000000e+01 3.50000000e+01 1.04099181e+01
 9.20000000e+01 3.50000000e+01 1.04506670e+01
 9.30000000e+01 3.50000000e+01 1.04914159e+01
 9.40000000e+01 3.50000000e+01 1.05321648e+01
 9.50000000e+01 3.50000000e+01 1.05729137e+01
 9.60000000e+01 3.50000000e+01 1.06136626e+01
 9.70000000e+01 3.50000000e+01 1.06544116e+01
 9.80000000e+01 3.50000000e+01 1.06951605e+01
 9.90000000e+01 3.50000000e+01 1.07359094e+01
 1.00000000e+02 3.50000000e+01 1.07766583e+01
 1.01000000e+02 3.50000000e+01 9.81740717e+00
 1.02000000e+02 3.50000000e+01 9.85815607e+00
 1.03000000e+02 3.50000000e+01 9.89890497e+00
 1.04000000e+02 3.50000000e+01 1.09396539e+01
 1.05000000e+02 3.50000000e+01 1.09804028e+01
 1.06000000e+02 3.50000000e+01 1.10211517e+01
 1.07000000e+02 3.50000000e+01 1.10619006e+01
 1.08000000e+02 3.50000000e+01 1.21026495e+01
 1.09000000e+02 3.50000000e+01 1.31433984e+01
 1.10000000e+02 3.50000000e+01 1.41841473e+01
 1.11000000e+02 3.50000000e+01 1.52248962e+01
 1.12000000e+02 3.50000000e+01 1.52656451e+01
 1.13000000e+02 3.50000000e+01 1.43063940e+01
 1.14000000e+02 3.50000000e+01 1.43471429e+01
 1.15000000e+02 3.50000000e+01 1.43878918e+01
 1.16000000e+02 3.50000000e+01 1.44286407e+01
 1.17000000e+02 3.50000000e+01 1.44693896e+01
 1.18000000e+02 3.50000000e+01 1.55101385e+01
 1.19000000e+02 3.50000000e+01 1.65508874e+01
 1.20000000e+02 3.50000000e+01 1.65916363e+01
 1.21000000e+02 3.50000000e+01 1.66323852e+01
 1.22000000e+02 3.50000000e+01 1.66731341e+01
 1.23000000e+02 3.50000000e+01 1.57138831e+01
 1.24000000e+02 3.50000000e+01 1.57546320e+01
 1.25000000e+02 3.50000000e+01 1.57953809e+01
 1.28000000e+02 3.50000000e+01 1.49176276e+01
 1.29000000e+02 3.50000000e+01 1.49583765e+01
 1.30000000e+02 3.50000000e+01 1.39991254e+01
 1.31000000e+02 3.50000000e+01 1.40398743e+01
 1.32000000e+02 3.50000000e+01 1.30806232e+01
 1.33000000e+02 3.50000000e+01 1.31213721e+01
 1.34000000e+02 3.50000000e+01 1.31621210e+01
 1.35000000e+02 3.50000000e+01 1.42028699e+01
 1.36000000e+02 3.50000000e+01 1.32436188e+01
 1.37000000e+02 3.50000000e+01 1.22843677e+01
 1.38000000e+02 3.50000000e+01 1.23251166e+01
 1.39000000e+02 3.50000000e+01 1.23658655e+01
 1.40000000e+02 3.50000000e+01 1.24066144e+01
 1.41000000e+02 3.50000000e+01 1.34473633e+01
 1.42000000e+02 3.50000000e+01 1.34881122e+01
 1.43000000e+02 3.50000000e+01 1.35288611e+01
 1.44000000e+02 3.50000000e+01 1.35696100e+01
 1.45000000e+02 3.50000000e+01 1.26103589e+01
 1.46000000e+02 3.50000000e+01 1.26511078e+01
 1.47000000e+02 3.50000000e+01 1.26918567e+01
 1.48000000e+02 3.50000000e+01 1.27326056e+01
 1.49000000e+02 3.50000000e+01 1.27733546e+01
 1.50000000e+02 3.50000000e+01 1.28141035e+01
 1.51000000e+02 3.50000000e+01 1.38548524e+01
 1.52000000e+02 3.50000000e+01 1.48956013e+01
 1.53000000e+02 3.50000000e+01 1.39363502e+01
 1.54000000e+02 3.50000000e+01 1.39770991e+01
 1.55000000e+02 3.50000000e+01 1.40178480e+01
 1.56000000e+02 3.50000000e+01 1.40585969e+01
 1.57000000e+02 3.50000000e+01 1.30993458e+01
 1.58000000e+02 3.50000000e+01 1.31400947e+01
 1.59000000e+02 3.50000000e+01 1.21808436e+01
 1.60000000e+02 3.50000000e+01 1.22215925e+01
 1.61000000e+02 3.50000000e+01 1.22623414e+01
 1.62000000e+02 3.50000000e+01 1.23030903e+01
 1.63000000e+02 3.50000000e+01 1.23438392e+01
 1.64000000e+02 3.50000000e+01 1.23845881e+01
 1.65000000e+02 3.50000000e+01 1.34253370e+01
 1.66000000e+02 3.50000000e+01 1.34660859e+01
 1.67000000e+02 3.50000000e+01 1.35068348e+01
 1.68000000e+02 3.50000000e+01 1.35475837e+01
 1.69000000e+02 3.50000000e+01 1.35883326e+01
 1.70000000e+02 3.50000000e+01 1.26290815e+01
 1.71000000e+02 3.50000000e+01 1.16698304e+01
 1.72000000e+02 3.50000000e+01 1.07105793e+01
 1.73000000e+02 3.50000000e+01 9.75132824e+00
 1.74000000e+02 3.50000000e+01 9.79207715e+00
 1.75000000e+02 3.50000000e+01 9.83282605e+00
 1.76000000e+02 3.50000000e+01 1.18735750e+01
 1.77000000e+02 3.50000000e+01 1.19143239e+01
 1.78000000e+02 3.50000000e+01 1.29550728e+01
 1.79000000e+02 3.50000000e+01 1.29958217e+01
 1.80000000e+02 3.50000000e+01 1.30365706e+01
 1.81000000e+02 3.50000000e+01 1.40773195e+01
 1.82000000e+02 3.50000000e+01 1.41180684e+01
 1.83000000e+02 3.50000000e+01 1.21588173e+01
 1.84000000e+02 3.50000000e+01 1.21995662e+01
 1.85000000e+02 3.50000000e+01 1.12403151e+01
 1.86000000e+02 3.50000000e+01 1.02810640e+01
 1.87000000e+02 3.50000000e+01 9.32181290e+00
 1.88000000e+02 3.50000000e+01 8.36256180e+00
 1.89000000e+02 3.50000000e+01 8.40331070e+00
 1.90000000e+02 3.50000000e+01 8.44405961e+00
 1.91000000e+02 3.50000000e+01 8.48480851e+00
 1.92000000e+02 3.50000000e+01 9.52555742e+00
 1.93000000e+02 3.50000000e+01 9.56630632e+00
 1.94000000e+02 3.50000000e+01 9.60705522e+00
 1.95000000e+02 3.50000000e+01 9.64780413e+00
 1.96000000e+02 3.50000000e+01 8.68855303e+00
 1.97000000e+02 3.50000000e+01 7.72930194e+00
 1.98000000e+02 3.50000000e+01 7.77005084e+00
 1.99000000e+02 3.50000000e+01 6.81079974e+00
 2.00000000e+02 3.50000000e+01 6.85154865e+00
 2.01000000e+02 3.50000000e+01 6.89229755e+00
 2.02000000e+02 3.50000000e+01 6.93304645e+00
 2.03000000e+02 3.50000000e+01 6.97379536e+00
 2.04000000e+02 3.50000000e+01 7.01454426e+00
 2.05000000e+02 3.50000000e+01 7.05529317e+00
 2.06000000e+02 3.50000000e+01 7.09604207e+00
 2.07000000e+02 3.50000000e+01 6.13679097e+00
 2.08000000e+02 3.50000000e+01 7.17753988e+00
 2.09000000e+02 3.50000000e+01 6.21828878e+00
 2.10000000e+02 3.50000000e+01 6.25903769e+00
 2.11000000e+02 3.50000000e+01 6.29978659e+00
 2.12000000e+02 3.50000000e+01 6.34053549e+00
 2.13000000e+02 3.50000000e+01 6.38128440e+00
 2.14000000e+02 3.50000000e+01 5.42203330e+00
 2.15000000e+02 3.50000000e+01 5.46278220e+00
 2.16000000e+02 3.50000000e+01 5.50353111e+00
 2.17000000e+02 3.50000000e+01 5.54428001e+00
 2.18000000e+02 3.50000000e+01 5.58502892e+00
 2.19000000e+02 3.50000000e+01 5.62577782e+00
 2.20000000e+02 3.50000000e+01 5.66652672e+00
 2.21000000e+02 3.50000000e+01 4.70727563e+00
 2.22000000e+02 3.50000000e+01 2.74802453e+00
 2.23000000e+02 3.50000000e+01 1.78877344e+00
 2.24000000e+02 3.50000000e+01 2.82952234e+00
 2.25000000e+02 3.50000000e+01 2.87027124e+00
 2.26000000e+02 3.50000000e+01 2.91102015e+00
 2.27000000e+02 3.50000000e+01 1.95176905e+00
 2.28000000e+02 3.50000000e+01 9.92517955e-01
 2.29000000e+02 3.50000000e+01 1.03326686e+00
 2.30000000e+02 3.50000000e+01 2.07401576e+00
 2.31000000e+02 3.50000000e+01 2.11476467e+00
 2.32000000e+02 3.50000000e+01 2.15551357e+00
 2.33000000e+02 3.50000000e+01 5.19626247e+00
 2.34000000e+02 3.50000000e+01 4.23701138e+00
 2.35000000e+02 3.50000000e+01 3.27776028e+00
 2.36000000e+02 3.50000000e+01 3.31850919e+00
 2.37000000e+02 3.50000000e+01 3.35925809e+00
 2.38000000e+02 3.50000000e+01 4.40000699e+00
 2.39000000e+02 3.50000000e+01 3.44075590e+00
 2.40000000e+02 3.50000000e+01 4.48150480e+00
 2.41000000e+02 3.50000000e+01 4.52225370e+00
 2.42000000e+02 3.50000000e+01 5.56300261e+00
 2.43000000e+02 3.50000000e+01 6.60375151e+00
 2.44000000e+02 3.50000000e+01 5.64450042e+00
 2.45000000e+02 3.50000000e+01 5.68524932e+00
 2.46000000e+02 3.50000000e+01 4.72599822e+00
 2.47000000e+02 3.50000000e+01 4.76674713e+00
 2.48000000e+02 3.50000000e+01 5.80749603e+00
 2.49000000e+02 3.50000000e+01 6.84824494e+00
 2.50000000e+02 3.50000000e+01 6.88899384e+00
 2.51000000e+02 3.50000000e+01 6.92974274e+00
 2.52000000e+02 3.50000000e+01 8.97049165e+00
 2.53000000e+02 3.50000000e+01 1.00112406e+01
 2.54000000e+02 3.50000000e+01 1.10519895e+01
 2.55000000e+02 3.50000000e+01 1.10927384e+01
 2.56000000e+02 3.50000000e+01 1.11334873e+01
 2.57000000e+02 3.50000000e+01 1.01742362e+01
 2.58000000e+02 3.50000000e+01 1.02149851e+01
 2.59000000e+02 3.50000000e+01 9.25573397e+00
 2.60000000e+02 3.50000000e+01 9.29648288e+00
 2.61000000e+02 3.50000000e+01 9.33723178e+00
 2.62000000e+02 3.50000000e+01 9.37798069e+00
 2.63000000e+02 3.50000000e+01 1.04187296e+01
 2.64000000e+02 3.50000000e+01 1.04594785e+01
 2.65000000e+02 3.50000000e+01 1.05002274e+01
 2.66000000e+02 3.50000000e+01 1.25409763e+01
 2.67000000e+02 3.50000000e+01 1.25817252e+01
 2.68000000e+02 3.50000000e+01 1.36224741e+01
 2.69000000e+02 3.50000000e+01 1.36632230e+01
 2.70000000e+02 3.50000000e+01 1.37039719e+01
 2.71000000e+02 3.50000000e+01 1.27447208e+01
 2.72000000e+02 3.50000000e+01 1.47854697e+01
 2.73000000e+02 3.50000000e+01 3.82621863e+00
 2.74000000e+02 3.50000000e+01 3.86696753e+00
 2.75000000e+02 3.50000000e+01 2.90771644e+00
 2.76000000e+02 3.50000000e+01 2.94846534e+00
 2.77000000e+02 3.50000000e+01 2.98921424e+00
 2.78000000e+02 3.50000000e+01 3.02996315e+00
 2.79000000e+02 3.50000000e+01 4.07071205e+00
 2.80000000e+02 3.50000000e+01 5.11146095e+00
 2.81000000e+02 3.50000000e+01 5.15220986e+00
 2.82000000e+02 3.50000000e+01 7.19295876e+00
 2.83000000e+02 3.50000000e+01 8.23370767e+00
 2.84000000e+02 3.50000000e+01 7.27445657e+00
 2.85000000e+02 3.50000000e+01 8.31520547e+00
 2.86000000e+02 3.50000000e+01 9.35595438e+00
 2.87000000e+02 3.50000000e+01 1.13967033e+01
 2.88000000e+02 3.50000000e+01 1.14374522e+01
 2.89000000e+02 3.50000000e+01 1.24782011e+01
 2.90000000e+02 3.50000000e+01 1.25189500e+01
 2.91000000e+02 3.50000000e+01 1.55596989e+01
 2.92000000e+02 3.50000000e+01 1.56004478e+01
 2.93000000e+02 3.50000000e+01 1.46411967e+01
 2.94000000e+02 3.50000000e+01 1.56819456e+01
 2.95000000e+02 3.50000000e+01 1.57226945e+01
 2.96000000e+02 3.50000000e+01 1.67634434e+01
 2.97000000e+02 3.50000000e+01 1.58041923e+01
 2.98000000e+02 3.50000000e+01 1.58449412e+01
 2.99000000e+02 3.50000000e+01 1.58856901e+01
 3.00000000e+02 3.50000000e+01 1.69264390e+01
 3.01000000e+02 3.50000000e+01 1.59671879e+01
 3.02000000e+02 3.50000000e+01 1.60079368e+01
 3.03000000e+02 3.50000000e+01 1.70486857e+01
 3.04000000e+02 3.50000000e+01 1.70894346e+01
 3.05000000e+02 3.50000000e+01 1.71301836e+01
 3.06000000e+02 3.50000000e+01 1.71709325e+01
 3.07000000e+02 3.50000000e+01 1.92116814e+01
 3.08000000e+02 3.50000000e+01 2.02524303e+01
 3.09000000e+02 3.50000000e+01 2.12931792e+01
 3.10000000e+02 3.50000000e+01 2.13339281e+01
 3.11000000e+02 3.50000000e+01 2.13746770e+01
 3.12000000e+02 3.50000000e+01 2.04154259e+01
 3.13000000e+02 3.50000000e+01 2.04561748e+01
 3.14000000e+02 3.50000000e+01 1.84969237e+01
 3.15000000e+02 3.50000000e+01 1.95376726e+01
 3.16000000e+02 3.50000000e+01 1.95784215e+01
 3.17000000e+02 3.50000000e+01 1.96191704e+01
 3.18000000e+02 3.50000000e+01 1.86599193e+01
 3.19000000e+02 3.50000000e+01 1.97006682e+01
 3.20000000e+02 3.50000000e+01 1.97414171e+01
 3.21000000e+02 3.50000000e+01 1.97821660e+01
 3.22000000e+02 3.50000000e+01 1.88229149e+01
 3.23000000e+02 3.50000000e+01 1.88636638e+01
 3.24000000e+02 3.50000000e+01 1.89044127e+01
 3.25000000e+02 3.50000000e+01 1.79451616e+01
 3.26000000e+02 3.50000000e+01 1.79859105e+01
 3.27000000e+02 3.50000000e+01 1.70266594e+01
 3.28000000e+02 3.50000000e+01 1.70674083e+01
 3.29000000e+02 3.50000000e+01 1.81081572e+01
 3.30000000e+02 3.50000000e+01 1.91489061e+01
 3.31000000e+02 3.50000000e+01 1.91896551e+01
 3.32000000e+02 3.50000000e+01 1.92304040e+01
 3.33000000e+02 3.50000000e+01 1.82711529e+01
 3.34000000e+02 3.50000000e+01 1.83119018e+01
 3.35000000e+02 3.50000000e+01 1.73526507e+01
 3.36000000e+02 3.50000000e+01 1.73933996e+01
 3.37000000e+02 3.50000000e+01 1.74341485e+01
 3.38000000e+02 3.50000000e+01 1.74748974e+01
 3.39000000e+02 3.50000000e+01 1.75156463e+01
 3.40000000e+02 3.50000000e+01 1.85563952e+01
 3.41000000e+02 3.50000000e+01 1.85971441e+01
 3.42000000e+02 3.50000000e+01 1.86378930e+01
 3.43000000e+02 3.50000000e+01 1.86786419e+01
 3.44000000e+02 3.50000000e+01 1.77193908e+01
 3.45000000e+02 3.50000000e+01 1.67601397e+01
 3.46000000e+02 3.50000000e+01 1.68008886e+01
 3.47000000e+02 3.50000000e+01 1.68416375e+01
 3.48000000e+02 3.50000000e+01 1.68823864e+01
 3.49000000e+02 3.50000000e+01 1.59231353e+01
 3.50000000e+02 3.50000000e+01 1.49638842e+01
 3.51000000e+02 3.50000000e+01 1.50046331e+01
 3.52000000e+02 3.50000000e+01 1.50453820e+01
 3.53000000e+02 3.50000000e+01 1.50861309e+01
 3.54000000e+02 3.50000000e+01 1.61268798e+01
 3.55000000e+02 3.50000000e+01 1.51676287e+01
 3.56000000e+02 3.50000000e+01 1.52083776e+01
 3.57000000e+02 3.50000000e+01 1.52491266e+01
 3.58000000e+02 3.50000000e+01 1.72898755e+01
 3.59000000e+02 3.50000000e+01 1.83306244e+01
 3.60000000e+02 3.50000000e+01 2.03713733e+01
 3.61000000e+02 3.50000000e+01 2.04121222e+01
 3.62000000e+02 3.50000000e+01 2.14528711e+01
 3.63000000e+02 3.50000000e+01 2.14936200e+01
 3.64000000e+02 3.50000000e+01 1.95343689e+01
 3.65000000e+02 3.50000000e+01 1.95751178e+01
 3.66000000e+02 3.50000000e+01 1.96158667e+01
 3.67000000e+02 3.50000000e+01 2.06566156e+01
 3.68000000e+02 3.50000000e+01 2.06973645e+01
 3.69000000e+02 3.50000000e+01 1.97381134e+01
 3.70000000e+02 3.50000000e+01 1.97788623e+01
 3.71000000e+02 3.50000000e+01 1.98196112e+01
 3.72000000e+02 3.50000000e+01 1.88603601e+01
 3.73000000e+02 3.50000000e+01 1.99011090e+01
 3.74000000e+02 3.50000000e+01 1.89418579e+01
 3.75000000e+02 3.50000000e+01 1.89826068e+01
 3.76000000e+02 3.50000000e+01 1.90233557e+01
 3.77000000e+02 3.50000000e+01 1.90641046e+01
 3.78000000e+02 3.50000000e+01 1.91048535e+01
 3.79000000e+02 3.50000000e+01 2.01456024e+01
 3.80000000e+02 3.50000000e+01 1.91863513e+01
 3.81000000e+02 3.50000000e+01 1.92271002e+01
 3.82000000e+02 3.50000000e+01 1.92678491e+01
 3.83000000e+02 3.50000000e+01 1.93085981e+01
 3.84000000e+02 3.50000000e+01 1.93493470e+01
 3.85000000e+02 3.50000000e+01 1.93900959e+01
 3.86000000e+02 3.50000000e+01 1.94308448e+01
 3.87000000e+02 3.50000000e+01 1.94715937e+01
 3.88000000e+02 3.50000000e+01 1.95123426e+01
 3.89000000e+02 3.50000000e+01 1.95530915e+01
 3.90000000e+02 3.50000000e+01 2.15938404e+01
 3.91000000e+02 3.50000000e+01 2.16345893e+01
 3.92000000e+02 3.50000000e+01 2.26753382e+01
 3.93000000e+02 3.50000000e+01 2.27160871e+01
 3.94000000e+02 3.50000000e+01 2.27568360e+01
 3.95000000e+02 3.50000000e+01 2.27975849e+01
 3.96000000e+02 3.50000000e+01 2.48383338e+01
 3.97000000e+02 3.50000000e+01 2.88790827e+01
 3.98000000e+02 3.50000000e+01 3.19198316e+01
 3.99000000e+02 3.50000000e+01 2.89605805e+01
 4.00000000e+02 3.50000000e+01 2.90013294e+01
 4.01000000e+02 3.50000000e+01 2.80420783e+01
 4.02000000e+02 3.50000000e+01 2.90828272e+01
 4.03000000e+02 3.50000000e+01 3.01235761e+01
 4.04000000e+02 3.50000000e+01 3.11643250e+01
 4.05000000e+02 3.50000000e+01 3.12050739e+01
 4.06000000e+02 3.50000000e+01 3.12458228e+01
 4.07000000e+02 3.50000000e+01 3.22865717e+01
 4.08000000e+02 3.50000000e+01 3.23273206e+01
 4.09000000e+02 3.50000000e+01 3.23680696e+01
 4.10000000e+02 3.50000000e+01 3.14088185e+01
 4.11000000e+02 3.50000000e+01 3.14495674e+01
 4.12000000e+02 3.50000000e+01 2.54903163e+01
 4.13000000e+02 3.50000000e+01 2.55310652e+01
 4.14000000e+02 3.50000000e+01 2.55718141e+01
 4.15000000e+02 3.50000000e+01 2.56125630e+01
 4.16000000e+02 3.50000000e+01 2.66533119e+01
 4.17000000e+02 3.50000000e+01 2.66940608e+01
 4.18000000e+02 3.50000000e+01 2.47348097e+01
 4.19000000e+02 3.50000000e+01 2.37755586e+01
 4.20000000e+02 3.50000000e+01 2.28163075e+01
 4.21000000e+02 3.50000000e+01 2.38570564e+01
 4.22000000e+02 3.50000000e+01 2.38978053e+01
 4.23000000e+02 3.50000000e+01 2.29385542e+01
 4.24000000e+02 3.50000000e+01 2.39793031e+01
 4.25000000e+02 3.50000000e+01 2.40200520e+01
 4.26000000e+02 3.50000000e+01 2.40608009e+01
 4.27000000e+02 3.50000000e+01 2.41015498e+01
 4.28000000e+02 3.50000000e+01 2.41422987e+01
 4.29000000e+02 3.50000000e+01 2.41830476e+01
 4.30000000e+02 3.50000000e+01 2.42237965e+01
 4.31000000e+02 3.50000000e+01 2.42645454e+01
 4.32000000e+02 3.50000000e+01 2.43052943e+01
 4.33000000e+02 3.50000000e+01 2.43460432e+01
 4.34000000e+02 3.50000000e+01 2.43867921e+01
 4.35000000e+02 3.50000000e+01 2.74275411e+01
 4.36000000e+02 3.50000000e+01 2.74682900e+01
 4.37000000e+02 3.50000000e+01 2.75090389e+01
 4.38000000e+02 3.50000000e+01 2.75497878e+01
 4.39000000e+02 3.50000000e+01 2.75905367e+01
 4.40000000e+02 3.50000000e+01 2.86312856e+01
 4.41000000e+02 3.50000000e+01 2.76720345e+01
 4.42000000e+02 3.50000000e+01 2.77127834e+01
 4.43000000e+02 3.50000000e+01 2.77535323e+01
 4.44000000e+02 3.50000000e+01 2.77942812e+01
 4.45000000e+02 3.50000000e+01 2.68350301e+01
 4.46000000e+02 3.50000000e+01 2.68757790e+01
 4.47000000e+02 3.50000000e+01 2.69165279e+01
 4.48000000e+02 3.50000000e+01 2.69572768e+01
 4.49000000e+02 3.50000000e+01 2.69980257e+01
 4.50000000e+02 3.50000000e+01 2.70387746e+01
 4.51000000e+02 3.50000000e+01 2.90795235e+01
 4.52000000e+02 3.50000000e+01 2.91202724e+01
 4.53000000e+02 3.50000000e+01 2.81610213e+01
 4.54000000e+02 3.50000000e+01 2.82017702e+01
 4.55000000e+02 3.50000000e+01 2.82425191e+01
 4.56000000e+02 3.50000000e+01 2.82832680e+01
 4.57000000e+02 3.50000000e+01 2.83240169e+01
 4.58000000e+02 3.50000000e+01 2.83647658e+01
 4.59000000e+02 3.50000000e+01 2.84055147e+01
 4.60000000e+02 3.50000000e+01 2.74462636e+01
 4.61000000e+02 3.50000000e+01 2.74870125e+01
 4.62000000e+02 3.50000000e+01 2.75277615e+01
 4.63000000e+02 3.50000000e+01 2.75685104e+01
 4.64000000e+02 3.50000000e+01 2.76092593e+01
 4.65000000e+02 3.50000000e+01 2.76500082e+01
 4.66000000e+02 3.50000000e+01 2.76907571e+01
 4.67000000e+02 3.50000000e+01 2.77315060e+01
 4.68000000e+02 3.50000000e+01 2.77722549e+01
 4.69000000e+02 3.50000000e+01 2.78130038e+01
 4.70000000e+02 3.50000000e+01 2.78537527e+01
 4.71000000e+02 3.50000000e+01 2.78945016e+01
 4.72000000e+02 3.50000000e+01 2.89352505e+01
 4.73000000e+02 3.50000000e+01 2.89759994e+01
 4.74000000e+02 3.50000000e+01 2.80167483e+01
 4.75000000e+02 3.50000000e+01 2.70574972e+01
 4.76000000e+02 3.50000000e+01 2.60982461e+01
 4.77000000e+02 3.50000000e+01 2.61389950e+01
 4.78000000e+02 3.50000000e+01 2.61797439e+01
 4.79000000e+02 3.50000000e+01 2.62204928e+01
 4.80000000e+02 3.50000000e+01 2.52612417e+01
 4.81000000e+02 3.50000000e+01 2.53019906e+01
 4.82000000e+02 3.50000000e+01 2.53427395e+01
 4.83000000e+02 3.50000000e+01 2.53834884e+01
 4.84000000e+02 3.50000000e+01 2.54242373e+01
 4.85000000e+02 3.50000000e+01 2.64649862e+01
 4.86000000e+02 3.50000000e+01 2.75057351e+01
 4.87000000e+02 3.50000000e+01 2.75464840e+01
 4.88000000e+02 3.50000000e+01 2.75872330e+01
 4.89000000e+02 3.50000000e+01 2.76279819e+01
 4.90000000e+02 3.50000000e+01 2.76687308e+01
 4.91000000e+02 3.50000000e+01 2.87094797e+01
 4.92000000e+02 3.50000000e+01 2.77502286e+01
 4.93000000e+02 3.50000000e+01 2.77909775e+01
 4.94000000e+02 3.50000000e+01 2.68317264e+01
 4.95000000e+02 3.50000000e+01 2.58724753e+01
 4.96000000e+02 3.50000000e+01 2.59132242e+01
 4.97000000e+02 3.50000000e+01 2.59539731e+01
 4.98000000e+02 3.50000000e+01 2.59947220e+01
 4.99000000e+02 3.50000000e+01 2.50354709e+01
 5.00000000e+02 3.50000000e+01 2.40762198e+01
 5.01000000e+02 3.50000000e+01 2.21169687e+01
 5.02000000e+02 3.50000000e+01 2.21577176e+01
 5.03000000e+02 3.50000000e+01 2.21984665e+01
 5.04000000e+02 3.50000000e+01 2.32392154e+01
 5.05000000e+02 3.50000000e+01 2.22799643e+01
 5.06000000e+02 3.50000000e+01 2.13207132e+01
 5.07000000e+02 3.50000000e+01 2.23614621e+01
 5.08000000e+02 3.50000000e+01 2.24022110e+01
 5.09000000e+02 3.50000000e+01 2.24429599e+01
 5.10000000e+02 3.50000000e+01 2.24837088e+01
 5.11000000e+02 3.50000000e+01 2.15244577e+01
 5.12000000e+02 3.50000000e+01 2.15652066e+01
 5.13000000e+02 3.50000000e+01 2.16059555e+01
 5.14000000e+02 3.50000000e+01 2.16467045e+01
 5.15000000e+02 3.50000000e+01 2.16874534e+01
 5.16000000e+02 3.50000000e+01 2.17282023e+01
 5.17000000e+02 3.50000000e+01 2.17689512e+01
 5.18000000e+02 3.50000000e+01 2.18097001e+01
 5.19000000e+02 3.50000000e+01 2.18504490e+01
 5.27000000e+02 3.50000000e+01 2.01764402e+01
 5.28000000e+02 3.50000000e+01 1.92171891e+01
 5.29000000e+02 3.50000000e+01 1.92579380e+01
 5.30000000e+02 3.50000000e+01 1.92986869e+01
 5.31000000e+02 3.50000000e+01 1.93394358e+01
 5.32000000e+02 3.50000000e+01 1.93801847e+01
 5.33000000e+02 3.50000000e+01 1.84209336e+01
 5.34000000e+02 3.50000000e+01 1.84616825e+01
 5.35000000e+02 3.50000000e+01 1.85024314e+01
 5.36000000e+02 3.50000000e+01 1.95431803e+01
 5.37000000e+02 3.50000000e+01 1.85839292e+01
 5.38000000e+02 3.50000000e+01 1.86246781e+01
 5.39000000e+02 3.50000000e+01 1.86654270e+01
 5.40000000e+02 3.50000000e+01 1.97061760e+01
 5.41000000e+02 3.50000000e+01 1.87469249e+01
 5.42000000e+02 3.50000000e+01 1.87876738e+01
 5.43000000e+02 3.50000000e+01 1.88284227e+01
 5.44000000e+02 3.50000000e+01 1.88691716e+01
 5.45000000e+02 3.50000000e+01 1.99099205e+01
 5.46000000e+02 3.50000000e+01 1.99506694e+01
 5.47000000e+02 3.50000000e+01 1.89914183e+01
 5.48000000e+02 3.50000000e+01 1.70321672e+01
 5.49000000e+02 3.50000000e+01 1.70729161e+01
 5.50000000e+02 3.50000000e+01 1.71136650e+01
 5.51000000e+02 3.50000000e+01 1.71544139e+01
 5.52000000e+02 3.50000000e+01 2.51951628e+01
 5.53000000e+02 3.50000000e+01 2.52359117e+01
 5.54000000e+02 3.50000000e+01 2.52766606e+01
 5.55000000e+02 3.50000000e+01 2.53174095e+01
 5.56000000e+02 3.50000000e+01 2.53581584e+01
 5.57000000e+02 3.50000000e+01 2.53989073e+01
 5.58000000e+02 3.50000000e+01 2.64396562e+01
 5.59000000e+02 3.50000000e+01 2.64804051e+01
 5.61000000e+02 3.50000000e+01 2.95619029e+01
 5.62000000e+02 3.50000000e+01 2.96026518e+01
 5.63000000e+02 3.50000000e+01 2.96434007e+01
 5.64000000e+02 3.50000000e+01 3.06841496e+01
 5.65000000e+02 3.50000000e+01 2.97248985e+01
 5.66000000e+02 3.50000000e+01 2.97656475e+01
 5.67000000e+02 3.50000000e+01 3.08063964e+01
 5.68000000e+02 3.50000000e+01 3.08471453e+01
 5.69000000e+02 3.50000000e+01 3.08878942e+01
 5.70000000e+02 3.50000000e+01 2.99286431e+01
 5.71000000e+02 3.50000000e+01 2.79693920e+01
 5.72000000e+02 3.50000000e+01 2.70101409e+01
 5.73000000e+02 3.50000000e+01 2.60508898e+01
 5.74000000e+02 3.50000000e+01 2.50916387e+01
 5.75000000e+02 3.50000000e+01 2.41323876e+01
 5.76000000e+02 3.50000000e+01 2.31731365e+01
 5.77000000e+02 3.50000000e+01 2.32138854e+01
 5.78000000e+02 3.50000000e+01 2.22546343e+01
 5.79000000e+02 3.50000000e+01 2.22953832e+01
 5.80000000e+02 3.50000000e+01 2.13361321e+01
 5.81000000e+02 3.50000000e+01 2.03768810e+01
 5.82000000e+02 3.50000000e+01 2.04176299e+01
 5.83000000e+02 3.50000000e+01 2.04583788e+01
 5.84000000e+02 3.50000000e+01 2.04991277e+01
 5.85000000e+02 3.50000000e+01 2.05398766e+01
 5.86000000e+02 3.50000000e+01 2.05806255e+01
 5.87000000e+02 3.50000000e+01 1.96213744e+01
 5.88000000e+02 3.50000000e+01 1.96621233e+01
 5.89000000e+02 3.50000000e+01 2.07028722e+01
 5.90000000e+02 3.50000000e+01 2.07436211e+01
 5.91000000e+02 3.50000000e+01 2.17843700e+01
 5.92000000e+02 3.50000000e+01 2.18251190e+01
 5.93000000e+02 3.50000000e+01 2.18658679e+01
 5.94000000e+02 3.50000000e+01 2.09066168e+01
 5.95000000e+02 3.50000000e+01 2.09473657e+01
 5.96000000e+02 3.50000000e+01 2.09881146e+01
 5.97000000e+02 3.50000000e+01 2.20288635e+01
 5.98000000e+02 3.50000000e+01 2.20696124e+01
 5.99000000e+02 3.50000000e+01 2.31103613e+01
 6.00000000e+02 3.50000000e+01 2.31511102e+01
 6.01000000e+02 3.50000000e+01 2.41918591e+01
 6.02000000e+02 3.50000000e+01 2.52326080e+01
 6.03000000e+02 3.50000000e+01 2.42733569e+01
 6.04000000e+02 3.50000000e+01 2.43141058e+01
 6.05000000e+02 3.50000000e+01 4.23548547e+01
 6.06000000e+02 3.50000000e+01 3.83956036e+01
 6.07000000e+02 3.50000000e+01 3.34363525e+01
 6.08000000e+02 3.50000000e+01 3.54771014e+01
 6.09000000e+02 3.50000000e+01 3.45178503e+01
 6.10000000e+02 3.50000000e+01 3.55585992e+01
 6.11000000e+02 3.50000000e+01 3.55993481e+01
 6.12000000e+02 3.50000000e+01 3.66400970e+01
 6.13000000e+02 3.50000000e+01 3.76808459e+01
 6.14000000e+02 3.50000000e+01 3.67215948e+01
 6.15000000e+02 3.50000000e+01 3.57623437e+01
 6.16000000e+02 3.50000000e+01 3.58030926e+01
 6.17000000e+02 3.50000000e+01 3.58438415e+01
 6.18000000e+02 3.50000000e+01 3.48845905e+01
 6.19000000e+02 3.50000000e+01 3.49253394e+01
 6.20000000e+02 3.50000000e+01 3.39660883e+01
 6.21000000e+02 3.50000000e+01 3.40068372e+01
 6.22000000e+02 3.50000000e+01 3.40475861e+01
 6.23000000e+02 3.50000000e+01 3.40883350e+01
 6.24000000e+02 3.50000000e+01 3.41290839e+01
 6.25000000e+02 3.50000000e+01 3.51698328e+01
 6.26000000e+02 3.50000000e+01 3.72105817e+01
 6.27000000e+02 3.50000000e+01 3.52513306e+01
 6.28000000e+02 3.50000000e+01 3.42920795e+01
 6.29000000e+02 3.50000000e+01 3.43328284e+01
 6.30000000e+02 3.50000000e+01 3.43735773e+01
 6.31000000e+02 3.50000000e+01 3.44143262e+01
 6.32000000e+02 3.50000000e+01 3.34550751e+01
 6.33000000e+02 3.50000000e+01 3.34958240e+01
 6.34000000e+02 3.50000000e+01 3.35365729e+01
 6.35000000e+02 3.50000000e+01 3.35773218e+01
 6.36000000e+02 3.50000000e+01 3.36180707e+01
 6.37000000e+02 3.50000000e+01 3.36588196e+01
 6.38000000e+02 3.50000000e+01 3.36995685e+01
 6.39000000e+02 3.50000000e+01 3.57403174e+01
 6.40000000e+02 3.50000000e+01 3.57810663e+01
 6.41000000e+02 3.50000000e+01 3.58218152e+01
 6.42000000e+02 3.50000000e+01 3.48625641e+01
 6.43000000e+02 3.50000000e+01 3.49033130e+01
 6.44000000e+02 3.50000000e+01 3.49440620e+01
 6.45000000e+02 3.50000000e+01 3.59848109e+01
 6.46000000e+02 3.50000000e+01 3.70255598e+01
 6.47000000e+02 3.50000000e+01 3.80663087e+01
 6.48000000e+02 3.50000000e+01 3.81070576e+01
 6.49000000e+02 3.50000000e+01 3.61478065e+01
 6.50000000e+02 3.50000000e+01 3.61885554e+01
 6.51000000e+02 3.50000000e+01 3.52293043e+01
 6.52000000e+02 3.50000000e+01 3.52700532e+01
 6.53000000e+02 3.50000000e+01 3.53108021e+01
 6.54000000e+02 3.50000000e+01 3.53515510e+01
 6.55000000e+02 3.50000000e+01 3.53922999e+01
 6.56000000e+02 3.50000000e+01 3.54330488e+01
 6.57000000e+02 3.50000000e+01 3.64737977e+01
 6.58000000e+02 3.50000000e+01 3.75145466e+01
 6.59000000e+02 3.50000000e+01 3.85552955e+01
 6.60000000e+02 3.50000000e+01 3.65960444e+01
 6.61000000e+02 3.50000000e+01 3.56367933e+01
 6.62000000e+02 3.50000000e+01 3.56775422e+01
 6.63000000e+02 3.50000000e+01 3.57182911e+01
 6.78000000e+02 3.50000000e+01 4.13295247e+01
 6.79000000e+02 3.50000000e+01 4.13702736e+01
 6.80000000e+02 3.50000000e+01 4.14110225e+01
 6.81000000e+02 3.50000000e+01 4.04517714e+01
 6.82000000e+02 3.50000000e+01 4.04925203e+01
 6.83000000e+02 3.50000000e+01 4.05332692e+01
 6.84000000e+02 3.50000000e+01 4.05740181e+01
 6.85000000e+02 3.50000000e+01 4.16147670e+01
 6.86000000e+02 3.50000000e+01 4.16555159e+01
 6.87000000e+02 3.50000000e+01 4.16962648e+01
 6.88000000e+02 3.50000000e+01 4.17370137e+01
 6.89000000e+02 3.50000000e+01 4.07777626e+01
 6.90000000e+02 3.50000000e+01 3.98185115e+01
 6.91000000e+02 3.50000000e+01 3.98592604e+01
 6.92000000e+02 3.50000000e+01 3.99000093e+01
 6.93000000e+02 3.50000000e+01 3.79407582e+01
 6.94000000e+02 3.50000000e+01 3.79815071e+01
