 2.66000000e+02 6.00000000e+00 4.20027535e+01
 2.67000000e+02 6.00000000e+00 4.19663104e+01
 2.68000000e+02 6.00000000e+00 4.19298673e+01
 2.69000000e+02 6.00000000e+00 4.08934243e+01
 2.70000000e+02 6.00000000e+00 4.08569812e+01
 2.71000000e+02 6.00000000e+00 3.98205381e+01
 2.72000000e+02 6.00000000e+00 3.97840950e+01
 2.73000000e+02 6.00000000e+00 3.97476519e+01
 2.74000000e+02 6.00000000e+00 3.97112088e+01
 2.75000000e+02 6.00000000e+00 3.96747657e+01
 2.76000000e+02 6.00000000e+00 4.06383227e+01
 2.77000000e+02 6.00000000e+00 3.96018796e+01
 2.78000000e+02 6.00000000e+00 3.85654365e+01
 2.79000000e+02 6.00000000e+00 3.85289934e+01
 2.80000000e+02 6.00000000e+00 3.84925503e+01
 2.81000000e+02 6.00000000e+00 3.84561072e+01
 2.82000000e+02 6.00000000e+00 3.84196641e+01
 2.83000000e+02 6.00000000e+00 3.63832211e+01
 2.84000000e+02 6.00000000e+00 3.63467780e+01
 2.85000000e+02 6.00000000e+00 3.63103349e+01
 2.86000000e+02 6.00000000e+00 3.62738918e+01
 2.87000000e+02 6.00000000e+00 3.72374487e+01
 2.88000000e+02 6.00000000e+00 3.72010056e+01
 2.89000000e+02 6.00000000e+00 3.61645625e+01
 2.90000000e+02 6.00000000e+00 3.61281195e+01
 2.91000000e+02 6.00000000e+00 3.60916764e+01
 2.92000000e+02 6.00000000e+00 3.50552333e+01
 2.93000000e+02 6.00000000e+00 3.50187902e+01
 2.94000000e+02 6.00000000e+00 3.49823471e+01
 2.95000000e+02 6.00000000e+00 3.49459040e+01
 2.96000000e+02 6.00000000e+00 3.49094609e+01
 2.97000000e+02 6.00000000e+00 3.48730178e+01
 2.98000000e+02 6.00000000e+00 3.48365748e+01
 2.99000000e+02 6.00000000e+00 3.38001317e+01
 3.00000000e+02 6.00000000e+00 3.37636886e+01
 3.01000000e+02 6.00000000e+00 3.37272455e+01
 3.02000000e+02 6.00000000e+00 3.36908024e+01
 3.03000000e+02 6.00000000e+00 3.36543593e+01
 3.04000000e+02 6.00000000e+00 3.36179162e+01
 3.05000000e+02 6.00000000e+00 3.35814732e+01
 3.06000000e+02 6.00000000e+00 3.35450301e+01
 3.07000000e+02 6.00000000e+00 3.25085870e+01
 3.08000000e+02 6.00000000e+00 3.24721439e+01
 3.09000000e+02 6.00000000e+00 3.14357008e+01
 3.10000000e+02 6.00000000e+00 3.13992577e+01
 3.11000000e+02 6.00000000e+00 3.13628146e+01
 3.12000000e+02 6.00000000e+00 3.23263716e+01
 3.13000000e+02 6.00000000e+00 3.12899285e+01
 3.14000000e+02 6.00000000e+00 3.12534854e+01
 3.15000000e+02 6.00000000e+00 3.02170423e+01
 3.16000000e+02 6.00000000e+00 3.01805992e+01
 3.17000000e+02 6.00000000e+00 3.01441561e+01
 3.18000000e+02 6.00000000e+00 3.01077130e+01
 3.23000000e+02 6.00000000e+00 2.89254976e+01
 3.24000000e+02 6.00000000e+00 2.88890545e+01
 3.25000000e+02 6.00000000e+00 2.98526114e+01
 3.26000000e+02 6.00000000e+00 2.98161684e+01
 3.27000000e+02 6.00000000e+00 2.97797253e+01
 3.28000000e+02 6.00000000e+00 2.97432822e+01
 3.29000000e+02 6.00000000e+00 2.97068391e+01
 3.30000000e+02 6.00000000e+00 2.86703960e+01
 3.31000000e+02 6.00000000e+00 2.86339529e+01
 3.32000000e+02 6.00000000e+00 2.85975098e+01
 3.33000000e+02 6.00000000e+00 2.75610668e+01
 3.34000000e+02 6.00000000e+00 2.85246237e+01
 3.35000000e+02 6.00000000e+00 2.84881806e+01
 3.36000000e+02 6.00000000e+00 2.74517375e+01
 3.37000000e+02 6.00000000e+00 2.74152944e+01
 3.38000000e+02 6.00000000e+00 2.73788513e+01
 3.39000000e+02 6.00000000e+00 2.73424082e+01
 3.40000000e+02 6.00000000e+00 2.73059652e+01
 3.41000000e+02 6.00000000e+00 2.72695221e+01
 3.42000000e+02 6.00000000e+00 2.62330790e+01
 3.43000000e+02 6.00000000e+00 2.71966359e+01
 3.44000000e+02 6.00000000e+00 2.61601928e+01
 3.45000000e+02 6.00000000e+00 2.81237497e+01
 3.46000000e+02 6.00000000e+00 2.70873066e+01
 3.47000000e+02 6.00000000e+00 2.70508636e+01
 3.48000000e+02 6.00000000e+00 2.70144205e+01
 3.49000000e+02 6.00000000e+00 2.69779774e+01
 3.50000000e+02 6.00000000e+00 2.69415343e+01
 3.51000000e+02 6.00000000e+00 2.69050912e+01
 3.52000000e+02 6.00000000e+00 2.68686481e+01
 3.53000000e+02 6.00000000e+00 2.68322050e+01
 3.54000000e+02 6.00000000e+00 2.67957620e+01
 3.55000000e+02 6.00000000e+00 2.67593189e+01
 3.56000000e+02 6.00000000e+00 2.57228758e+01
 3.57000000e+02 6.00000000e+00 2.56864327e+01
 3.58000000e+02 6.00000000e+00 2.56499896e+01
 3.59000000e+02 6.00000000e+00 2.56135465e+01
 3.60000000e+02 6.00000000e+00 2.55771034e+01
 3.61000000e+02 6.00000000e+00 2.45406604e+01
 3.62000000e+02 6.00000000e+00 2.45042173e+01
 3.63000000e+02 6.00000000e+00 2.54677742e+01
 3.64000000e+02 6.00000000e+00 2.54313311e+01
 3.65000000e+02 6.00000000e+00 2.53948880e+01
 3.66000000e+02 6.00000000e+00 2.53584449e+01
 3.67000000e+02 6.00000000e+00 2.53220018e+01
 3.68000000e+02 6.00000000e+00 2.52855587e+01
 3.69000000e+02 6.00000000e+00 2.52491157e+01
 3.70000000e+02 6.00000000e+00 2.52126726e+01
 3.71000000e+02 6.00000000e+00 2.51762295e+01
 3.72000000e+02 6.00000000e+00 2.51397864e+01
 3.73000000e+02 6.00000000e+00 2.51033433e+01
 3.74000000e+02 6.00000000e+00 2.50669002e+01
 3.75000000e+02 6.00000000e+00 2.50304571e+01
 3.76000000e+02 6.00000000e+00 2.49940141e+01
 3.77000000e+02 6.00000000e+00 2.39575710e+01
 3.78000000e+02 6.00000000e+00 2.39211279e+01
 3.79000000e+02 6.00000000e+00 2.38846848e+01
 3.80000000e+02 6.00000000e+00 2.38482417e+01
 3.81000000e+02 6.00000000e+00 2.38117986e+01
 3.82000000e+02 6.00000000e+00 2.37753555e+01
 3.83000000e+02 6.00000000e+00 2.37389125e+01
 3.84000000e+02 6.00000000e+00 2.37024694e+01
 3.85000000e+02 6.00000000e+00 2.36660263e+01
 3.86000000e+02 6.00000000e+00 2.36295832e+01
 3.87000000e+02 6.00000000e+00 2.35931401e+01
 3.88000000e+02 6.00000000e+00 2.45566970e+01
 3.89000000e+02 6.00000000e+00 2.45202539e+01
 3.90000000e+02 6.00000000e+00 2.44838109e+01
 3.91000000e+02 6.00000000e+00 2.44473678e+01
 3.92000000e+02 6.00000000e+00 2.44109247e+01
 3.93000000e+02 6.00000000e+00 2.43744816e+01
 3.94000000e+02 6.00000000e+00 2.33380385e+01
 3.95000000e+02 6.00000000e+00 2.33015954e+01
 3.96000000e+02 6.00000000e+00 2.42651523e+01
 3.97000000e+02 6.00000000e+00 2.32287093e+01
 3.98000000e+02 6.00000000e+00 2.31922662e+01
 3.99000000e+02 6.00000000e+00 2.31558231e+01
 4.00000000e+02 6.00000000e+00 2.31193800e+01
 4.01000000e+02 6.00000000e+00 2.30829369e+01
 4.02000000e+02 6.00000000e+00 2.40464938e+01
 4.03000000e+02 6.00000000e+00 2.40100507e+01
 4.04000000e+02 6.00000000e+00 2.29736077e+01
 4.05000000e+02 6.00000000e+00 2.39371646e+01
 4.06000000e+02 6.00000000e+00 2.39007215e+01
 4.07000000e+02 6.00000000e+00 2.38642784e+01
 4.08000000e+02 6.00000000e+00 2.38278353e+01
 4.09000000e+02 6.00000000e+00 2.37913922e+01
 4.10000000e+02 6.00000000e+00 2.27549491e+01
 4.11000000e+02 6.00000000e+00 2.27185061e+01
 4.12000000e+02 6.00000000e+00 2.26820630e+01
 4.13000000e+02 6.00000000e+00 2.26456199e+01
 4.14000000e+02 6.00000000e+00 2.26091768e+01
 4.15000000e+02 6.00000000e+00 2.25727337e+01
 4.16000000e+02 6.00000000e+00 2.25362906e+01
 4.17000000e+02 6.00000000e+00 2.24998475e+01
 4.18000000e+02 6.00000000e+00 2.24634045e+01
 4.19000000e+02 6.00000000e+00 2.24269614e+01
 4.20000000e+02 6.00000000e+00 2.23905183e+01
 4.21000000e+02 6.00000000e+00 2.23540752e+01
 4.22000000e+02 6.00000000e+00 2.23176321e+01
 4.23000000e+02 6.00000000e+00 2.22811890e+01
 4.24000000e+02 6.00000000e+00 2.22447459e+01
 4.25000000e+02 6.00000000e+00 2.22083029e+01
 4.26000000e+02 6.00000000e+00 2.21718598e+01
 4.27000000e+02 6.00000000e+00 2.21354167e+01
 4.28000000e+02 6.00000000e+00 2.20989736e+01
 4.29000000e+02 6.00000000e+00 2.30625305e+01
 4.30000000e+02 6.00000000e+00 2.30260874e+01
 4.31000000e+02 6.00000000e+00 2.19896443e+01
 4.32000000e+02 6.00000000e+00 2.19532012e+01
 4.33000000e+02 6.00000000e+00 2.19167582e+01
 4.34000000e+02 6.00000000e+00 2.28803151e+01
 4.35000000e+02 6.00000000e+00 2.28438720e+01
 4.36000000e+02 6.00000000e+00 2.28074289e+01
 4.37000000e+02 6.00000000e+00 2.27709858e+01
 4.38000000e+02 6.00000000e+00 2.27345427e+01
 4.39000000e+02 6.00000000e+00 2.26980996e+01
 4.40000000e+02 6.00000000e+00 2.26616566e+01
 4.41000000e+02 6.00000000e+00 2.26252135e+01
 4.42000000e+02 6.00000000e+00 2.25887704e+01
 4.43000000e+02 6.00000000e+00 2.25523273e+01
 4.44000000e+02 6.00000000e+00 2.25158842e+01
 4.45000000e+02 6.00000000e+00 2.24794411e+01
 4.46000000e+02 6.00000000e+00 2.24429980e+01
 4.47000000e+02 6.00000000e+00 2.24065550e+01
 4.48000000e+02 6.00000000e+00 2.23701119e+01
 4.49000000e+02 6.00000000e+00 2.23336688e+01
 4.50000000e+02 6.00000000e+00 2.22972257e+01
 4.51000000e+02 6.00000000e+00 2.22607826e+01
 4.52000000e+02 6.00000000e+00 2.22243395e+01
 4.53000000e+02 6.00000000e+00 2.21878964e+01
 4.54000000e+02 6.00000000e+00 2.21514534e+01
 4.55000000e+02 6.00000000e+00 2.21150103e+01
 4.56000000e+02 6.00000000e+00 2.20785672e+01
 4.57000000e+02 6.00000000e+00 2.20421241e+01
 4.58000000e+02 6.00000000e+00 2.20056810e+01
 4.59000000e+02 6.00000000e+00 2.19692379e+01
 4.60000000e+02 6.00000000e+00 2.19327948e+01
 4.61000000e+02 6.00000000e+00 2.18963518e+01
 4.62000000e+02 6.00000000e+00 2.28599087e+01
 4.63000000e+02 6.00000000e+00 2.18234656e+01
 4.64000000e+02 6.00000000e+00 2.27870225e+01
 4.65000000e+02 6.00000000e+00 2.27505794e+01
 4.66000000e+02 6.00000000e+00 2.27141363e+01
 4.67000000e+02 6.00000000e+00 2.26776932e+01
 4.68000000e+02 6.00000000e+00 2.26412502e+01
 4.69000000e+02 6.00000000e+00 2.26048071e+01
 4.70000000e+02 6.00000000e+00 2.25683640e+01
 4.71000000e+02 6.00000000e+00 2.25319209e+01
 4.72000000e+02 6.00000000e+00 2.24954778e+01
 4.73000000e+02 6.00000000e+00 2.24590347e+01
 4.74000000e+02 6.00000000e+00 2.24225916e+01
 4.75000000e+02 6.00000000e+00 2.23861486e+01
 4.76000000e+02 6.00000000e+00 2.23497055e+01
 4.77000000e+02 6.00000000e+00 2.33132624e+01
 4.78000000e+02 6.00000000e+00 2.32768193e+01
 4.79000000e+02 6.00000000e+00 2.32403762e+01
 4.80000000e+02 6.00000000e+00 2.32039331e+01
 4.81000000e+02 6.00000000e+00 2.31674900e+01
 4.82000000e+02 6.00000000e+00 2.31310470e+01
 4.83000000e+02 6.00000000e+00 2.30946039e+01
 4.84000000e+02 6.00000000e+00 2.30581608e+01
 4.85000000e+02 6.00000000e+00 2.30217177e+01
 4.86000000e+02 6.00000000e+00 2.29852746e+01
 4.87000000e+02 6.00000000e+00 2.39488315e+01
 4.88000000e+02 6.00000000e+00 2.39123884e+01
 4.89000000e+02 6.00000000e+00 2.38759454e+01
 4.90000000e+02 6.00000000e+00 2.38395023e+01
 4.91000000e+02 6.00000000e+00 2.38030592e+01
 4.92000000e+02 6.00000000e+00 2.37666161e+01
 4.93000000e+02 6.00000000e+00 2.37301730e+01
 4.94000000e+02 6.00000000e+00 2.36937299e+01
 4.95000000e+02 6.00000000e+00 2.46572868e+01
 4.96000000e+02 6.00000000e+00 2.46208438e+01
 4.97000000e+02 6.00000000e+00 2.45844007e+01
 4.98000000e+02 6.00000000e+00 2.45479576e+01
 4.99000000e+02 6.00000000e+00 2.45115145e+01
 5.00000000e+02 6.00000000e+00 2.44750714e+01
 5.01000000e+02 6.00000000e+00 2.44386283e+01
 5.02000000e+02 6.00000000e+00 2.44021852e+01
 5.03000000e+02 6.00000000e+00 2.43657421e+01
 5.04000000e+02 6.00000000e+00 2.43292991e+01
 5.05000000e+02 6.00000000e+00 2.42928560e+01
 5.06000000e+02 6.00000000e+00 2.42564129e+01
 5.07000000e+02 6.00000000e+00 2.42199698e+01
 5.08000000e+02 6.00000000e+00 2.51835267e+01
 5.09000000e+02 6.00000000e+00 2.51470836e+01
 5.10000000e+02 6.00000000e+00 2.51106405e+01
 5.11000000e+02 6.00000000e+00 2.50741975e+01
 5.12000000e+02 6.00000000e+00 2.50377544e+01
 5.13000000e+02 6.00000000e+00 2.50013113e+01
 5.14000000e+02 6.00000000e+00 2.49648682e+01
 5.15000000e+02 6.00000000e+00 2.49284251e+01
 5.16000000e+02 6.00000000e+00 2.58919820e+01
 5.17000000e+02 6.00000000e+00 2.58555389e+01
 5.18000000e+02 6.00000000e+00 2.58190959e+01
 5.19000000e+02 6.00000000e+00 2.57826528e+01
 5.20000000e+02 6.00000000e+00 2.57462097e+01
 5.21000000e+02 6.00000000e+00 2.67097666e+01
 5.22000000e+02 6.00000000e+00 2.66733235e+01
 5.23000000e+02 6.00000000e+00 2.66368804e+01
 5.24000000e+02 6.00000000e+00 2.66004373e+01
 5.25000000e+02 6.00000000e+00 2.65639943e+01
 5.26000000e+02 6.00000000e+00 2.65275512e+01
 5.27000000e+02 6.00000000e+00 2.64911081e+01
 5.28000000e+02 6.00000000e+00 2.74546650e+01
 5.29000000e+02 6.00000000e+00 2.74182219e+01
 5.30000000e+02 6.00000000e+00 2.73817788e+01
 5.31000000e+02 6.00000000e+00 2.73453357e+01
 5.32000000e+02 6.00000000e+00 2.73088927e+01
 5.33000000e+02 6.00000000e+00 2.82724496e+01
 5.34000000e+02 6.00000000e+00 2.82360065e+01
 5.35000000e+02 6.00000000e+00 2.81995634e+01
 5.36000000e+02 6.00000000e+00 2.91631203e+01
 5.37000000e+02 6.00000000e+00 2.91266772e+01
 5.38000000e+02 6.00000000e+00 2.90902341e+01
 5.39000000e+02 6.00000000e+00 2.90537911e+01
 5.40000000e+02 6.00000000e+00 3.00173480e+01
 5.41000000e+02 6.00000000e+00 2.99809049e+01
 5.42000000e+02 6.00000000e+00 2.99444618e+01
 5.43000000e+02 6.00000000e+00 2.99080187e+01
 5.44000000e+02 6.00000000e+00 2.98715756e+01
 5.45000000e+02 6.00000000e+00 3.08351325e+01
 5.46000000e+02 6.00000000e+00 3.07986895e+01
 5.47000000e+02 6.00000000e+00 3.17622464e+01
 5.48000000e+02 6.00000000e+00 3.17258033e+01
 5.49000000e+02 6.00000000e+00 3.26893602e+01
 5.50000000e+02 6.00000000e+00 3.26529171e+01
 5.51000000e+02 6.00000000e+00 3.26164740e+01
 5.52000000e+02 6.00000000e+00 3.25800309e+01
 5.53000000e+02 6.00000000e+00 3.25435879e+01
 5.54000000e+02 6.00000000e+00 3.25071448e+01
 5.55000000e+02 6.00000000e+00 3.24707017e+01
 5.56000000e+02 6.00000000e+00 3.24342586e+01
 5.57000000e+02 6.00000000e+00 3.33978155e+01
 5.58000000e+02 6.00000000e+00 3.33613724e+01
 5.59000000e+02 6.00000000e+00 3.43249293e+01
 5.60000000e+02 6.00000000e+00 3.42884863e+01
 5.61000000e+02 6.00000000e+00 3.42520432e+01
 5.62000000e+02 6.00000000e+00 3.42156001e+01
 5.63000000e+02 6.00000000e+00 3.41791570e+01
 5.64000000e+02 6.00000000e+00 3.41427139e+01
 5.65000000e+02 6.00000000e+00 3.51062708e+01
 5.66000000e+02 6.00000000e+00 3.50698277e+01
 5.67000000e+02 6.00000000e+00 3.50333846e+01
 5.68000000e+02 6.00000000e+00 3.49969416e+01
 5.69000000e+02 6.00000000e+00 3.49604985e+01
 5.70000000e+02 6.00000000e+00 3.49240554e+01
 5.71000000e+02 6.00000000e+00 3.48876123e+01
 5.72000000e+02 6.00000000e+00 3.48511692e+01
 5.73000000e+02 6.00000000e+00 3.48147261e+01
 5.74000000e+02 6.00000000e+00 3.47782830e+01
 5.75000000e+02 6.00000000e+00 3.47418400e+01
 5.76000000e+02 6.00000000e+00 3.57053969e+01
 5.77000000e+02 6.00000000e+00 3.46689538e+01
 5.78000000e+02 6.00000000e+00 3.46325107e+01
 5.79000000e+02 6.00000000e+00 3.45960676e+01
 5.80000000e+02 6.00000000e+00 3.45596245e+01
 5.81000000e+02 6.00000000e+00 3.55231814e+01
 5.82000000e+02 6.00000000e+00 3.54867384e+01
 5.83000000e+02 6.00000000e+00 3.54502953e+01
 5.84000000e+02 6.00000000e+00 3.54138522e+01
 5.85000000e+02 6.00000000e+00 3.53774091e+01
 5.86000000e+02 6.00000000e+00 3.53409660e+01
 5.87000000e+02 6.00000000e+00 3.53045229e+01
 5.88000000e+02 6.00000000e+00 3.52680798e+01
 5.89000000e+02 6.00000000e+00 3.52316368e+01
 5.90000000e+02 6.00000000e+00 3.61951937e+01
 5.91000000e+02 6.00000000e+00 3.51587506e+01
 5.92000000e+02 6.00000000e+00 3.51223075e+01
 5.93000000e+02 6.00000000e+00 3.60858644e+01
 5.94000000e+02 6.00000000e+00 3.60494213e+01
 5.95000000e+02 6.00000000e+00 3.60129782e+01
 5.96000000e+02 6.00000000e+00 3.59765352e+01
 5.97000000e+02 6.00000000e+00 3.49400921e+01
 5.98000000e+02 6.00000000e+00 3.49036490e+01
 5.99000000e+02 6.00000000e+00 3.48672059e+01
 6.00000000e+02 6.00000000e+00 3.48307628e+01
 6.01000000e+02 6.00000000e+00 3.47943197e+01
 6.02000000e+02 6.00000000e+00 3.57578766e+01
 6.03000000e+02 6.00000000e+00 3.57214336e+01
 6.04000000e+02 6.00000000e+00 3.46849905e+01
 6.05000000e+02 6.00000000e+00 3.56485474e+01
 6.06000000e+02 6.00000000e+00 3.56121043e+01
 6.07000000e+02 6.00000000e+00 3.55756612e+01
 6.08000000e+02 6.00000000e+00 3.55392181e+01
 6.09000000e+02 6.00000000e+00 3.55027750e+01
 6.10000000e+02 6.00000000e+00 3.54663320e+01
 6.11000000e+02 6.00000000e+00 3.64298889e+01
 6.12000000e+02 6.00000000e+00 3.53934458e+01
 6.13000000e+02 6.00000000e+00 3.53570027e+01
 6.14000000e+02 6.00000000e+00 3.53205596e+01
 6.15000000e+02 6.00000000e+00 3.52841165e+01
 6.16000000e+02 6.00000000e+00 3.52476734e+01
 6.17000000e+02 6.00000000e+00 3.52112304e+01
 6.18000000e+02 6.00000000e+00 3.51747873e+01
 6.19000000e+02 6.00000000e+00 3.51383442e+01
 6.20000000e+02 6.00000000e+00 3.51019011e+01
 6.21000000e+02 6.00000000e+00 3.50654580e+01
 6.22000000e+02 6.00000000e+00 3.50290149e+01
 6.23000000e+02 6.00000000e+00 3.49925718e+01
 6.24000000e+02 6.00000000e+00 3.49561288e+01
 6.25000000e+02 6.00000000e+00 3.49196857e+01
 6.26000000e+02 6.00000000e+00 3.48832426e+01
 6.27000000e+02 6.00000000e+00 3.48467995e+01
 6.28000000e+02 6.00000000e+00 3.48103564e+01
 6.29000000e+02 6.00000000e+00 3.47739133e+01
 6.30000000e+02 6.00000000e+00 3.47374702e+01
 6.31000000e+02 6.00000000e+00 3.57010272e+01
 6.32000000e+02 6.00000000e+00 3.56645841e+01
 6.33000000e+02 6.00000000e+00 3.56281410e+01
 6.34000000e+02 6.00000000e+00 3.55916979e+01
 6.35000000e+02 6.00000000e+00 3.55552548e+01
 6.36000000e+02 6.00000000e+00 3.55188117e+01
 6.37000000e+02 6.00000000e+00 3.54823686e+01
 6.38000000e+02 6.00000000e+00 3.54459255e+01
 6.39000000e+02 6.00000000e+00 3.54094825e+01
 6.40000000e+02 6.00000000e+00 3.53730394e+01
 6.41000000e+02 6.00000000e+00 3.53365963e+01
 6.42000000e+02 6.00000000e+00 3.53001532e+01
 6.43000000e+02 6.00000000e+00 3.52637101e+01
 6.44000000e+02 6.00000000e+00 3.52272670e+01
 6.45000000e+02 6.00000000e+00 3.51908239e+01
 6.46000000e+02 6.00000000e+00 3.51543809e+01
 6.47000000e+02 6.00000000e+00 3.51179378e+01
 6.48000000e+02 6.00000000e+00 3.50814947e+01
 6.49000000e+02 6.00000000e+00 3.50450516e+01
 6.50000000e+02 6.00000000e+00 3.50086085e+01
 6.51000000e+02 6.00000000e+00 3.49721654e+01
 6.52000000e+02 6.00000000e+00 3.49357223e+01
 6.53000000e+02 6.00000000e+00 3.48992793e+01
 6.54000000e+02 6.00000000e+00 3.48628362e+01
 6.55000000e+02 6.00000000e+00 3.48263931e+01
 6.56000000e+02 6.00000000e+00 3.57899500e+01
 6.57000000e+02 6.00000000e+00 3.47535069e+01
 6.58000000e+02 6.00000000e+00 3.47170638e+01
 6.59000000e+02 6.00000000e+00 3.46806207e+01
 6.60000000e+02 6.00000000e+00 3.46441777e+01
 6.61000000e+02 6.00000000e+00 3.46077346e+01
 6.62000000e+02 6.00000000e+00 3.45712915e+01
 6.63000000e+02 6.00000000e+00 3.45348484e+01
 6.64000000e+02 6.00000000e+00 3.54984053e+01
 6.65000000e+02 6.00000000e+00 3.54619622e+01
 6.66000000e+02 6.00000000e+00 3.54255191e+01
 6.67000000e+02 6.00000000e+00 3.53890761e+01
 6.68000000e+02 6.00000000e+00 3.53526330e+01
 6.69000000e+02 6.00000000e+00 3.43161899e+01
 6.70000000e+02 6.00000000e+00 3.42797468e+01
 6.71000000e+02 6.00000000e+00 3.42433037e+01
 6.72000000e+02 6.00000000e+00 3.42068606e+01
 6.73000000e+02 6.00000000e+00 3.41704175e+01
 6.74000000e+02 6.00000000e+00 3.41339745e+01
 6.75000000e+02 6.00000000e+00 3.40975314e+01
 6.76000000e+02 6.00000000e+00 3.40610883e+01
 6.77000000e+02 6.00000000e+00 3.40246452e+01
 6.78000000e+02 6.00000000e+00 3.39882021e+01
 6.79000000e+02 6.00000000e+00 3.39517590e+01
 6.80000000e+02 6.00000000e+00 3.39153159e+01
 6.81000000e+02 6.00000000e+00 3.38788729e+01
 6.82000000e+02 6.00000000e+00 3.28424298e+01
 6.83000000e+02 6.00000000e+00 3.28059867e+01
 6.84000000e+02 6.00000000e+00 3.27695436e+01
 6.85000000e+02 6.00000000e+00 3.27331005e+01
 6.86000000e+02 6.00000000e+00 3.26966574e+01
 6.87000000e+02 6.00000000e+00 3.26602143e+01
 6.88000000e+02 6.00000000e+00 3.26237713e+01
 6.89000000e+02 6.00000000e+00 3.25873282e+01
 6.90000000e+02 6.00000000e+00 3.25508851e+01
 6.91000000e+02 6.00000000e+00 3.25144420e+01
 6.92000000e+02 6.00000000e+00 3.24779989e+01
 6.93000000e+02 6.00000000e+00 3.24415558e+01
 6.94000000e+02 6.00000000e+00 3.24051127e+01
 6.95000000e+02 6.00000000e+00 3.23686697e+01
 6.96000000e+02 6.00000000e+00 3.23322266e+01
 6.97000000e+02 6.00000000e+00 3.22957835e+01
 6.98000000e+02 6.00000000e+00 3.22593404e+01
 6.99000000e+02 6.00000000e+00 3.22228973e+01
 7.00000000e+02 6.00000000e+00 3.21864542e+01
 7.01000000e+02 6.00000000e+00 3.21500111e+01
 7.02000000e+02 6.00000000e+00 3.21135680e+01
 7.03000000e+02 6.00000000e+00 3.20771250e+01
 7.04000000e+02 6.00000000e+00 3.20406819e+01
 7.05000000e+02 6.00000000e+00 3.20042388e+01
 7.06000000e+02 6.00000000e+00 3.19677957e+01
 7.07000000e+02 6.00000000e+00 3.19313526e+01
 7.08000000e+02 6.00000000e+00 3.18949095e+01
 7.09000000e+02 6.00000000e+00 3.18584664e+01
 7.10000000e+02 6.00000000e+00 3.18220234e+01
 7.11000000e+02 6.00000000e+00 3.17855803e+01
 7.12000000e+02 6.00000000e+00 3.17491372e+01
 7.13000000e+02 6.00000000e+00 3.17126941e+01
 7.14000000e+02 6.00000000e+00 3.16762510e+01
 7.15000000e+02 6.00000000e+00 3.16398079e+01
 7.16000000e+02 6.00000000e+00 3.16033648e+01
 7.17000000e+02 6.00000000e+00 3.15669218e+01
 7.18000000e+02 6.00000000e+00 3.15304787e+01
 7.19000000e+02 6.00000000e+00 3.14940356e+01
 7.20000000e+02 6.00000000e+00 3.14575925e+01
 7.21000000e+02 6.00000000e+00 3.14211494e+01
 7.22000000e+02 6.00000000e+00 3.13847063e+01
 7.23000000e+02 6.00000000e+00 3.13482632e+01
 7.24000000e+02 6.00000000e+00 3.13118202e+01
 7.25000000e+02 6.00000000e+00 3.12753771e+01
 7.26000000e+02 6.00000000e+00 3.12389340e+01
 7.27000000e+02 6.00000000e+00 3.12024909e+01
 7.28000000e+02 6.00000000e+00 3.11660478e+01
 7.29000000e+02 6.00000000e+00 3.11296047e+01
 7.30000000e+02 6.00000000e+00 3.10931616e+01
 7.31000000e+02 6.00000000e+00 3.10567186e+01
 7.32000000e+02 6.00000000e+00 3.10202755e+01
 7.33000000e+02 6.00000000e+00 3.09838324e+01
 7.34000000e+02 6.00000000e+00 3.09473893e+01
 7.35000000e+02 6.00000000e+00 2.99109462e+01
 7.36000000e+02 6.00000000e+00 3.08745031e+01
 7.37000000e+02 6.00000000e+00 2.98380600e+01
 7.38000000e+02 6.00000000e+00 2.98016170e+01
 7.39000000e+02 6.00000000e+00 2.97651739e+01
 7.40000000e+02 6.00000000e+00 2.97287308e+01
 7.41000000e+02 6.00000000e+00 2.96922877e+01
 7.42000000e+02 6.00000000e+00 2.96558446e+01
 7.43000000e+02 6.00000000e+00 2.96194015e+01
 7.44000000e+02 6.00000000e+00 2.95829584e+01
 7.45000000e+02 6.00000000e+00 2.95465154e+01
 7.46000000e+02 6.00000000e+00 2.95100723e+01
 7.47000000e+02 6.00000000e+00 2.94736292e+01
 7.48000000e+02 6.00000000e+00 2.94371861e+01
 7.49000000e+02 6.00000000e+00 2.94007430e+01
 7.50000000e+02 6.00000000e+00 2.93642999e+01
 7.51000000e+02 6.00000000e+00 2.93278568e+01
 7.52000000e+02 6.00000000e+00 2.92914138e+01
 7.53000000e+02 6.00000000e+00 2.92549707e+01
 7.54000000e+02 6.00000000e+00 2.92185276e+01
 7.55000000e+02 6.00000000e+00 3.01820845e+01
 7.56000000e+02 6.00000000e+00 3.01456414e+01
 7.57000000e+02 6.00000000e+00 3.01091983e+01
 7.58000000e+02 6.00000000e+00 3.00727552e+01
 7.59000000e+02 6.00000000e+00 3.00363122e+01
 7.60000000e+02 6.00000000e+00 2.99998691e+01
 7.61000000e+02 6.00000000e+00 2.99634260e+01
 7.62000000e+02 6.00000000e+00 2.99269829e+01
 7.63000000e+02 6.00000000e+00 2.98905398e+01
 7.64000000e+02 6.00000000e+00 2.88540967e+01
