 1.00000000e+00 3.70000000e+01 3.40551697e+01
 2.00000000e+00 3.70000000e+01 3.40942245e+01
 3.00000000e+00 3.70000000e+01 3.41332794e+01
 4.00000000e+00 3.70000000e+01 3.41723343e+01
 5.00000000e+00 3.70000000e+01 3.42113891e+01
 6.00000000e+00 3.70000000e+01 3.52504440e+01
 7.00000000e+00 3.70000000e+01 3.52894988e+01
 8.00000000e+00 3.70000000e+01 3.53285537e+01
 9.00000000e+00 3.70000000e+01 3.53676086e+01
 1.00000000e+01 3.70000000e+01 3.54066634e+01
 1.10000000e+01 3.70000000e+01 3.44457183e+01
 1.20000000e+01 3.70000000e+01 3.34847731e+01
 1.30000000e+01 3.70000000e+01 3.05238280e+01
 1.40000000e+01 3.70000000e+01 2.85628828e+01
 1.50000000e+01 3.70000000e+01 3.06019377e+01
 1.60000000e+01 3.70000000e+01 2.86409926e+01
 2.10000000e+01 3.70000000e+01 3.08362668e+01
 2.20000000e+01 3.70000000e+01 2.98753217e+01
 2.30000000e+01 3.70000000e+01 2.99143766e+01
 2.40000000e+01 3.70000000e+01 2.79534314e+01
 2.50000000e+01 3.70000000e+01 2.69924863e+01
 2.60000000e+01 3.70000000e+01 2.80315411e+01
 2.70000000e+01 3.70000000e+01 2.70705960e+01
 2.80000000e+01 3.70000000e+01 2.71096509e+01
 2.90000000e+01 3.70000000e+01 2.71487057e+01
 3.00000000e+01 3.70000000e+01 2.71877606e+01
 3.10000000e+01 3.70000000e+01 2.72268154e+01
 3.20000000e+01 3.70000000e+01 2.62658703e+01
 3.30000000e+01 3.70000000e+01 2.43049251e+01
 3.40000000e+01 3.70000000e+01 2.43439800e+01
 3.50000000e+01 3.70000000e+01 2.33830349e+01
 3.60000000e+01 3.70000000e+01 2.54220897e+01
 3.70000000e+01 3.70000000e+01 2.44611446e+01
 3.80000000e+01 3.70000000e+01 2.25001994e+01
 3.90000000e+01 3.70000000e+01 1.95392543e+01
 4.00000000e+01 3.70000000e+01 1.85783091e+01
 4.10000000e+01 3.70000000e+01 1.86173640e+01
 4.20000000e+01 3.70000000e+01 1.86564189e+01
 4.30000000e+01 3.70000000e+01 1.76954737e+01
 4.40000000e+01 3.70000000e+01 1.67345286e+01
 4.50000000e+01 3.70000000e+01 1.77735834e+01
 4.60000000e+01 3.70000000e+01 1.88126383e+01
 4.70000000e+01 3.70000000e+01 1.88516932e+01
 4.80000000e+01 3.70000000e+01 1.88907480e+01
 4.90000000e+01 3.70000000e+01 1.89298029e+01
 5.00000000e+01 3.70000000e+01 1.89688577e+01
 5.10000000e+01 3.70000000e+01 2.00079126e+01
 5.20000000e+01 3.70000000e+01 2.00469674e+01
 5.30000000e+01 3.70000000e+01 2.00860223e+01
 5.40000000e+01 3.70000000e+01 2.11250772e+01
 5.50000000e+01 3.70000000e+01 2.11641320e+01
 5.60000000e+01 3.70000000e+01 2.22031869e+01
 5.70000000e+01 3.70000000e+01 2.22422417e+01
 5.80000000e+01 3.70000000e+01 2.22812966e+01
 5.90000000e+01 3.70000000e+01 2.33203514e+01
 6.00000000e+01 3.70000000e+01 2.33594063e+01
 6.10000000e+01 3.70000000e+01 2.43984612e+01
 6.20000000e+01 3.70000000e+01 2.34375160e+01
 6.30000000e+01 3.70000000e+01 2.34765709e+01
 6.40000000e+01 3.70000000e+01 2.35156257e+01
 6.50000000e+01 3.70000000e+01 2.35546806e+01
 6.60000000e+01 3.70000000e+01 2.25937355e+01
 6.70000000e+01 3.70000000e+01 2.36327903e+01
 6.80000000e+01 3.70000000e+01 1.36718452e+01
 6.90000000e+01 3.70000000e+01 1.37109000e+01
 7.00000000e+01 3.70000000e+01 1.37499549e+01
 7.10000000e+01 3.70000000e+01 1.37890097e+01
 7.20000000e+01 3.70000000e+01 1.28280646e+01
 7.30000000e+01 3.70000000e+01 1.08671195e+01
 7.40000000e+01 3.70000000e+01 1.09061743e+01
 7.50000000e+01 3.70000000e+01 1.09452292e+01
 7.60000000e+01 3.70000000e+01 1.09842840e+01
 7.70000000e+01 3.70000000e+01 1.10233389e+01
 7.80000000e+01 3.70000000e+01 1.30623937e+01
 7.90000000e+01 3.70000000e+01 1.31014486e+01
 8.00000000e+01 3.70000000e+01 1.41405035e+01
 8.10000000e+01 3.70000000e+01 1.31795583e+01
 8.70000000e+01 3.70000000e+01 1.84138875e+01
 8.80000000e+01 3.70000000e+01 1.84529423e+01
 8.90000000e+01 3.70000000e+01 1.74919972e+01
 9.00000000e+01 3.70000000e+01 1.75310520e+01
 9.10000000e+01 3.70000000e+01 1.75701069e+01
 9.20000000e+01 3.70000000e+01 1.46091618e+01
 9.30000000e+01 3.70000000e+01 1.06482166e+01
 9.40000000e+01 3.70000000e+01 1.06872715e+01
 9.50000000e+01 3.70000000e+01 1.17263263e+01
 9.60000000e+01 3.70000000e+01 1.27653812e+01
 9.70000000e+01 3.70000000e+01 1.58044361e+01
 9.80000000e+01 3.70000000e+01 1.58434909e+01
 9.90000000e+01 3.70000000e+01 1.68825458e+01
 1.00000000e+02 3.70000000e+01 1.99216006e+01
 1.01000000e+02 3.70000000e+01 2.19606555e+01
 1.02000000e+02 3.70000000e+01 2.29997103e+01
 1.03000000e+02 3.70000000e+01 2.30387652e+01
 1.04000000e+02 3.70000000e+01 2.40778201e+01
 1.05000000e+02 3.70000000e+01 2.41168749e+01
 1.06000000e+02 3.70000000e+01 2.31559298e+01
 1.07000000e+02 3.70000000e+01 1.91949846e+01
 1.08000000e+02 3.70000000e+01 1.32340395e+01
 1.09000000e+02 3.70000000e+01 1.22730943e+01
 1.10000000e+02 3.70000000e+01 1.23121492e+01
 1.11000000e+02 3.70000000e+01 1.23512041e+01
 1.12000000e+02 3.70000000e+01 1.23902589e+01
 1.13000000e+02 3.70000000e+01 1.14293138e+01
 1.14000000e+02 3.70000000e+01 1.04683686e+01
 1.15000000e+02 3.70000000e+01 1.05074235e+01
 1.16000000e+02 3.70000000e+01 1.05464784e+01
 1.17000000e+02 3.70000000e+01 9.58553321e+00
 1.18000000e+02 3.70000000e+01 8.62458807e+00
 1.19000000e+02 3.70000000e+01 8.66364293e+00
 1.20000000e+02 3.70000000e+01 9.70269778e+00
 1.21000000e+02 3.70000000e+01 9.74175264e+00
 1.22000000e+02 3.70000000e+01 1.07808075e+01
 1.23000000e+02 3.70000000e+01 9.81986236e+00
 1.24000000e+02 3.70000000e+01 9.85891722e+00
 1.25000000e+02 3.70000000e+01 9.89797207e+00
 1.26000000e+02 3.70000000e+01 9.93702693e+00
 1.27000000e+02 3.70000000e+01 1.19760818e+01
 1.28000000e+02 3.70000000e+01 1.10151366e+01
 1.29000000e+02 3.70000000e+01 1.20541915e+01
 1.30000000e+02 3.70000000e+01 1.20932464e+01
 1.31000000e+02 3.70000000e+01 1.31323012e+01
 1.32000000e+02 3.70000000e+01 1.21713561e+01
 1.33000000e+02 3.70000000e+01 1.22104109e+01
 1.34000000e+02 3.70000000e+01 1.22494658e+01
 1.35000000e+02 3.70000000e+01 1.12885207e+01
 1.36000000e+02 3.70000000e+01 1.03275755e+01
 1.37000000e+02 3.70000000e+01 9.36663037e+00
 1.38000000e+02 3.70000000e+01 9.40568523e+00
 1.39000000e+02 3.70000000e+01 5.44474008e+00
 1.40000000e+02 3.70000000e+01 6.48379494e+00
 1.41000000e+02 3.70000000e+01 7.52284980e+00
 1.42000000e+02 3.70000000e+01 7.56190466e+00
 1.43000000e+02 3.70000000e+01 8.60095952e+00
 1.44000000e+02 3.70000000e+01 7.64001437e+00
 1.45000000e+02 3.70000000e+01 7.67906923e+00
 1.46000000e+02 3.70000000e+01 8.71812409e+00
 1.47000000e+02 3.70000000e+01 7.75717895e+00
 1.48000000e+02 3.70000000e+01 6.79623381e+00
 1.49000000e+02 3.70000000e+01 6.83528866e+00
 1.50000000e+02 3.70000000e+01 5.87434352e+00
 1.51000000e+02 3.70000000e+01 5.91339838e+00
 1.52000000e+02 3.70000000e+01 5.95245324e+00
 1.53000000e+02 3.70000000e+01 6.99150810e+00
 1.54000000e+02 3.70000000e+01 7.03056295e+00
 1.55000000e+02 3.70000000e+01 7.06961781e+00
 1.56000000e+02 3.70000000e+01 7.10867267e+00
 1.57000000e+02 3.70000000e+01 7.14772753e+00
 1.58000000e+02 3.70000000e+01 7.18678239e+00
 1.59000000e+02 3.70000000e+01 7.22583724e+00
 1.60000000e+02 3.70000000e+01 6.26489210e+00
 1.61000000e+02 3.70000000e+01 6.30394696e+00
 1.62000000e+02 3.70000000e+01 5.34300182e+00
 1.63000000e+02 3.70000000e+01 5.38205668e+00
 1.64000000e+02 3.70000000e+01 6.42111153e+00
 1.65000000e+02 3.70000000e+01 6.46016639e+00
 1.66000000e+02 3.70000000e+01 6.49922125e+00
 1.67000000e+02 3.70000000e+01 6.53827611e+00
 1.68000000e+02 3.70000000e+01 6.57733096e+00
 1.69000000e+02 3.70000000e+01 6.61638582e+00
 1.70000000e+02 3.70000000e+01 5.65544068e+00
 1.71000000e+02 3.70000000e+01 5.69449554e+00
 1.72000000e+02 3.70000000e+01 4.73355040e+00
 1.73000000e+02 3.70000000e+01 4.77260525e+00
 1.74000000e+02 3.70000000e+01 4.81166011e+00
 1.75000000e+02 3.70000000e+01 5.85071497e+00
 1.76000000e+02 3.70000000e+01 5.88976983e+00
 1.77000000e+02 3.70000000e+01 4.92882469e+00
 1.78000000e+02 3.70000000e+01 4.96787954e+00
 1.79000000e+02 3.70000000e+01 5.00693440e+00
 1.80000000e+02 3.70000000e+01 5.04598926e+00
 1.81000000e+02 3.70000000e+01 5.08504412e+00
 1.82000000e+02 3.70000000e+01 2.12409898e+00
 1.83000000e+02 3.70000000e+01 3.16315383e+00
 1.84000000e+02 3.70000000e+01 2.20220869e+00
 1.85000000e+02 3.70000000e+01 2.24126355e+00
 1.86000000e+02 3.70000000e+01 2.28031841e+00
 1.87000000e+02 3.70000000e+01 2.31937327e+00
 1.88000000e+02 3.70000000e+01 2.35842812e+00
 1.89000000e+02 3.70000000e+01 1.39748298e+00
 1.90000000e+02 3.70000000e+01 1.43653784e+00
 1.91000000e+02 3.70000000e+01 1.47559270e+00
 1.92000000e+02 3.70000000e+01 1.51464756e+00
 1.93000000e+02 3.70000000e+01 4.55370241e+00
 1.94000000e+02 3.70000000e+01 4.59275727e+00
 1.95000000e+02 3.70000000e+01 4.63181213e+00
 1.96000000e+02 3.70000000e+01 4.67086699e+00
 1.97000000e+02 3.70000000e+01 5.70992185e+00
 1.98000000e+02 3.70000000e+01 6.74897670e+00
 1.99000000e+02 3.70000000e+01 6.78803156e+00
 2.00000000e+02 3.70000000e+01 7.82708642e+00
 2.01000000e+02 3.70000000e+01 7.86614128e+00
 2.02000000e+02 3.70000000e+01 1.79051961e+01
 2.03000000e+02 3.70000000e+01 1.89442510e+01
 2.04000000e+02 3.70000000e+01 1.99833059e+01
 2.05000000e+02 3.70000000e+01 2.00223607e+01
 2.06000000e+02 3.70000000e+01 2.00614156e+01
 2.07000000e+02 3.70000000e+01 2.21004704e+01
 2.08000000e+02 3.70000000e+01 2.21395253e+01
 2.09000000e+02 3.70000000e+01 2.11785801e+01
 2.10000000e+02 3.70000000e+01 2.02176350e+01
 2.11000000e+02 3.70000000e+01 2.02566899e+01
 2.12000000e+02 3.70000000e+01 2.02957447e+01
 2.13000000e+02 3.70000000e+01 2.13347996e+01
 2.14000000e+02 3.70000000e+01 2.13738544e+01
 2.15000000e+02 3.70000000e+01 2.14129093e+01
 2.16000000e+02 3.70000000e+01 2.14519641e+01
 2.17000000e+02 3.70000000e+01 2.14910190e+01
 2.18000000e+02 3.70000000e+01 2.15300739e+01
 2.19000000e+02 3.70000000e+01 2.25691287e+01
 2.20000000e+02 3.70000000e+01 2.26081836e+01
 2.21000000e+02 3.70000000e+01 2.26472384e+01
 2.22000000e+02 3.70000000e+01 2.26862933e+01
 2.23000000e+02 3.70000000e+01 2.17253482e+01
 2.24000000e+02 3.70000000e+01 2.07644030e+01
 2.25000000e+02 3.70000000e+01 2.08034579e+01
 2.26000000e+02 3.70000000e+01 2.08425127e+01
 2.27000000e+02 3.70000000e+01 2.08815676e+01
 2.28000000e+02 3.70000000e+01 2.09206224e+01
 2.29000000e+02 3.70000000e+01 2.09596773e+01
 2.30000000e+02 3.70000000e+01 2.19987322e+01
 2.31000000e+02 3.70000000e+01 2.20377870e+01
 2.32000000e+02 3.70000000e+01 2.20768419e+01
 2.33000000e+02 3.70000000e+01 2.31158967e+01
 2.34000000e+02 3.70000000e+01 2.31549516e+01
 2.35000000e+02 3.70000000e+01 2.31940064e+01
 2.36000000e+02 3.70000000e+01 2.42330613e+01
 2.37000000e+02 3.70000000e+01 2.42721162e+01
 2.38000000e+02 3.70000000e+01 2.73111710e+01
 2.39000000e+02 3.70000000e+01 2.73502259e+01
 2.40000000e+02 3.70000000e+01 2.73892807e+01
 2.41000000e+02 3.70000000e+01 2.44283356e+01
 2.42000000e+02 3.70000000e+01 2.34673905e+01
 2.43000000e+02 3.70000000e+01 2.35064453e+01
 2.44000000e+02 3.70000000e+01 2.35455002e+01
 2.45000000e+02 3.70000000e+01 2.35845550e+01
 2.46000000e+02 3.70000000e+01 2.26236099e+01
 2.47000000e+02 3.70000000e+01 2.26626647e+01
 2.48000000e+02 3.70000000e+01 2.27017196e+01
 2.49000000e+02 3.70000000e+01 2.27407745e+01
 2.50000000e+02 3.70000000e+01 2.27798293e+01
 2.51000000e+02 3.70000000e+01 2.28188842e+01
 2.52000000e+02 3.70000000e+01 2.28579390e+01
 2.53000000e+02 3.70000000e+01 2.38969939e+01
 2.54000000e+02 3.70000000e+01 2.49360487e+01
 2.55000000e+02 3.70000000e+01 2.49751036e+01
 2.56000000e+02 3.70000000e+01 2.50141585e+01
 2.57000000e+02 3.70000000e+01 2.50532133e+01
 2.58000000e+02 3.70000000e+01 2.40922682e+01
 2.59000000e+02 3.70000000e+01 2.31313230e+01
 2.60000000e+02 3.70000000e+01 2.41703779e+01
 2.61000000e+02 3.70000000e+01 2.42094328e+01
 2.62000000e+02 3.70000000e+01 2.42484876e+01
 2.63000000e+02 3.70000000e+01 2.42875425e+01
 2.64000000e+02 3.70000000e+01 2.43265973e+01
 2.65000000e+02 3.70000000e+01 2.43656522e+01
 2.66000000e+02 3.70000000e+01 2.44047070e+01
 2.67000000e+02 3.70000000e+01 2.34437619e+01
 2.68000000e+02 3.70000000e+01 2.34828168e+01
 2.69000000e+02 3.70000000e+01 2.35218716e+01
 2.70000000e+02 3.70000000e+01 2.35609265e+01
 2.71000000e+02 3.70000000e+01 2.45999813e+01
 2.72000000e+02 3.70000000e+01 2.46390362e+01
 2.73000000e+02 3.70000000e+01 2.46780910e+01
 2.74000000e+02 3.70000000e+01 2.47171459e+01
 2.75000000e+02 3.70000000e+01 2.37562008e+01
 2.76000000e+02 3.70000000e+01 2.27952556e+01
 2.77000000e+02 3.70000000e+01 2.08343105e+01
 2.78000000e+02 3.70000000e+01 2.08733653e+01
 2.79000000e+02 3.70000000e+01 2.19124202e+01
 2.80000000e+02 3.70000000e+01 2.19514751e+01
 2.81000000e+02 3.70000000e+01 2.19905299e+01
 2.82000000e+02 3.70000000e+01 2.20295848e+01
 2.83000000e+02 3.70000000e+01 2.20686396e+01
 2.84000000e+02 3.70000000e+01 2.21076945e+01
 2.85000000e+02 3.70000000e+01 2.21467493e+01
 2.86000000e+02 3.70000000e+01 2.21858042e+01
 2.87000000e+02 3.70000000e+01 2.22248591e+01
 2.88000000e+02 3.70000000e+01 2.22639139e+01
 2.89000000e+02 3.70000000e+01 2.23029688e+01
 2.90000000e+02 3.70000000e+01 2.23420236e+01
 2.91000000e+02 3.70000000e+01 2.23810785e+01
 2.92000000e+02 3.70000000e+01 2.24201334e+01
 2.93000000e+02 3.70000000e+01 2.24591882e+01
 2.94000000e+02 3.70000000e+01 2.24982431e+01
 2.95000000e+02 3.70000000e+01 2.35372979e+01
 2.96000000e+02 3.70000000e+01 2.15763528e+01
 2.97000000e+02 3.70000000e+01 2.06154076e+01
 2.98000000e+02 3.70000000e+01 1.96544625e+01
 2.99000000e+02 3.70000000e+01 1.96935174e+01
 3.00000000e+02 3.70000000e+01 1.97325722e+01
 3.01000000e+02 3.70000000e+01 1.97716271e+01
 3.02000000e+02 3.70000000e+01 2.08106819e+01
 3.03000000e+02 3.70000000e+01 2.08497368e+01
 3.04000000e+02 3.70000000e+01 2.28887916e+01
 3.05000000e+02 3.70000000e+01 2.29278465e+01
 3.06000000e+02 3.70000000e+01 2.29669014e+01
 3.07000000e+02 3.70000000e+01 2.20059562e+01
 3.08000000e+02 3.70000000e+01 2.20450111e+01
 3.09000000e+02 3.70000000e+01 6.08406594e+00
 3.10000000e+02 3.70000000e+01 7.12312079e+00
 3.11000000e+02 3.70000000e+01 7.16217565e+00
 3.21000000e+02 3.70000000e+01 1.55527242e+01
 3.22000000e+02 3.70000000e+01 1.55917791e+01
 3.23000000e+02 3.70000000e+01 1.56308339e+01
 3.24000000e+02 3.70000000e+01 1.96698888e+01
 3.25000000e+02 3.70000000e+01 2.17089437e+01
 3.26000000e+02 3.70000000e+01 2.07479985e+01
 3.27000000e+02 3.70000000e+01 2.17870534e+01
 3.28000000e+02 3.70000000e+01 2.18261082e+01
 3.29000000e+02 3.70000000e+01 2.18651631e+01
 3.30000000e+02 3.70000000e+01 2.19042180e+01
 3.31000000e+02 3.70000000e+01 1.99432728e+01
 3.32000000e+02 3.70000000e+01 1.99823277e+01
 3.33000000e+02 3.70000000e+01 2.10213825e+01
 3.34000000e+02 3.70000000e+01 2.10604374e+01
 3.35000000e+02 3.70000000e+01 2.10994922e+01
 3.36000000e+02 3.70000000e+01 2.11385471e+01
 3.37000000e+02 3.70000000e+01 2.11776020e+01
 3.38000000e+02 3.70000000e+01 2.02166568e+01
 3.39000000e+02 3.70000000e+01 2.02557117e+01
 3.40000000e+02 3.70000000e+01 2.02947665e+01
 3.41000000e+02 3.70000000e+01 2.13338214e+01
 3.42000000e+02 3.70000000e+01 2.23728762e+01
 3.43000000e+02 3.70000000e+01 2.24119311e+01
 3.44000000e+02 3.70000000e+01 2.14509860e+01
 3.45000000e+02 3.70000000e+01 2.14900408e+01
 3.46000000e+02 3.70000000e+01 2.25290957e+01
 3.47000000e+02 3.70000000e+01 2.25681505e+01
 3.48000000e+02 3.70000000e+01 2.26072054e+01
 3.49000000e+02 3.70000000e+01 2.26462603e+01
 3.50000000e+02 3.70000000e+01 2.36853151e+01
 3.51000000e+02 3.70000000e+01 2.57243700e+01
 3.52000000e+02 3.70000000e+01 2.47634248e+01
 3.53000000e+02 3.70000000e+01 2.48024797e+01
 3.54000000e+02 3.70000000e+01 2.38415345e+01
 3.55000000e+02 3.70000000e+01 2.38805894e+01
 3.56000000e+02 3.70000000e+01 2.29196443e+01
 3.57000000e+02 3.70000000e+01 2.19586991e+01
 3.58000000e+02 3.70000000e+01 2.19977540e+01
 3.59000000e+02 3.70000000e+01 2.50368088e+01
 3.60000000e+02 3.70000000e+01 2.50758637e+01
 3.61000000e+02 3.70000000e+01 2.51149185e+01
 3.62000000e+02 3.70000000e+01 2.51539734e+01
 3.63000000e+02 3.70000000e+01 2.41930283e+01
 3.64000000e+02 3.70000000e+01 2.32320831e+01
 3.65000000e+02 3.70000000e+01 2.22711380e+01
 3.66000000e+02 3.70000000e+01 2.23101928e+01
 3.67000000e+02 3.70000000e+01 2.03492477e+01
 3.68000000e+02 3.70000000e+01 2.03883026e+01
 3.69000000e+02 3.70000000e+01 1.94273574e+01
 3.70000000e+02 3.70000000e+01 1.94664123e+01
 3.71000000e+02 3.70000000e+01 1.85054671e+01
 3.72000000e+02 3.70000000e+01 1.85445220e+01
 3.73000000e+02 3.70000000e+01 1.65835768e+01
 3.74000000e+02 3.70000000e+01 1.56226317e+01
 3.75000000e+02 3.70000000e+01 1.26616866e+01
 3.76000000e+02 3.70000000e+01 1.27007414e+01
 3.77000000e+02 3.70000000e+01 1.27397963e+01
 3.78000000e+02 3.70000000e+01 1.27788511e+01
 3.79000000e+02 3.70000000e+01 1.18179060e+01
 3.80000000e+02 3.70000000e+01 1.18569609e+01
 3.81000000e+02 3.70000000e+01 1.18960157e+01
 3.82000000e+02 3.70000000e+01 1.19350706e+01
 3.83000000e+02 3.70000000e+01 1.09741254e+01
 3.84000000e+02 3.70000000e+01 1.00131803e+01
 3.85000000e+02 3.70000000e+01 9.05223514e+00
 3.86000000e+02 3.70000000e+01 9.09129000e+00
 3.87000000e+02 3.70000000e+01 9.13034486e+00
 3.88000000e+02 3.70000000e+01 1.01693997e+01
 3.89000000e+02 3.70000000e+01 1.02084546e+01
 3.90000000e+02 3.70000000e+01 9.24750943e+00
 3.91000000e+02 3.70000000e+01 1.72865643e+01
 3.92000000e+02 3.70000000e+01 1.73256191e+01
 3.93000000e+02 3.70000000e+01 1.73646740e+01
 3.94000000e+02 3.70000000e+01 1.74037289e+01
 3.95000000e+02 3.70000000e+01 1.74427837e+01
 3.96000000e+02 3.70000000e+01 1.74818386e+01
 3.97000000e+02 3.70000000e+01 1.75208934e+01
 3.98000000e+02 3.70000000e+01 1.75599483e+01
 3.99000000e+02 3.70000000e+01 1.65990032e+01
 4.19000000e+02 3.70000000e+01 1.63801003e+01
 4.20000000e+02 3.70000000e+01 1.64191552e+01
 4.21000000e+02 3.70000000e+01 1.64582100e+01
 4.22000000e+02 3.70000000e+01 1.54972649e+01
 4.23000000e+02 3.70000000e+01 1.75363197e+01
 4.24000000e+02 3.70000000e+01 1.75753746e+01
 4.25000000e+02 3.70000000e+01 1.86144295e+01
 4.26000000e+02 3.70000000e+01 1.86534843e+01
 4.27000000e+02 3.70000000e+01 1.86925392e+01
 4.28000000e+02 3.70000000e+01 1.87315940e+01
 4.29000000e+02 3.70000000e+01 1.87706489e+01
 4.30000000e+02 3.70000000e+01 1.78097037e+01
 4.31000000e+02 3.70000000e+01 1.78487586e+01
 4.32000000e+02 3.70000000e+01 1.78878135e+01
 4.33000000e+02 3.70000000e+01 1.79268683e+01
 4.34000000e+02 3.70000000e+01 1.79659232e+01
 4.35000000e+02 3.70000000e+01 1.80049780e+01
 4.36000000e+02 3.70000000e+01 1.80440329e+01
 4.37000000e+02 3.70000000e+01 1.80830878e+01
 4.38000000e+02 3.70000000e+01 1.91221426e+01
 4.39000000e+02 3.70000000e+01 1.81611975e+01
 4.40000000e+02 3.70000000e+01 1.92002523e+01
 4.41000000e+02 3.70000000e+01 1.92393072e+01
 4.42000000e+02 3.70000000e+01 1.92783620e+01
 4.43000000e+02 3.70000000e+01 1.93174169e+01
 4.44000000e+02 3.70000000e+01 2.03564718e+01
 4.45000000e+02 3.70000000e+01 2.03955266e+01
 4.46000000e+02 3.70000000e+01 2.04345815e+01
 4.47000000e+02 3.70000000e+01 1.94736363e+01
 4.48000000e+02 3.70000000e+01 1.95126912e+01
 4.49000000e+02 3.70000000e+01 1.95517460e+01
 4.50000000e+02 3.70000000e+01 1.85908009e+01
 4.51000000e+02 3.70000000e+01 1.86298558e+01
 4.52000000e+02 3.70000000e+01 1.86689106e+01
 4.53000000e+02 3.70000000e+01 1.87079655e+01
 4.54000000e+02 3.70000000e+01 1.67470203e+01
 4.59000000e+02 3.70000000e+01 1.99422946e+01
 4.60000000e+02 3.70000000e+01 1.99813495e+01
 4.61000000e+02 3.70000000e+01 1.80204043e+01
 4.62000000e+02 3.70000000e+01 1.80594592e+01
 4.63000000e+02 3.70000000e+01 1.70985141e+01
 4.64000000e+02 3.70000000e+01 1.71375689e+01
 4.65000000e+02 3.70000000e+01 1.81766238e+01
 4.66000000e+02 3.70000000e+01 1.82156786e+01
 4.67000000e+02 3.70000000e+01 1.72547335e+01
 4.68000000e+02 3.70000000e+01 1.62937884e+01
 4.69000000e+02 3.70000000e+01 1.63328432e+01
 4.70000000e+02 3.70000000e+01 1.53718981e+01
 4.71000000e+02 3.70000000e+01 1.54109529e+01
 4.72000000e+02 3.70000000e+01 1.54500078e+01
 4.73000000e+02 3.70000000e+01 1.54890626e+01
 4.74000000e+02 3.70000000e+01 1.55281175e+01
 4.75000000e+02 3.70000000e+01 1.55671724e+01
 4.76000000e+02 3.70000000e+01 1.46062272e+01
 4.77000000e+02 3.70000000e+01 1.46452821e+01
 4.78000000e+02 3.70000000e+01 1.46843369e+01
 4.79000000e+02 3.70000000e+01 1.47233918e+01
 4.80000000e+02 3.70000000e+01 1.57624466e+01
 4.81000000e+02 3.70000000e+01 1.58015015e+01
 4.82000000e+02 3.70000000e+01 1.58405564e+01
 4.83000000e+02 3.70000000e+01 1.58796112e+01
 4.84000000e+02 3.70000000e+01 1.59186661e+01
 4.85000000e+02 3.70000000e+01 1.59577209e+01
 4.86000000e+02 3.70000000e+01 1.59967758e+01
 4.87000000e+02 3.70000000e+01 1.60358307e+01
 4.88000000e+02 3.70000000e+01 2.30748855e+01
 4.89000000e+02 3.70000000e+01 2.51139404e+01
 4.90000000e+02 3.70000000e+01 2.61529952e+01
 4.91000000e+02 3.70000000e+01 2.61920501e+01
 4.92000000e+02 3.70000000e+01 2.62311049e+01
 4.93000000e+02 3.70000000e+01 2.52701598e+01
 4.94000000e+02 3.70000000e+01 2.53092147e+01
 4.95000000e+02 3.70000000e+01 2.43482695e+01
 4.96000000e+02 3.70000000e+01 2.33873244e+01
 4.97000000e+02 3.70000000e+01 2.14263792e+01
 4.98000000e+02 3.70000000e+01 2.24654341e+01
 4.99000000e+02 3.70000000e+01 2.25044889e+01
 5.00000000e+02 3.70000000e+01 2.65435438e+01
 5.01000000e+02 3.70000000e+01 2.75825987e+01
 5.02000000e+02 3.70000000e+01 2.66216535e+01
 5.03000000e+02 3.70000000e+01 2.46607084e+01
 5.04000000e+02 3.70000000e+01 2.36997632e+01
 5.05000000e+02 3.70000000e+01 2.37388181e+01
 5.06000000e+02 3.70000000e+01 2.17778730e+01
 5.07000000e+02 3.70000000e+01 2.18169278e+01
 5.08000000e+02 3.70000000e+01 2.08559827e+01
 5.09000000e+02 3.70000000e+01 2.38950375e+01
 5.10000000e+02 3.70000000e+01 2.49340924e+01
 5.11000000e+02 3.70000000e+01 2.59731472e+01
 5.12000000e+02 3.70000000e+01 2.60122021e+01
 5.13000000e+02 3.70000000e+01 2.20512570e+01
 5.14000000e+02 3.70000000e+01 2.40903118e+01
 5.15000000e+02 3.70000000e+01 2.41293667e+01
 5.16000000e+02 3.70000000e+01 2.21684215e+01
 5.17000000e+02 3.70000000e+01 2.22074764e+01
 5.18000000e+02 3.70000000e+01 2.12465312e+01
 5.19000000e+02 3.70000000e+01 2.12855861e+01
 5.20000000e+02 3.70000000e+01 2.13246410e+01
 5.21000000e+02 3.70000000e+01 2.13636958e+01
 5.22000000e+02 3.70000000e+01 2.14027507e+01
 5.23000000e+02 3.70000000e+01 2.14418055e+01
 5.24000000e+02 3.70000000e+01 2.14808604e+01
 5.25000000e+02 3.70000000e+01 2.35199153e+01
 5.26000000e+02 3.70000000e+01 2.35589701e+01
 5.27000000e+02 3.70000000e+01 2.35980250e+01
 5.28000000e+02 3.70000000e+01 2.26370798e+01
 5.29000000e+02 3.70000000e+01 2.16761347e+01
 5.46000000e+02 3.70000000e+01 2.63400673e+01
 5.47000000e+02 3.70000000e+01 2.63791221e+01
 5.48000000e+02 3.70000000e+01 2.54181770e+01
 5.49000000e+02 3.70000000e+01 2.64572318e+01
 5.50000000e+02 3.70000000e+01 2.64962867e+01
 5.51000000e+02 3.70000000e+01 2.85353416e+01
 5.52000000e+02 3.70000000e+01 2.95743964e+01
 5.53000000e+02 3.70000000e+01 3.06134513e+01
 5.54000000e+02 3.70000000e+01 2.96525061e+01
 5.55000000e+02 3.70000000e+01 2.66915610e+01
 5.56000000e+02 3.70000000e+01 2.67306159e+01
 5.57000000e+02 3.70000000e+01 2.77696707e+01
 5.58000000e+02 3.70000000e+01 2.78087256e+01
 5.59000000e+02 3.70000000e+01 2.78477804e+01
 5.60000000e+02 3.70000000e+01 2.88868353e+01
 5.61000000e+02 3.70000000e+01 2.99258901e+01
 5.62000000e+02 3.70000000e+01 2.99649450e+01
 5.63000000e+02 3.70000000e+01 2.80039999e+01
 5.64000000e+02 3.70000000e+01 2.90430547e+01
 5.65000000e+02 3.70000000e+01 2.90821096e+01
 5.66000000e+02 3.70000000e+01 2.91211644e+01
 5.67000000e+02 3.70000000e+01 2.91602193e+01
 5.68000000e+02 3.70000000e+01 2.91992741e+01
 5.69000000e+02 3.70000000e+01 2.82383290e+01
 5.70000000e+02 3.70000000e+01 2.82773839e+01
 5.71000000e+02 3.70000000e+01 2.83164387e+01
 5.72000000e+02 3.70000000e+01 2.83554936e+01
 5.73000000e+02 3.70000000e+01 2.83945484e+01
 5.74000000e+02 3.70000000e+01 2.84336033e+01
 5.75000000e+02 3.70000000e+01 2.84726582e+01
 5.76000000e+02 3.70000000e+01 2.85117130e+01
 5.77000000e+02 3.70000000e+01 2.85507679e+01
 5.78000000e+02 3.70000000e+01 2.75898227e+01
 5.79000000e+02 3.70000000e+01 2.76288776e+01
 5.80000000e+02 3.70000000e+01 2.76679324e+01
 5.81000000e+02 3.70000000e+01 2.67069873e+01
 5.82000000e+02 3.70000000e+01 2.67460422e+01
 5.83000000e+02 3.70000000e+01 2.77850970e+01
 5.84000000e+02 3.70000000e+01 2.78241519e+01
 5.85000000e+02 3.70000000e+01 3.48632067e+01
 5.86000000e+02 3.70000000e+01 3.39022616e+01
 5.87000000e+02 3.70000000e+01 3.39413164e+01
 5.88000000e+02 3.70000000e+01 3.39803713e+01
 5.89000000e+02 3.70000000e+01 3.40194262e+01
 5.90000000e+02 3.70000000e+01 3.50584810e+01
 5.91000000e+02 3.70000000e+01 3.50975359e+01
 5.92000000e+02 3.70000000e+01 3.51365907e+01
 5.93000000e+02 3.70000000e+01 3.51756456e+01
 5.94000000e+02 3.70000000e+01 3.42147005e+01
 5.95000000e+02 3.70000000e+01 3.42537553e+01
 5.96000000e+02 3.70000000e+01 3.42928102e+01
 5.97000000e+02 3.70000000e+01 3.43318650e+01
 5.98000000e+02 3.70000000e+01 3.43709199e+01
 5.99000000e+02 3.70000000e+01 3.34099747e+01
 6.00000000e+02 3.70000000e+01 3.44490296e+01
 6.01000000e+02 3.70000000e+01 3.44880845e+01
 6.02000000e+02 3.70000000e+01 3.45271393e+01
 6.03000000e+02 3.70000000e+01 3.35661942e+01
 6.04000000e+02 3.70000000e+01 3.36052490e+01
 6.05000000e+02 3.70000000e+01 3.26443039e+01
 6.06000000e+02 3.70000000e+01 3.26833587e+01
 6.07000000e+02 3.70000000e+01 3.47224136e+01
 6.08000000e+02 3.70000000e+01 3.47614685e+01
 6.09000000e+02 3.70000000e+01 3.48005233e+01
 6.10000000e+02 3.70000000e+01 3.48395782e+01
 6.20000000e+02 3.70000000e+01 3.82301268e+01
 6.21000000e+02 3.70000000e+01 3.92691816e+01
 6.22000000e+02 3.70000000e+01 3.83082365e+01
 6.23000000e+02 3.70000000e+01 3.83472913e+01
 6.24000000e+02 3.70000000e+01 3.93863462e+01
 6.25000000e+02 3.70000000e+01 3.84254010e+01
 6.26000000e+02 3.70000000e+01 3.84644559e+01
 6.27000000e+02 3.70000000e+01 3.85035108e+01
 6.28000000e+02 3.70000000e+01 3.85425656e+01
 6.29000000e+02 3.70000000e+01 3.85816205e+01
 6.30000000e+02 3.70000000e+01 3.96206753e+01
 6.31000000e+02 3.70000000e+01 3.86597302e+01
 6.32000000e+02 3.70000000e+01 3.86987851e+01
 6.33000000e+02 3.70000000e+01 3.97378399e+01
 6.34000000e+02 3.70000000e+01 3.87768948e+01
 6.35000000e+02 3.70000000e+01 3.88159496e+01
 6.36000000e+02 3.70000000e+01 3.88550045e+01
 6.37000000e+02 3.70000000e+01 3.88940593e+01
 6.38000000e+02 3.70000000e+01 3.89331142e+01
 6.39000000e+02 3.70000000e+01 3.69721691e+01
 6.40000000e+02 3.70000000e+01 3.70112239e+01
 6.41000000e+02 3.70000000e+01 3.80502788e+01
 6.42000000e+02 3.70000000e+01 3.80893336e+01
 6.43000000e+02 3.70000000e+01 3.81283885e+01
 6.44000000e+02 3.70000000e+01 3.71674434e+01
 6.45000000e+02 3.70000000e+01 3.62064982e+01
 6.46000000e+02 3.70000000e+01 3.62455531e+01
 6.47000000e+02 3.70000000e+01 3.62846079e+01
 6.48000000e+02 3.70000000e+01 3.63236628e+01
 6.49000000e+02 3.70000000e+01 3.63627176e+01
 6.50000000e+02 3.70000000e+01 3.64017725e+01
 6.51000000e+02 3.70000000e+01 3.74408274e+01
 6.52000000e+02 3.70000000e+01 3.74798822e+01
 6.53000000e+02 3.70000000e+01 3.75189371e+01
 6.54000000e+02 3.70000000e+01 3.75579919e+01
 6.55000000e+02 3.70000000e+01 3.75970468e+01
 6.56000000e+02 3.70000000e+01 3.76361016e+01
 6.57000000e+02 3.70000000e+01 3.76751565e+01
 6.58000000e+02 3.70000000e+01 3.77142114e+01
 6.59000000e+02 3.70000000e+01 3.77532662e+01
 6.60000000e+02 3.70000000e+01 3.77923211e+01
 6.61000000e+02 3.70000000e+01 3.68313759e+01
 6.62000000e+02 3.70000000e+01 3.68704308e+01
 6.63000000e+02 3.70000000e+01 3.79094857e+01
 6.64000000e+02 3.70000000e+01 3.79485405e+01
 6.65000000e+02 3.70000000e+01 3.79875954e+01
 6.66000000e+02 3.70000000e+01 3.90266502e+01
 6.67000000e+02 3.70000000e+01 3.90657051e+01
 6.68000000e+02 3.70000000e+01 3.91047599e+01
 6.69000000e+02 3.70000000e+01 3.91438148e+01
 6.70000000e+02 3.70000000e+01 3.91828697e+01
 6.71000000e+02 3.70000000e+01 3.92219245e+01
 6.72000000e+02 3.70000000e+01 3.92609794e+01
 6.73000000e+02 3.70000000e+01 3.83000342e+01
 6.74000000e+02 3.70000000e+01 3.83390891e+01
 6.75000000e+02 3.70000000e+01 3.83781439e+01
 6.76000000e+02 3.70000000e+01 3.84171988e+01
 6.77000000e+02 3.70000000e+01 3.84562537e+01
 6.78000000e+02 3.70000000e+01 3.74953085e+01
 6.79000000e+02 3.70000000e+01 3.85343634e+01
 6.80000000e+02 3.70000000e+01 3.85734182e+01
 6.81000000e+02 3.70000000e+01 3.86124731e+01
 6.82000000e+02 3.70000000e+01 3.86515280e+01
 6.83000000e+02 3.70000000e+01 3.86905828e+01
 6.84000000e+02 3.70000000e+01 3.87296377e+01
 6.85000000e+02 3.70000000e+01 3.87686925e+01
 6.86000000e+02 3.70000000e+01 3.98077474e+01
 6.87000000e+02 3.70000000e+01 3.98468022e+01
 6.88000000e+02 3.70000000e+01 3.88858571e+01
 6.89000000e+02 3.70000000e+01 3.89249120e+01
 6.90000000e+02 3.70000000e+01 3.89639668e+01
 6.91000000e+02 3.70000000e+01 3.90030217e+01
 6.92000000e+02 3.70000000e+01 3.80420765e+01
 6.93000000e+02 3.70000000e+01 3.80811314e+01
 6.94000000e+02 3.70000000e+01 3.81201862e+01
 6.95000000e+02 3.70000000e+01 3.81592411e+01
 6.96000000e+02 3.70000000e+01 3.81982960e+01
 6.97000000e+02 3.70000000e+01 3.82373508e+01
 6.98000000e+02 3.70000000e+01 3.82764057e+01
 6.99000000e+02 3.70000000e+01 3.83154605e+01
 7.00000000e+02 3.70000000e+01 3.83545154e+01
