 1.00000000e+00 1.50000000e+01 3.07425168e+01
 2.00000000e+00 1.50000000e+01 3.07832657e+01
 3.00000000e+00 1.50000000e+01 3.18240146e+01
 4.00000000e+00 1.50000000e+01 3.18647635e+01
 5.00000000e+00 1.50000000e+01 3.19055124e+01
 6.00000000e+00 1.50000000e+01 3.09462613e+01
 7.00000000e+00 1.50000000e+01 3.09870102e+01
 8.00000000e+00 1.50000000e+01 3.20277591e+01
 9.00000000e+00 1.50000000e+01 3.20685080e+01
 1.00000000e+01 1.50000000e+01 3.21092569e+01
 1.10000000e+01 1.50000000e+01 3.31500058e+01
 1.20000000e+01 1.50000000e+01 3.31907547e+01
 1.30000000e+01 1.50000000e+01 3.12315036e+01
 1.40000000e+01 1.50000000e+01 3.12722525e+01
 1.50000000e+01 1.50000000e+01 3.13130014e+01
 1.60000000e+01 1.50000000e+01 3.13537503e+01
 1.70000000e+01 1.50000000e+01 3.13944992e+01
 1.80000000e+01 1.50000000e+01 3.14352481e+01
 1.90000000e+01 1.50000000e+01 3.14759971e+01
 2.00000000e+01 1.50000000e+01 3.15167460e+01
 2.10000000e+01 1.50000000e+01 3.15574949e+01
 2.20000000e+01 1.50000000e+01 3.15982438e+01
 2.30000000e+01 1.50000000e+01 3.16389927e+01
 2.40000000e+01 1.50000000e+01 3.16797416e+01
 2.50000000e+01 1.50000000e+01 3.17204905e+01
 2.60000000e+01 1.50000000e+01 3.17612394e+01
 2.70000000e+01 1.50000000e+01 3.18019883e+01
 2.80000000e+01 1.50000000e+01 3.18427372e+01
 2.90000000e+01 1.50000000e+01 3.28834861e+01
 3.00000000e+01 1.50000000e+01 3.29242350e+01
 3.10000000e+01 1.50000000e+01 3.19649839e+01
 3.20000000e+01 1.50000000e+01 3.10057328e+01
 3.30000000e+01 1.50000000e+01 3.10464817e+01
 3.40000000e+01 1.50000000e+01 3.00872306e+01
 3.50000000e+01 1.50000000e+01 3.01279795e+01
 3.60000000e+01 1.50000000e+01 3.01687284e+01
 3.70000000e+01 1.50000000e+01 2.92094773e+01
 3.80000000e+01 1.50000000e+01 3.02502262e+01
 3.90000000e+01 1.50000000e+01 3.02909751e+01
 4.00000000e+01 1.50000000e+01 3.13317240e+01
 4.10000000e+01 1.50000000e+01 3.13724729e+01
 4.20000000e+01 1.50000000e+01 3.04132218e+01
 4.30000000e+01 1.50000000e+01 3.04539707e+01
 4.40000000e+01 1.50000000e+01 3.14947196e+01
 4.50000000e+01 1.50000000e+01 3.15354686e+01
 4.60000000e+01 1.50000000e+01 3.15762175e+01
 4.70000000e+01 1.50000000e+01 3.16169664e+01
 4.80000000e+01 1.50000000e+01 3.16577153e+01
 4.90000000e+01 1.50000000e+01 3.16984642e+01
 5.00000000e+01 1.50000000e+01 3.17392131e+01
 5.10000000e+01 1.50000000e+01 3.17799620e+01
 5.20000000e+01 1.50000000e+01 3.18207109e+01
 5.30000000e+01 1.50000000e+01 3.08614598e+01
 5.40000000e+01 1.50000000e+01 3.09022087e+01
 5.50000000e+01 1.50000000e+01 3.09429576e+01
 5.60000000e+01 1.50000000e+01 3.19837065e+01
 5.70000000e+01 1.50000000e+01 3.20244554e+01
 5.80000000e+01 1.50000000e+01 3.20652043e+01
 5.90000000e+01 1.50000000e+01 3.11059532e+01
 6.00000000e+01 1.50000000e+01 3.11467021e+01
 6.10000000e+01 1.50000000e+01 3.11874510e+01
 6.20000000e+01 1.50000000e+01 3.12281999e+01
 6.30000000e+01 1.50000000e+01 3.22689488e+01
 6.40000000e+01 1.50000000e+01 3.23096977e+01
 6.50000000e+01 1.50000000e+01 3.13504466e+01
 6.60000000e+01 1.50000000e+01 3.13911955e+01
 6.70000000e+01 1.50000000e+01 3.24319444e+01
 6.80000000e+01 1.50000000e+01 3.14726933e+01
 6.90000000e+01 1.50000000e+01 3.05134422e+01
 7.00000000e+01 1.50000000e+01 2.95541911e+01
 7.10000000e+01 1.50000000e+01 3.05949401e+01
 7.20000000e+01 1.50000000e+01 3.06356890e+01
 7.30000000e+01 1.50000000e+01 3.06764379e+01
 7.40000000e+01 1.50000000e+01 3.07171868e+01
 7.50000000e+01 1.50000000e+01 3.07579357e+01
 7.60000000e+01 1.50000000e+01 2.97986846e+01
 7.70000000e+01 1.50000000e+01 2.98394335e+01
 7.80000000e+01 1.50000000e+01 2.98801824e+01
 7.90000000e+01 1.50000000e+01 2.99209313e+01
 8.00000000e+01 1.50000000e+01 2.99616802e+01
 8.10000000e+01 1.50000000e+01 3.00024291e+01
 8.20000000e+01 1.50000000e+01 3.10431780e+01
 8.30000000e+01 1.50000000e+01 3.10839269e+01
 8.40000000e+01 1.50000000e+01 3.11246758e+01
 8.50000000e+01 1.50000000e+01 3.11654247e+01
 8.60000000e+01 1.50000000e+01 3.12061736e+01
 8.70000000e+01 1.50000000e+01 3.12469225e+01
 8.80000000e+01 1.50000000e+01 3.12876714e+01
 8.90000000e+01 1.50000000e+01 3.13284203e+01
 9.00000000e+01 1.50000000e+01 3.13691692e+01
 9.10000000e+01 1.50000000e+01 3.04099181e+01
 9.20000000e+01 1.50000000e+01 3.04506670e+01
 9.30000000e+01 1.50000000e+01 3.14914159e+01
 9.40000000e+01 1.50000000e+01 3.15321648e+01
 9.50000000e+01 1.50000000e+01 3.15729137e+01
 9.60000000e+01 1.50000000e+01 3.16136626e+01
 9.70000000e+01 1.50000000e+01 3.16544116e+01
 9.80000000e+01 1.50000000e+01 3.16951605e+01
 9.90000000e+01 1.50000000e+01 3.17359094e+01
 1.00000000e+02 1.50000000e+01 3.17766583e+01
 1.01000000e+02 1.50000000e+01 3.18174072e+01
 1.02000000e+02 1.50000000e+01 3.18581561e+01
 1.03000000e+02 1.50000000e+01 3.18989050e+01
 1.04000000e+02 1.50000000e+01 3.09396539e+01
 1.05000000e+02 1.50000000e+01 3.09804028e+01
 1.06000000e+02 1.50000000e+01 3.10211517e+01
 1.07000000e+02 1.50000000e+01 3.10619006e+01
 1.08000000e+02 1.50000000e+01 3.11026495e+01
 1.09000000e+02 1.50000000e+01 3.11433984e+01
 1.10000000e+02 1.50000000e+01 3.11841473e+01
 1.11000000e+02 1.50000000e+01 3.12248962e+01
 1.12000000e+02 1.50000000e+01 3.12656451e+01
 1.13000000e+02 1.50000000e+01 3.13063940e+01
 1.14000000e+02 1.50000000e+01 3.13471429e+01
 1.15000000e+02 1.50000000e+01 3.03878918e+01
 1.16000000e+02 1.50000000e+01 2.94286407e+01
 1.17000000e+02 1.50000000e+01 2.94693896e+01
 1.18000000e+02 1.50000000e+01 3.05101385e+01
 1.19000000e+02 1.50000000e+01 2.95508874e+01
 1.20000000e+02 1.50000000e+01 2.95916363e+01
 1.21000000e+02 1.50000000e+01 2.96323852e+01
 1.22000000e+02 1.50000000e+01 2.96731341e+01
 1.23000000e+02 1.50000000e+01 3.07138831e+01
 1.24000000e+02 1.50000000e+01 3.07546320e+01
 1.25000000e+02 1.50000000e+01 2.97953809e+01
 1.26000000e+02 1.50000000e+01 2.98361298e+01
 1.27000000e+02 1.50000000e+01 2.88768787e+01
 1.28000000e+02 1.50000000e+01 2.89176276e+01
 1.29000000e+02 1.50000000e+01 2.89583765e+01
 1.30000000e+02 1.50000000e+01 2.89991254e+01
 1.31000000e+02 1.50000000e+01 3.00398743e+01
 1.32000000e+02 1.50000000e+01 3.00806232e+01
 1.33000000e+02 1.50000000e+01 2.91213721e+01
 1.34000000e+02 1.50000000e+01 2.91621210e+01
 1.35000000e+02 1.50000000e+01 3.02028699e+01
 1.36000000e+02 1.50000000e+01 3.02436188e+01
 1.37000000e+02 1.50000000e+01 3.02843677e+01
 1.38000000e+02 1.50000000e+01 3.03251166e+01
 1.39000000e+02 1.50000000e+01 3.03658655e+01
 1.40000000e+02 1.50000000e+01 3.04066144e+01
 1.41000000e+02 1.50000000e+01 3.04473633e+01
 1.42000000e+02 1.50000000e+01 3.04881122e+01
 1.43000000e+02 1.50000000e+01 3.05288611e+01
 1.44000000e+02 1.50000000e+01 3.15696100e+01
 1.45000000e+02 1.50000000e+01 3.16103589e+01
 1.46000000e+02 1.50000000e+01 3.16511078e+01
 1.47000000e+02 1.50000000e+01 3.16918567e+01
 1.48000000e+02 1.50000000e+01 3.17326056e+01
 1.49000000e+02 1.50000000e+01 3.17733546e+01
 1.50000000e+02 1.50000000e+01 3.18141035e+01
 1.51000000e+02 1.50000000e+01 3.18548524e+01
 1.52000000e+02 1.50000000e+01 3.28956013e+01
 1.53000000e+02 1.50000000e+01 3.29363502e+01
 1.54000000e+02 1.50000000e+01 3.29770991e+01
 1.55000000e+02 1.50000000e+01 3.30178480e+01
 1.56000000e+02 1.50000000e+01 3.30585969e+01
 1.57000000e+02 1.50000000e+01 3.40993458e+01
 1.58000000e+02 1.50000000e+01 3.41400947e+01
 1.59000000e+02 1.50000000e+01 3.31808436e+01
 1.60000000e+02 1.50000000e+01 3.32215925e+01
 1.61000000e+02 1.50000000e+01 3.32623414e+01
 1.62000000e+02 1.50000000e+01 3.33030903e+01
 1.63000000e+02 1.50000000e+01 3.43438392e+01
 1.64000000e+02 1.50000000e+01 3.43845881e+01
 1.65000000e+02 1.50000000e+01 3.44253370e+01
 1.66000000e+02 1.50000000e+01 3.44660859e+01
 1.67000000e+02 1.50000000e+01 3.45068348e+01
 1.68000000e+02 1.50000000e+01 3.55475837e+01
 1.69000000e+02 1.50000000e+01 3.55883326e+01
 1.70000000e+02 1.50000000e+01 3.56290815e+01
 1.71000000e+02 1.50000000e+01 3.56698304e+01
 1.72000000e+02 1.50000000e+01 3.57105793e+01
 1.73000000e+02 1.50000000e+01 3.57513282e+01
 1.74000000e+02 1.50000000e+01 3.57920771e+01
 1.75000000e+02 1.50000000e+01 3.58328261e+01
 1.76000000e+02 1.50000000e+01 3.58735750e+01
 1.77000000e+02 1.50000000e+01 3.59143239e+01
 1.78000000e+02 1.50000000e+01 3.69550728e+01
 1.79000000e+02 1.50000000e+01 3.69958217e+01
 1.80000000e+02 1.50000000e+01 3.70365706e+01
 1.81000000e+02 1.50000000e+01 3.80773195e+01
 1.82000000e+02 1.50000000e+01 3.81180684e+01
 1.83000000e+02 1.50000000e+01 3.81588173e+01
 1.84000000e+02 1.50000000e+01 3.71995662e+01
 1.85000000e+02 1.50000000e+01 3.82403151e+01
 1.86000000e+02 1.50000000e+01 3.72810640e+01
 1.87000000e+02 1.50000000e+01 3.73218129e+01
 1.88000000e+02 1.50000000e+01 3.83625618e+01
 1.89000000e+02 1.50000000e+01 3.74033107e+01
 1.90000000e+02 1.50000000e+01 3.84440596e+01
 1.91000000e+02 1.50000000e+01 3.84848085e+01
 1.92000000e+02 1.50000000e+01 3.85255574e+01
 1.93000000e+02 1.50000000e+01 3.85663063e+01
 1.94000000e+02 1.50000000e+01 3.86070552e+01
 1.95000000e+02 1.50000000e+01 3.86478041e+01
 1.96000000e+02 1.50000000e+01 3.86885530e+01
 1.97000000e+02 1.50000000e+01 3.87293019e+01
 1.98000000e+02 1.50000000e+01 3.87700508e+01
 1.99000000e+02 1.50000000e+01 3.78107997e+01
 2.00000000e+02 1.50000000e+01 3.68515486e+01
 2.01000000e+02 1.50000000e+01 3.78922976e+01
 2.02000000e+02 1.50000000e+01 3.79330465e+01
 2.03000000e+02 1.50000000e+01 3.79737954e+01
 2.04000000e+02 1.50000000e+01 3.80145443e+01
 2.05000000e+02 1.50000000e+01 3.80552932e+01
 2.06000000e+02 1.50000000e+01 3.80960421e+01
 2.07000000e+02 1.50000000e+01 3.81367910e+01
 2.08000000e+02 1.50000000e+01 3.81775399e+01
 2.09000000e+02 1.50000000e+01 3.82182888e+01
 2.10000000e+02 1.50000000e+01 3.72590377e+01
 2.11000000e+02 1.50000000e+01 3.82997866e+01
 2.12000000e+02 1.50000000e+01 3.83405355e+01
 2.13000000e+02 1.50000000e+01 3.93812844e+01
 2.14000000e+02 1.50000000e+01 3.94220333e+01
 2.15000000e+02 1.50000000e+01 3.94627822e+01
 2.16000000e+02 1.50000000e+01 3.95035311e+01
 2.17000000e+02 1.50000000e+01 3.95442800e+01
 2.18000000e+02 1.50000000e+01 3.95850289e+01
 2.19000000e+02 1.50000000e+01 3.96257778e+01
 2.20000000e+02 1.50000000e+01 3.96665267e+01
 2.21000000e+02 1.50000000e+01 3.97072756e+01
 2.22000000e+02 1.50000000e+01 3.97480245e+01
 2.23000000e+02 1.50000000e+01 3.97887734e+01
 2.24000000e+02 1.50000000e+01 3.88295223e+01
 2.25000000e+02 1.50000000e+01 3.88702712e+01
 2.26000000e+02 1.50000000e+01 3.89110201e+01
 2.27000000e+02 1.50000000e+01 3.99517691e+01
 2.28000000e+02 1.50000000e+01 3.99925180e+01
 2.29000000e+02 1.50000000e+01 3.90332669e+01
 2.30000000e+02 1.50000000e+01 3.90740158e+01
 2.31000000e+02 1.50000000e+01 3.91147647e+01
 2.32000000e+02 1.50000000e+01 3.81555136e+01
 2.33000000e+02 1.50000000e+01 3.91962625e+01
 2.34000000e+02 1.50000000e+01 3.92370114e+01
 2.35000000e+02 1.50000000e+01 3.82777603e+01
 2.36000000e+02 1.50000000e+01 3.73185092e+01
 2.37000000e+02 1.50000000e+01 3.63592581e+01
 2.38000000e+02 1.50000000e+01 3.74000070e+01
 2.39000000e+02 1.50000000e+01 3.74407559e+01
 2.40000000e+02 1.50000000e+01 3.74815048e+01
 2.41000000e+02 1.50000000e+01 3.75222537e+01
 2.42000000e+02 1.50000000e+01 3.85630026e+01
 2.43000000e+02 1.50000000e+01 3.86037515e+01
 2.44000000e+02 1.50000000e+01 3.86445004e+01
 2.45000000e+02 1.50000000e+01 3.86852493e+01
 2.46000000e+02 1.50000000e+01 3.77259982e+01
 2.47000000e+02 1.50000000e+01 3.77667471e+01
 2.48000000e+02 1.50000000e+01 3.78074960e+01
 2.49000000e+02 1.50000000e+01 3.78482449e+01
 2.50000000e+02 1.50000000e+01 3.88889938e+01
 2.51000000e+02 1.50000000e+01 3.89297427e+01
 2.52000000e+02 1.50000000e+01 3.89704916e+01
 2.53000000e+02 1.50000000e+01 3.90112406e+01
 2.54000000e+02 1.50000000e+01 3.90519895e+01
 2.55000000e+02 1.50000000e+01 3.80927384e+01
 2.56000000e+02 1.50000000e+01 3.91334873e+01
 2.57000000e+02 1.50000000e+01 3.81742362e+01
 2.58000000e+02 1.50000000e+01 3.82149851e+01
 2.59000000e+02 1.50000000e+01 3.82557340e+01
 2.60000000e+02 1.50000000e+01 3.82964829e+01
 2.61000000e+02 1.50000000e+01 3.73372318e+01
 2.62000000e+02 1.50000000e+01 3.73779807e+01
 2.63000000e+02 1.50000000e+01 3.74187296e+01
 2.64000000e+02 1.50000000e+01 3.74594785e+01
 2.65000000e+02 1.50000000e+01 3.75002274e+01
 2.66000000e+02 1.50000000e+01 3.75409763e+01
 2.67000000e+02 1.50000000e+01 3.85817252e+01
 2.68000000e+02 1.50000000e+01 3.86224741e+01
 2.69000000e+02 1.50000000e+01 3.86632230e+01
 2.70000000e+02 1.50000000e+01 3.77039719e+01
 2.71000000e+02 1.50000000e+01 3.77447208e+01
 2.72000000e+02 1.50000000e+01 3.77854697e+01
 2.73000000e+02 1.50000000e+01 3.78262186e+01
 2.74000000e+02 1.50000000e+01 3.78669675e+01
 2.75000000e+02 1.50000000e+01 3.79077164e+01
 2.76000000e+02 1.50000000e+01 3.69484653e+01
 2.77000000e+02 1.50000000e+01 3.79892142e+01
 2.78000000e+02 1.50000000e+01 3.80299631e+01
 2.79000000e+02 1.50000000e+01 3.80707121e+01
 2.80000000e+02 1.50000000e+01 3.81114610e+01
 2.81000000e+02 1.50000000e+01 3.81522099e+01
 2.82000000e+02 1.50000000e+01 3.81929588e+01
 2.83000000e+02 1.50000000e+01 3.82337077e+01
 2.84000000e+02 1.50000000e+01 3.72744566e+01
 2.85000000e+02 1.50000000e+01 3.73152055e+01
 2.86000000e+02 1.50000000e+01 3.63559544e+01
 2.87000000e+02 1.50000000e+01 3.63967033e+01
 2.88000000e+02 1.50000000e+01 3.64374522e+01
 2.89000000e+02 1.50000000e+01 3.54782011e+01
 2.90000000e+02 1.50000000e+01 3.55189500e+01
 2.91000000e+02 1.50000000e+01 3.55596989e+01
 2.92000000e+02 1.50000000e+01 3.56004478e+01
 2.93000000e+02 1.50000000e+01 3.46411967e+01
 2.94000000e+02 1.50000000e+01 3.46819456e+01
 2.95000000e+02 1.50000000e+01 3.47226945e+01
 2.96000000e+02 1.50000000e+01 3.37634434e+01
 2.97000000e+02 1.50000000e+01 3.48041923e+01
 2.98000000e+02 1.50000000e+01 3.48449412e+01
 2.99000000e+02 1.50000000e+01 3.48856901e+01
 3.00000000e+02 1.50000000e+01 3.49264390e+01
 3.01000000e+02 1.50000000e+01 3.49671879e+01
 3.02000000e+02 1.50000000e+01 3.30079368e+01
 3.03000000e+02 1.50000000e+01 3.20486857e+01
 3.04000000e+02 1.50000000e+01 3.20894346e+01
 3.05000000e+02 1.50000000e+01 3.11301836e+01
 3.06000000e+02 1.50000000e+01 3.11709325e+01
 3.07000000e+02 1.50000000e+01 3.12116814e+01
 3.08000000e+02 1.50000000e+01 3.12524303e+01
 3.09000000e+02 1.50000000e+01 3.12931792e+01
 3.10000000e+02 1.50000000e+01 3.13339281e+01
 3.11000000e+02 1.50000000e+01 3.23746770e+01
 3.12000000e+02 1.50000000e+01 3.34154259e+01
 3.13000000e+02 1.50000000e+01 3.34561748e+01
 3.14000000e+02 1.50000000e+01 3.24969237e+01
 3.15000000e+02 1.50000000e+01 3.35376726e+01
 3.16000000e+02 1.50000000e+01 3.55784215e+01
 3.17000000e+02 1.50000000e+01 3.56191704e+01
 3.18000000e+02 1.50000000e+01 3.56599193e+01
 3.19000000e+02 1.50000000e+01 3.47006682e+01
 3.20000000e+02 1.50000000e+01 3.37414171e+01
 3.21000000e+02 1.50000000e+01 3.37821660e+01
 3.22000000e+02 1.50000000e+01 3.38229149e+01
 3.23000000e+02 1.50000000e+01 3.38636638e+01
 3.24000000e+02 1.50000000e+01 3.39044127e+01
 3.25000000e+02 1.50000000e+01 3.39451616e+01
 3.26000000e+02 1.50000000e+01 3.39859105e+01
 3.27000000e+02 1.50000000e+01 3.40266594e+01
 3.28000000e+02 1.50000000e+01 3.40674083e+01
 3.29000000e+02 1.50000000e+01 3.41081572e+01
 3.30000000e+02 1.50000000e+01 3.41489061e+01
 3.31000000e+02 1.50000000e+01 3.71896551e+01
 3.32000000e+02 1.50000000e+01 3.72304040e+01
 3.33000000e+02 1.50000000e+01 3.92711529e+01
 3.34000000e+02 1.50000000e+01 4.03119018e+01
 3.35000000e+02 1.50000000e+01 3.83526507e+01
 3.36000000e+02 1.50000000e+01 3.93933996e+01
 3.37000000e+02 1.50000000e+01 3.74341485e+01
 3.38000000e+02 1.50000000e+01 3.54748974e+01
 3.39000000e+02 1.50000000e+01 3.85156463e+01
 3.40000000e+02 1.50000000e+01 3.85563952e+01
 3.41000000e+02 1.50000000e+01 3.85971441e+01
 3.42000000e+02 1.50000000e+01 3.96378930e+01
 3.43000000e+02 1.50000000e+01 4.06786419e+01
 3.44000000e+02 1.50000000e+01 4.07193908e+01
 3.45000000e+02 1.50000000e+01 4.07601397e+01
 3.46000000e+02 1.50000000e+01 3.98008886e+01
 3.47000000e+02 1.50000000e+01 3.98416375e+01
 3.48000000e+02 1.50000000e+01 4.08823864e+01
 3.49000000e+02 1.50000000e+01 4.09231353e+01
 3.50000000e+02 1.50000000e+01 4.09638842e+01
 3.51000000e+02 1.50000000e+01 4.20046331e+01
 3.52000000e+02 1.50000000e+01 4.20453820e+01
 3.53000000e+02 1.50000000e+01 4.40861309e+01
 3.54000000e+02 1.50000000e+01 4.41268798e+01
 3.55000000e+02 1.50000000e+01 4.41676287e+01
 3.56000000e+02 1.50000000e+01 4.52083776e+01
 3.57000000e+02 1.50000000e+01 4.52491266e+01
 3.58000000e+02 1.50000000e+01 4.52898755e+01
 3.59000000e+02 1.50000000e+01 4.63306244e+01
 3.60000000e+02 1.50000000e+01 4.63713733e+01
 3.61000000e+02 1.50000000e+01 4.74121222e+01
 3.62000000e+02 1.50000000e+01 4.74528711e+01
 3.63000000e+02 1.50000000e+01 4.74936200e+01
 3.64000000e+02 1.50000000e+01 4.75343689e+01
 3.65000000e+02 1.50000000e+01 4.75751178e+01
 3.66000000e+02 1.50000000e+01 4.76158667e+01
 3.67000000e+02 1.50000000e+01 4.76566156e+01
 3.68000000e+02 1.50000000e+01 4.76973645e+01
 3.69000000e+02 1.50000000e+01 4.77381134e+01
 3.70000000e+02 1.50000000e+01 4.77788623e+01
 3.71000000e+02 1.50000000e+01 4.48196112e+01
 3.72000000e+02 1.50000000e+01 4.28603601e+01
 3.73000000e+02 1.50000000e+01 4.29011090e+01
 3.74000000e+02 1.50000000e+01 4.49418579e+01
 3.75000000e+02 1.50000000e+01 4.39826068e+01
 3.76000000e+02 1.50000000e+01 4.40233557e+01
 3.77000000e+02 1.50000000e+01 4.30641046e+01
 3.78000000e+02 1.50000000e+01 4.31048535e+01
 3.79000000e+02 1.50000000e+01 4.31456024e+01
 3.80000000e+02 1.50000000e+01 4.41863513e+01
 3.81000000e+02 1.50000000e+01 4.32271002e+01
 3.82000000e+02 1.50000000e+01 4.32678491e+01
 3.83000000e+02 1.50000000e+01 4.43085981e+01
 3.84000000e+02 1.50000000e+01 4.53493470e+01
 3.85000000e+02 1.50000000e+01 4.53900959e+01
 3.86000000e+02 1.50000000e+01 4.44308448e+01
 3.87000000e+02 1.50000000e+01 4.14715937e+01
 3.88000000e+02 1.50000000e+01 4.25123426e+01
 3.89000000e+02 1.50000000e+01 4.45530915e+01
 3.90000000e+02 1.50000000e+01 4.45938404e+01
 3.91000000e+02 1.50000000e+01 4.56345893e+01
 3.92000000e+02 1.50000000e+01 4.66753382e+01
 3.93000000e+02 1.50000000e+01 4.67160871e+01
 3.94000000e+02 1.50000000e+01 4.67568360e+01
 3.95000000e+02 1.50000000e+01 4.87975849e+01
 3.96000000e+02 1.50000000e+01 4.88383338e+01
 3.97000000e+02 1.50000000e+01 5.08790827e+01
 3.98000000e+02 1.50000000e+01 5.09198316e+01
 3.99000000e+02 1.50000000e+01 5.09605805e+01
 4.00000000e+02 1.50000000e+01 5.00013294e+01
 4.01000000e+02 1.50000000e+01 5.00420783e+01
 4.02000000e+02 1.50000000e+01 5.00828272e+01
 4.03000000e+02 1.50000000e+01 5.01235761e+01
 4.04000000e+02 1.50000000e+01 5.11643250e+01
 4.05000000e+02 1.50000000e+01 5.12050739e+01
 4.06000000e+02 1.50000000e+01 5.02458228e+01
 4.07000000e+02 1.50000000e+01 5.02865717e+01
 4.08000000e+02 1.50000000e+01 5.13273206e+01
 4.09000000e+02 1.50000000e+01 5.33680696e+01
 4.10000000e+02 1.50000000e+01 5.44088185e+01
 4.11000000e+02 1.50000000e+01 5.64495674e+01
 4.12000000e+02 1.50000000e+01 5.84903163e+01
 4.13000000e+02 1.50000000e+01 5.85310652e+01
 4.14000000e+02 1.50000000e+01 5.85718141e+01
 4.15000000e+02 1.50000000e+01 5.36125630e+01
 4.16000000e+02 1.50000000e+01 5.26533119e+01
 4.17000000e+02 1.50000000e+01 5.36940608e+01
 4.18000000e+02 1.50000000e+01 5.37348097e+01
 4.19000000e+02 1.50000000e+01 5.47755586e+01
 4.20000000e+02 1.50000000e+01 5.48163075e+01
 4.21000000e+02 1.50000000e+01 5.48570564e+01
 4.22000000e+02 1.50000000e+01 5.48978053e+01
 4.23000000e+02 1.50000000e+01 5.49385542e+01
 4.24000000e+02 1.50000000e+01 5.49793031e+01
 4.25000000e+02 1.50000000e+01 5.30200520e+01
 4.26000000e+02 1.50000000e+01 5.30608009e+01
 4.27000000e+02 1.50000000e+01 5.31015498e+01
 4.28000000e+02 1.50000000e+01 5.31422987e+01
 4.29000000e+02 1.50000000e+01 5.41830476e+01
 4.30000000e+02 1.50000000e+01 5.42237965e+01
 4.31000000e+02 1.50000000e+01 5.42645454e+01
 4.32000000e+02 1.50000000e+01 5.43052943e+01
 4.33000000e+02 1.50000000e+01 5.43460432e+01
 4.34000000e+02 1.50000000e+01 5.53867921e+01
 4.35000000e+02 1.50000000e+01 5.54275411e+01
 4.36000000e+02 1.50000000e+01 5.54682900e+01
 4.37000000e+02 1.50000000e+01 5.55090389e+01
 4.38000000e+02 1.50000000e+01 5.55497878e+01
 4.39000000e+02 1.50000000e+01 5.55905367e+01
 4.40000000e+02 1.50000000e+01 5.56312856e+01
 4.41000000e+02 1.50000000e+01 5.56720345e+01
 4.42000000e+02 1.50000000e+01 5.57127834e+01
 4.43000000e+02 1.50000000e+01 5.57535323e+01
 4.44000000e+02 1.50000000e+01 5.57942812e+01
 4.45000000e+02 1.50000000e+01 5.58350301e+01
 4.46000000e+02 1.50000000e+01 5.48757790e+01
 4.47000000e+02 1.50000000e+01 5.59165279e+01
 4.48000000e+02 1.50000000e+01 5.59572768e+01
 4.49000000e+02 1.50000000e+01 5.59980257e+01
 4.50000000e+02 1.50000000e+01 5.60387746e+01
 4.51000000e+02 1.50000000e+01 5.60795235e+01
 4.52000000e+02 1.50000000e+01 5.61202724e+01
 4.53000000e+02 1.50000000e+01 5.71610213e+01
 4.54000000e+02 1.50000000e+01 5.62017702e+01
 4.55000000e+02 1.50000000e+01 5.62425191e+01
 4.56000000e+02 1.50000000e+01 5.52832680e+01
 4.57000000e+02 1.50000000e+01 5.63240169e+01
 4.58000000e+02 1.50000000e+01 5.63647658e+01
 4.59000000e+02 1.50000000e+01 5.64055147e+01
 4.60000000e+02 1.50000000e+01 5.54462636e+01
 4.61000000e+02 1.50000000e+01 5.64870125e+01
 4.62000000e+02 1.50000000e+01 5.65277615e+01
 4.79000000e+02 1.50000000e+01 6.12204928e+01
 4.80000000e+02 1.50000000e+01 6.12612417e+01
 4.81000000e+02 1.50000000e+01 6.13019906e+01
 4.82000000e+02 1.50000000e+01 6.33427395e+01
 4.83000000e+02 1.50000000e+01 6.33834884e+01
 4.84000000e+02 1.50000000e+01 6.24242373e+01
 4.85000000e+02 1.50000000e+01 6.24649862e+01
 4.86000000e+02 1.50000000e+01 6.25057351e+01
 4.87000000e+02 1.50000000e+01 6.15464840e+01
 4.88000000e+02 1.50000000e+01 6.05872330e+01
 4.89000000e+02 1.50000000e+01 6.06279819e+01
 4.90000000e+02 1.50000000e+01 6.06687308e+01
 4.91000000e+02 1.50000000e+01 6.17094797e+01
 4.92000000e+02 1.50000000e+01 6.07502286e+01
 4.93000000e+02 1.50000000e+01 6.07909775e+01
 4.94000000e+02 1.50000000e+01 6.18317264e+01
 4.95000000e+02 1.50000000e+01 6.18724753e+01
 4.96000000e+02 1.50000000e+01 6.19132242e+01
 4.97000000e+02 1.50000000e+01 6.19539731e+01
 4.98000000e+02 1.50000000e+01 6.29947220e+01
 4.99000000e+02 1.50000000e+01 6.30354709e+01
 5.00000000e+02 1.50000000e+01 6.40762198e+01
 5.01000000e+02 1.50000000e+01 6.51169687e+01
 5.02000000e+02 1.50000000e+01 6.51577176e+01
 5.03000000e+02 1.50000000e+01 6.51984665e+01
 5.04000000e+02 1.50000000e+01 6.52392154e+01
 5.05000000e+02 1.50000000e+01 6.52799643e+01
 5.06000000e+02 1.50000000e+01 6.63207132e+01
 5.07000000e+02 1.50000000e+01 6.63614621e+01
 5.08000000e+02 1.50000000e+01 6.64022110e+01
 5.09000000e+02 1.50000000e+01 6.64429599e+01
 5.10000000e+02 1.50000000e+01 6.64837088e+01
 5.11000000e+02 1.50000000e+01 6.65244577e+01
 5.12000000e+02 1.50000000e+01 6.65652066e+01
 5.13000000e+02 1.50000000e+01 6.76059555e+01
 5.14000000e+02 1.50000000e+01 6.76467045e+01
 5.15000000e+02 1.50000000e+01 6.76874534e+01
 5.16000000e+02 1.50000000e+01 6.77282023e+01
 5.17000000e+02 1.50000000e+01 6.77689512e+01
 5.18000000e+02 1.50000000e+01 6.78097001e+01
 5.19000000e+02 1.50000000e+01 6.78504490e+01
 5.20000000e+02 1.50000000e+01 6.88911979e+01
 5.21000000e+02 1.50000000e+01 6.89319468e+01
 5.22000000e+02 1.50000000e+01 6.89726957e+01
 5.23000000e+02 1.50000000e+01 6.90134446e+01
 5.24000000e+02 1.50000000e+01 6.90541935e+01
 5.25000000e+02 1.50000000e+01 6.80949424e+01
 5.26000000e+02 1.50000000e+01 6.81356913e+01
 5.27000000e+02 1.50000000e+01 6.91764402e+01
 5.28000000e+02 1.50000000e+01 6.92171891e+01
 5.29000000e+02 1.50000000e+01 7.02579380e+01
 5.30000000e+02 1.50000000e+01 6.92986869e+01
 5.31000000e+02 1.50000000e+01 6.83394358e+01
 5.32000000e+02 1.50000000e+01 6.83801847e+01
 5.33000000e+02 1.50000000e+01 6.84209336e+01
 5.34000000e+02 1.50000000e+01 6.84616825e+01
 5.35000000e+02 1.50000000e+01 6.95024314e+01
 5.36000000e+02 1.50000000e+01 7.05431803e+01
 5.37000000e+02 1.50000000e+01 7.05839292e+01
 5.38000000e+02 1.50000000e+01 7.16246781e+01
 5.39000000e+02 1.50000000e+01 7.16654270e+01
 5.40000000e+02 1.50000000e+01 7.17061760e+01
 5.41000000e+02 1.50000000e+01 7.27469249e+01
 5.42000000e+02 1.50000000e+01 7.27876738e+01
 5.43000000e+02 1.50000000e+01 7.28284227e+01
 5.44000000e+02 1.50000000e+01 7.28691716e+01
 5.45000000e+02 1.50000000e+01 7.19099205e+01
 5.46000000e+02 1.50000000e+01 7.29506694e+01
 5.47000000e+02 1.50000000e+01 7.29914183e+01
 5.48000000e+02 1.50000000e+01 7.30321672e+01
 5.49000000e+02 1.50000000e+01 7.30729161e+01
 5.50000000e+02 1.50000000e+01 7.41136650e+01
 5.51000000e+02 1.50000000e+01 7.41544139e+01
 5.52000000e+02 1.50000000e+01 7.41951628e+01
 5.53000000e+02 1.50000000e+01 7.42359117e+01
 5.54000000e+02 1.50000000e+01 7.42766606e+01
 5.55000000e+02 1.50000000e+01 7.43174095e+01
 5.56000000e+02 1.50000000e+01 7.43581584e+01
 5.57000000e+02 1.50000000e+01 7.43989073e+01
 5.58000000e+02 1.50000000e+01 7.34396562e+01
 5.59000000e+02 1.50000000e+01 7.34804051e+01
 5.60000000e+02 1.50000000e+01 7.35211540e+01
 5.61000000e+02 1.50000000e+01 7.35619029e+01
 5.62000000e+02 1.50000000e+01 7.36026518e+01
 5.63000000e+02 1.50000000e+01 7.36434007e+01
 5.64000000e+02 1.50000000e+01 7.46841496e+01
 5.65000000e+02 1.50000000e+01 7.57248985e+01
 5.66000000e+02 1.50000000e+01 7.57656475e+01
 5.67000000e+02 1.50000000e+01 7.68063964e+01
 5.68000000e+02 1.50000000e+01 7.58471453e+01
 5.69000000e+02 1.50000000e+01 7.58878942e+01
 5.70000000e+02 1.50000000e+01 7.59286431e+01
 5.71000000e+02 1.50000000e+01 7.69693920e+01
 5.72000000e+02 1.50000000e+01 7.70101409e+01
 5.73000000e+02 1.50000000e+01 7.70508898e+01
 5.74000000e+02 1.50000000e+01 7.70916387e+01
 5.75000000e+02 1.50000000e+01 7.71323876e+01
 5.76000000e+02 1.50000000e+01 7.71731365e+01
 5.77000000e+02 1.50000000e+01 7.72138854e+01
 5.78000000e+02 1.50000000e+01 7.72546343e+01
 5.79000000e+02 1.50000000e+01 7.82953832e+01
 5.80000000e+02 1.50000000e+01 7.93361321e+01
 5.81000000e+02 1.50000000e+01 7.93768810e+01
 5.82000000e+02 1.50000000e+01 7.84176299e+01
 5.83000000e+02 1.50000000e+01 7.84583788e+01
 5.84000000e+02 1.50000000e+01 7.84991277e+01
 5.85000000e+02 1.50000000e+01 7.85398766e+01
 5.86000000e+02 1.50000000e+01 7.85806255e+01
 5.87000000e+02 1.50000000e+01 7.96213744e+01
 5.88000000e+02 1.50000000e+01 7.96621233e+01
 5.89000000e+02 1.50000000e+01 7.87028722e+01
 5.90000000e+02 1.50000000e+01 7.87436211e+01
 5.91000000e+02 1.50000000e+01 7.97843700e+01
 5.92000000e+02 1.50000000e+01 7.98251190e+01
 5.93000000e+02 1.50000000e+01 8.08658679e+01
 5.94000000e+02 1.50000000e+01 8.09066168e+01
 5.95000000e+02 1.50000000e+01 8.09473657e+01
 5.96000000e+02 1.50000000e+01 8.09881146e+01
 5.97000000e+02 1.50000000e+01 8.10288635e+01
 5.98000000e+02 1.50000000e+01 8.10696124e+01
 5.99000000e+02 1.50000000e+01 8.01103613e+01
 6.00000000e+02 1.50000000e+01 8.11511102e+01
 6.01000000e+02 1.50000000e+01 8.11918591e+01
 6.02000000e+02 1.50000000e+01 8.02326080e+01
 6.03000000e+02 1.50000000e+01 8.12733569e+01
 6.04000000e+02 1.50000000e+01 8.13141058e+01
 6.05000000e+02 1.50000000e+01 8.13548547e+01
 6.06000000e+02 1.50000000e+01 8.13956036e+01
 6.07000000e+02 1.50000000e+01 8.14363525e+01
 6.08000000e+02 1.50000000e+01 8.14771014e+01
 6.09000000e+02 1.50000000e+01 8.15178503e+01
 6.10000000e+02 1.50000000e+01 8.25585992e+01
 6.11000000e+02 1.50000000e+01 8.35993481e+01
 6.12000000e+02 1.50000000e+01 8.26400970e+01
 6.13000000e+02 1.50000000e+01 8.26808459e+01
 6.14000000e+02 1.50000000e+01 8.37215948e+01
 6.15000000e+02 1.50000000e+01 8.37623437e+01
 6.16000000e+02 1.50000000e+01 8.28030926e+01
 6.17000000e+02 1.50000000e+01 8.28438415e+01
 6.18000000e+02 1.50000000e+01 8.38845905e+01
 6.19000000e+02 1.50000000e+01 8.39253394e+01
 6.20000000e+02 1.50000000e+01 8.49660883e+01
 6.21000000e+02 1.50000000e+01 8.50068372e+01
 6.22000000e+02 1.50000000e+01 8.40475861e+01
 6.23000000e+02 1.50000000e+01 8.40883350e+01
 6.24000000e+02 1.50000000e+01 8.41290839e+01
 6.25000000e+02 1.50000000e+01 8.41698328e+01
 6.26000000e+02 1.50000000e+01 8.42105817e+01
 6.27000000e+02 1.50000000e+01 8.52513306e+01
 6.28000000e+02 1.50000000e+01 8.42920795e+01
 6.29000000e+02 1.50000000e+01 8.43328284e+01
 6.30000000e+02 1.50000000e+01 8.43735773e+01
 6.31000000e+02 1.50000000e+01 8.44143262e+01
 6.32000000e+02 1.50000000e+01 8.44550751e+01
 6.33000000e+02 1.50000000e+01 8.44958240e+01
