 1.00000000e+00 1.20000000e+01 3.27425168e+01
 2.00000000e+00 1.20000000e+01 3.27832657e+01
 3.00000000e+00 1.20000000e+01 3.28240146e+01
 4.00000000e+00 1.20000000e+01 3.38647635e+01
 5.00000000e+00 1.20000000e+01 3.39055124e+01
 6.00000000e+00 1.20000000e+01 3.39462613e+01
 7.00000000e+00 1.20000000e+01 3.39870102e+01
 8.00000000e+00 1.20000000e+01 3.30277591e+01
 9.00000000e+00 1.20000000e+01 3.30685080e+01
 1.00000000e+01 1.20000000e+01 3.31092569e+01
 1.10000000e+01 1.20000000e+01 3.31500058e+01
 1.20000000e+01 1.20000000e+01 3.31907547e+01
 1.30000000e+01 1.20000000e+01 3.32315036e+01
 1.40000000e+01 1.20000000e+01 3.32722525e+01
 1.50000000e+01 1.20000000e+01 3.33130014e+01
 1.60000000e+01 1.20000000e+01 3.33537503e+01
 1.70000000e+01 1.20000000e+01 3.33944992e+01
 1.80000000e+01 1.20000000e+01 3.24352481e+01
 1.90000000e+01 1.20000000e+01 3.24759971e+01
 2.00000000e+01 1.20000000e+01 3.25167460e+01
 2.10000000e+01 1.20000000e+01 3.15574949e+01
 2.20000000e+01 1.20000000e+01 3.15982438e+01
 2.30000000e+01 1.20000000e+01 3.26389927e+01
 2.40000000e+01 1.20000000e+01 3.26797416e+01
 2.50000000e+01 1.20000000e+01 3.27204905e+01
 2.60000000e+01 1.20000000e+01 3.27612394e+01
 2.70000000e+01 1.20000000e+01 3.28019883e+01
 2.80000000e+01 1.20000000e+01 3.38427372e+01
 2.90000000e+01 1.20000000e+01 3.38834861e+01
 3.00000000e+01 1.20000000e+01 3.39242350e+01
 3.10000000e+01 1.20000000e+01 3.39649839e+01
 3.20000000e+01 1.20000000e+01 3.40057328e+01
 3.30000000e+01 1.20000000e+01 3.40464817e+01
 3.40000000e+01 1.20000000e+01 3.40872306e+01
 3.50000000e+01 1.20000000e+01 3.41279795e+01
 3.60000000e+01 1.20000000e+01 3.51687284e+01
 3.70000000e+01 1.20000000e+01 2.92094773e+01
 3.80000000e+01 1.20000000e+01 3.02502262e+01
 3.90000000e+01 1.20000000e+01 3.12909751e+01
 4.00000000e+01 1.20000000e+01 3.13317240e+01
 4.10000000e+01 1.20000000e+01 3.13724729e+01
 4.20000000e+01 1.20000000e+01 3.14132218e+01
 4.30000000e+01 1.20000000e+01 3.24539707e+01
 4.40000000e+01 1.20000000e+01 3.24947196e+01
 4.50000000e+01 1.20000000e+01 3.25354686e+01
 4.60000000e+01 1.20000000e+01 3.25762175e+01
 4.70000000e+01 1.20000000e+01 3.36169664e+01
 4.80000000e+01 1.20000000e+01 3.36577153e+01
 4.90000000e+01 1.20000000e+01 3.36984642e+01
 5.00000000e+01 1.20000000e+01 3.37392131e+01
 5.10000000e+01 1.20000000e+01 3.27799620e+01
 5.20000000e+01 1.20000000e+01 3.28207109e+01
 5.30000000e+01 1.20000000e+01 3.38614598e+01
 5.40000000e+01 1.20000000e+01 3.39022087e+01
 5.50000000e+01 1.20000000e+01 3.29429576e+01
 5.60000000e+01 1.20000000e+01 3.29837065e+01
 5.70000000e+01 1.20000000e+01 3.30244554e+01
 5.80000000e+01 1.20000000e+01 3.30652043e+01
 5.90000000e+01 1.20000000e+01 3.41059532e+01
 6.00000000e+01 1.20000000e+01 3.41467021e+01
 6.10000000e+01 1.20000000e+01 3.41874510e+01
 6.20000000e+01 1.20000000e+01 3.42281999e+01
 6.30000000e+01 1.20000000e+01 3.42689488e+01
 6.40000000e+01 1.20000000e+01 3.43096977e+01
 6.50000000e+01 1.20000000e+01 3.43504466e+01
 6.60000000e+01 1.20000000e+01 3.43911955e+01
 6.70000000e+01 1.20000000e+01 3.44319444e+01
 6.80000000e+01 1.20000000e+01 3.44726933e+01
 6.90000000e+01 1.20000000e+01 3.45134422e+01
 7.00000000e+01 1.20000000e+01 3.45541911e+01
 7.10000000e+01 1.20000000e+01 3.35949401e+01
 7.20000000e+01 1.20000000e+01 3.36356890e+01
 7.30000000e+01 1.20000000e+01 3.46764379e+01
 7.40000000e+01 1.20000000e+01 3.47171868e+01
 7.50000000e+01 1.20000000e+01 3.57579357e+01
 7.60000000e+01 1.20000000e+01 3.47986846e+01
 7.70000000e+01 1.20000000e+01 3.58394335e+01
 7.80000000e+01 1.20000000e+01 3.58801824e+01
 7.90000000e+01 1.20000000e+01 3.59209313e+01
 8.00000000e+01 1.20000000e+01 3.59616802e+01
 8.10000000e+01 1.20000000e+01 3.60024291e+01
 8.20000000e+01 1.20000000e+01 3.60431780e+01
 8.30000000e+01 1.20000000e+01 3.50839269e+01
 8.40000000e+01 1.20000000e+01 3.51246758e+01
 8.50000000e+01 1.20000000e+01 3.51654247e+01
 8.60000000e+01 1.20000000e+01 3.52061736e+01
 8.70000000e+01 1.20000000e+01 3.52469225e+01
 8.80000000e+01 1.20000000e+01 3.52876714e+01
 8.90000000e+01 1.20000000e+01 3.53284203e+01
 9.00000000e+01 1.20000000e+01 3.43691692e+01
 9.10000000e+01 1.20000000e+01 3.44099181e+01
 9.20000000e+01 1.20000000e+01 3.44506670e+01
 9.30000000e+01 1.20000000e+01 3.34914159e+01
 9.40000000e+01 1.20000000e+01 3.45321648e+01
 9.50000000e+01 1.20000000e+01 3.45729137e+01
 9.60000000e+01 1.20000000e+01 3.46136626e+01
 9.70000000e+01 1.20000000e+01 3.46544116e+01
 9.80000000e+01 1.20000000e+01 3.56951605e+01
 9.90000000e+01 1.20000000e+01 3.57359094e+01
 1.00000000e+02 1.20000000e+01 3.57766583e+01
 1.01000000e+02 1.20000000e+01 3.58174072e+01
 1.02000000e+02 1.20000000e+01 3.58581561e+01
 1.03000000e+02 1.20000000e+01 3.48989050e+01
 1.04000000e+02 1.20000000e+01 3.49396539e+01
 1.05000000e+02 1.20000000e+01 3.49804028e+01
 1.06000000e+02 1.20000000e+01 3.40211517e+01
 1.07000000e+02 1.20000000e+01 3.40619006e+01
 1.08000000e+02 1.20000000e+01 3.41026495e+01
 1.09000000e+02 1.20000000e+01 3.41433984e+01
 1.10000000e+02 1.20000000e+01 3.41841473e+01
 1.11000000e+02 1.20000000e+01 3.42248962e+01
 1.12000000e+02 1.20000000e+01 3.42656451e+01
 1.13000000e+02 1.20000000e+01 3.43063940e+01
 1.14000000e+02 1.20000000e+01 3.43471429e+01
 1.15000000e+02 1.20000000e+01 3.43878918e+01
 1.16000000e+02 1.20000000e+01 3.34286407e+01
 1.17000000e+02 1.20000000e+01 3.34693896e+01
 1.18000000e+02 1.20000000e+01 3.35101385e+01
 1.19000000e+02 1.20000000e+01 3.35508874e+01
 1.20000000e+02 1.20000000e+01 3.35916363e+01
 1.21000000e+02 1.20000000e+01 3.36323852e+01
 1.22000000e+02 1.20000000e+01 3.36731341e+01
 1.23000000e+02 1.20000000e+01 3.47138831e+01
 1.24000000e+02 1.20000000e+01 3.37546320e+01
 1.25000000e+02 1.20000000e+01 3.37953809e+01
 1.26000000e+02 1.20000000e+01 3.38361298e+01
 1.27000000e+02 1.20000000e+01 3.38768787e+01
 1.28000000e+02 1.20000000e+01 3.39176276e+01
 1.29000000e+02 1.20000000e+01 3.39583765e+01
 1.30000000e+02 1.20000000e+01 3.49991254e+01
 1.31000000e+02 1.20000000e+01 3.50398743e+01
 1.32000000e+02 1.20000000e+01 3.50806232e+01
 1.33000000e+02 1.20000000e+01 3.51213721e+01
 1.34000000e+02 1.20000000e+01 3.51621210e+01
 1.35000000e+02 1.20000000e+01 3.52028699e+01
 1.36000000e+02 1.20000000e+01 3.52436188e+01
 1.37000000e+02 1.20000000e+01 3.52843677e+01
 1.38000000e+02 1.20000000e+01 3.53251166e+01
 1.39000000e+02 1.20000000e+01 3.53658655e+01
 1.40000000e+02 1.20000000e+01 3.44066144e+01
 1.41000000e+02 1.20000000e+01 3.54473633e+01
 1.42000000e+02 1.20000000e+01 3.54881122e+01
 1.43000000e+02 1.20000000e+01 3.55288611e+01
 1.44000000e+02 1.20000000e+01 2.95696100e+01
 1.45000000e+02 1.20000000e+01 2.96103589e+01
 1.46000000e+02 1.20000000e+01 3.06511078e+01
 1.47000000e+02 1.20000000e+01 3.06918567e+01
 1.48000000e+02 1.20000000e+01 2.97326056e+01
 1.49000000e+02 1.20000000e+01 2.97733546e+01
 1.50000000e+02 1.20000000e+01 2.98141035e+01
 1.51000000e+02 1.20000000e+01 2.98548524e+01
 1.52000000e+02 1.20000000e+01 2.98956013e+01
 1.53000000e+02 1.20000000e+01 2.89363502e+01
 1.54000000e+02 1.20000000e+01 2.89770991e+01
 1.55000000e+02 1.20000000e+01 2.90178480e+01
 1.56000000e+02 1.20000000e+01 2.90585969e+01
 1.57000000e+02 1.20000000e+01 2.90993458e+01
 1.58000000e+02 1.20000000e+01 2.91400947e+01
 1.59000000e+02 1.20000000e+01 2.91808436e+01
 1.60000000e+02 1.20000000e+01 2.92215925e+01
 1.61000000e+02 1.20000000e+01 2.92623414e+01
 1.62000000e+02 1.20000000e+01 2.93030903e+01
 1.63000000e+02 1.20000000e+01 2.93438392e+01
 1.64000000e+02 1.20000000e+01 2.93845881e+01
 1.65000000e+02 1.20000000e+01 3.04253370e+01
 1.66000000e+02 1.20000000e+01 3.04660859e+01
 1.67000000e+02 1.20000000e+01 3.05068348e+01
 1.68000000e+02 1.20000000e+01 2.95475837e+01
 1.69000000e+02 1.20000000e+01 3.05883326e+01
 1.70000000e+02 1.20000000e+01 3.06290815e+01
 1.71000000e+02 1.20000000e+01 3.06698304e+01
 1.72000000e+02 1.20000000e+01 3.27105793e+01
 1.73000000e+02 1.20000000e+01 3.37513282e+01
 1.74000000e+02 1.20000000e+01 3.37920771e+01
 1.75000000e+02 1.20000000e+01 3.38328261e+01
 1.76000000e+02 1.20000000e+01 3.38735750e+01
 1.77000000e+02 1.20000000e+01 3.39143239e+01
 1.78000000e+02 1.20000000e+01 3.29550728e+01
 1.79000000e+02 1.20000000e+01 3.19958217e+01
 1.80000000e+02 1.20000000e+01 3.10365706e+01
 1.81000000e+02 1.20000000e+01 3.10773195e+01
 1.82000000e+02 1.20000000e+01 3.21180684e+01
 1.83000000e+02 1.20000000e+01 3.11588173e+01
 1.84000000e+02 1.20000000e+01 3.11995662e+01
 1.85000000e+02 1.20000000e+01 3.12403151e+01
 1.86000000e+02 1.20000000e+01 3.02810640e+01
 1.87000000e+02 1.20000000e+01 3.03218129e+01
 1.88000000e+02 1.20000000e+01 3.03625618e+01
 1.89000000e+02 1.20000000e+01 3.04033107e+01
 1.90000000e+02 1.20000000e+01 3.04440596e+01
 1.91000000e+02 1.20000000e+01 3.04848085e+01
 1.92000000e+02 1.20000000e+01 3.15255574e+01
 1.93000000e+02 1.20000000e+01 3.15663063e+01
 1.94000000e+02 1.20000000e+01 3.06070552e+01
 1.95000000e+02 1.20000000e+01 3.16478041e+01
 1.96000000e+02 1.20000000e+01 3.26885530e+01
 1.97000000e+02 1.20000000e+01 3.27293019e+01
 1.98000000e+02 1.20000000e+01 3.37700508e+01
 1.99000000e+02 1.20000000e+01 3.58107997e+01
 2.00000000e+02 1.20000000e+01 3.68515486e+01
 2.01000000e+02 1.20000000e+01 3.78922976e+01
 2.02000000e+02 1.20000000e+01 3.89330465e+01
 2.03000000e+02 1.20000000e+01 3.99737954e+01
 2.04000000e+02 1.20000000e+01 4.10145443e+01
 2.05000000e+02 1.20000000e+01 4.10552932e+01
 2.06000000e+02 1.20000000e+01 4.10960421e+01
 2.07000000e+02 1.20000000e+01 3.91367910e+01
 2.08000000e+02 1.20000000e+01 3.81775399e+01
 2.09000000e+02 1.20000000e+01 3.72182888e+01
 2.10000000e+02 1.20000000e+01 3.72590377e+01
 2.11000000e+02 1.20000000e+01 3.72997866e+01
 2.12000000e+02 1.20000000e+01 3.73405355e+01
 2.13000000e+02 1.20000000e+01 3.73812844e+01
 2.14000000e+02 1.20000000e+01 3.74220333e+01
 2.15000000e+02 1.20000000e+01 3.74627822e+01
 2.16000000e+02 1.20000000e+01 3.75035311e+01
 2.17000000e+02 1.20000000e+01 3.75442800e+01
 2.18000000e+02 1.20000000e+01 3.75850289e+01
 2.19000000e+02 1.20000000e+01 3.76257778e+01
 2.20000000e+02 1.20000000e+01 3.76665267e+01
 2.21000000e+02 1.20000000e+01 3.77072756e+01
 2.22000000e+02 1.20000000e+01 3.77480245e+01
 2.23000000e+02 1.20000000e+01 3.77887734e+01
 2.24000000e+02 1.20000000e+01 3.78295223e+01
 2.25000000e+02 1.20000000e+01 3.78702712e+01
 2.26000000e+02 1.20000000e+01 3.79110201e+01
 2.27000000e+02 1.20000000e+01 3.89517691e+01
 2.28000000e+02 1.20000000e+01 3.89925180e+01
 2.29000000e+02 1.20000000e+01 3.90332669e+01
 2.30000000e+02 1.20000000e+01 3.90740158e+01
 2.31000000e+02 1.20000000e+01 3.91147647e+01
 2.32000000e+02 1.20000000e+01 3.91555136e+01
 2.33000000e+02 1.20000000e+01 3.91962625e+01
 2.34000000e+02 1.20000000e+01 3.92370114e+01
 2.35000000e+02 1.20000000e+01 3.92777603e+01
 2.36000000e+02 1.20000000e+01 3.93185092e+01
 2.37000000e+02 1.20000000e+01 4.03592581e+01
 2.38000000e+02 1.20000000e+01 4.04000070e+01
 2.39000000e+02 1.20000000e+01 4.04407559e+01
 2.40000000e+02 1.20000000e+01 4.14815048e+01
 2.41000000e+02 1.20000000e+01 4.15222537e+01
 2.42000000e+02 1.20000000e+01 4.15630026e+01
 2.43000000e+02 1.20000000e+01 4.16037515e+01
 2.44000000e+02 1.20000000e+01 4.26445004e+01
 2.45000000e+02 1.20000000e+01 4.26852493e+01
 2.46000000e+02 1.20000000e+01 4.27259982e+01
 2.47000000e+02 1.20000000e+01 4.17667471e+01
 2.48000000e+02 1.20000000e+01 4.18074960e+01
 2.49000000e+02 1.20000000e+01 4.18482449e+01
 2.50000000e+02 1.20000000e+01 4.18889938e+01
 2.51000000e+02 1.20000000e+01 4.19297427e+01
 2.52000000e+02 1.20000000e+01 4.19704916e+01
 2.53000000e+02 1.20000000e+01 4.10112406e+01
 2.54000000e+02 1.20000000e+01 4.10519895e+01
 2.55000000e+02 1.20000000e+01 4.10927384e+01
 2.56000000e+02 1.20000000e+01 4.11334873e+01
 2.57000000e+02 1.20000000e+01 4.11742362e+01
 2.58000000e+02 1.20000000e+01 4.12149851e+01
 2.59000000e+02 1.20000000e+01 4.12557340e+01
 2.60000000e+02 1.20000000e+01 4.12964829e+01
 2.61000000e+02 1.20000000e+01 4.13372318e+01
 2.62000000e+02 1.20000000e+01 4.13779807e+01
 2.63000000e+02 1.20000000e+01 4.14187296e+01
 2.64000000e+02 1.20000000e+01 4.14594785e+01
 2.65000000e+02 1.20000000e+01 4.15002274e+01
 2.66000000e+02 1.20000000e+01 4.25409763e+01
 2.67000000e+02 1.20000000e+01 4.25817252e+01
 2.68000000e+02 1.20000000e+01 4.26224741e+01
 2.69000000e+02 1.20000000e+01 4.26632230e+01
 2.70000000e+02 1.20000000e+01 4.27039719e+01
 2.71000000e+02 1.20000000e+01 4.27447208e+01
 2.72000000e+02 1.20000000e+01 4.27854697e+01
 2.73000000e+02 1.20000000e+01 4.28262186e+01
 2.74000000e+02 1.20000000e+01 4.08669675e+01
 2.75000000e+02 1.20000000e+01 3.59077164e+01
 2.76000000e+02 1.20000000e+01 3.39484653e+01
 2.77000000e+02 1.20000000e+01 3.39892142e+01
 2.78000000e+02 1.20000000e+01 3.40299631e+01
 2.79000000e+02 1.20000000e+01 3.50707121e+01
 2.80000000e+02 1.20000000e+01 3.41114610e+01
 2.81000000e+02 1.20000000e+01 3.41522099e+01
 2.82000000e+02 1.20000000e+01 3.41929588e+01
 2.83000000e+02 1.20000000e+01 3.32337077e+01
 2.84000000e+02 1.20000000e+01 3.32744566e+01
 2.85000000e+02 1.20000000e+01 3.33152055e+01
 2.86000000e+02 1.20000000e+01 3.43559544e+01
 2.87000000e+02 1.20000000e+01 3.33967033e+01
 2.88000000e+02 1.20000000e+01 3.34374522e+01
 2.89000000e+02 1.20000000e+01 3.34782011e+01
 2.90000000e+02 1.20000000e+01 3.35189500e+01
 2.91000000e+02 1.20000000e+01 3.35596989e+01
 2.92000000e+02 1.20000000e+01 3.36004478e+01
 2.93000000e+02 1.20000000e+01 3.26411967e+01
 2.94000000e+02 1.20000000e+01 3.26819456e+01
 2.95000000e+02 1.20000000e+01 3.27226945e+01
 2.96000000e+02 1.20000000e+01 3.17634434e+01
 2.97000000e+02 1.20000000e+01 3.18041923e+01
 2.98000000e+02 1.20000000e+01 3.08449412e+01
 2.99000000e+02 1.20000000e+01 3.08856901e+01
 3.00000000e+02 1.20000000e+01 2.99264390e+01
 3.01000000e+02 1.20000000e+01 2.99671879e+01
 3.02000000e+02 1.20000000e+01 3.00079368e+01
 3.03000000e+02 1.20000000e+01 3.00486857e+01
 3.04000000e+02 1.20000000e+01 2.90894346e+01
 3.05000000e+02 1.20000000e+01 2.81301836e+01
 3.06000000e+02 1.20000000e+01 2.71709325e+01
 3.07000000e+02 1.20000000e+01 3.52116814e+01
 3.08000000e+02 1.20000000e+01 3.52524303e+01
 3.09000000e+02 1.20000000e+01 3.62931792e+01
 3.10000000e+02 1.20000000e+01 3.63339281e+01
 3.11000000e+02 1.20000000e+01 3.83746770e+01
 3.12000000e+02 1.20000000e+01 3.94154259e+01
 3.13000000e+02 1.20000000e+01 4.04561748e+01
 3.14000000e+02 1.20000000e+01 4.14969237e+01
 3.15000000e+02 1.20000000e+01 4.25376726e+01
 3.16000000e+02 1.20000000e+01 4.15784215e+01
 3.17000000e+02 1.20000000e+01 4.06191704e+01
 3.18000000e+02 1.20000000e+01 4.06599193e+01
 3.19000000e+02 1.20000000e+01 4.07006682e+01
 3.20000000e+02 1.20000000e+01 4.07414171e+01
 3.21000000e+02 1.20000000e+01 4.17821660e+01
 3.22000000e+02 1.20000000e+01 3.88229149e+01
 3.23000000e+02 1.20000000e+01 3.68636638e+01
 3.24000000e+02 1.20000000e+01 3.29044127e+01
 3.25000000e+02 1.20000000e+01 3.99451616e+01
 3.26000000e+02 1.20000000e+01 4.19859105e+01
 3.27000000e+02 1.20000000e+01 4.10266594e+01
 3.28000000e+02 1.20000000e+01 4.10674083e+01
 3.29000000e+02 1.20000000e+01 3.71081572e+01
 3.30000000e+02 1.20000000e+01 3.61489061e+01
 3.31000000e+02 1.20000000e+01 3.51896551e+01
 3.32000000e+02 1.20000000e+01 3.42304040e+01
 3.33000000e+02 1.20000000e+01 3.12711529e+01
 3.34000000e+02 1.20000000e+01 2.93119018e+01
 3.35000000e+02 1.20000000e+01 2.93526507e+01
 3.36000000e+02 1.20000000e+01 2.93933996e+01
 3.37000000e+02 1.20000000e+01 3.04341485e+01
 3.38000000e+02 1.20000000e+01 3.44748974e+01
 3.39000000e+02 1.20000000e+01 3.45156463e+01
 3.40000000e+02 1.20000000e+01 3.45563952e+01
 3.41000000e+02 1.20000000e+01 3.85971441e+01
 3.42000000e+02 1.20000000e+01 3.86378930e+01
 3.43000000e+02 1.20000000e+01 3.86786419e+01
 3.44000000e+02 1.20000000e+01 4.17193908e+01
 3.45000000e+02 1.20000000e+01 4.47601397e+01
 3.46000000e+02 1.20000000e+01 4.68008886e+01
 3.47000000e+02 1.20000000e+01 4.78416375e+01
 3.48000000e+02 1.20000000e+01 4.78823864e+01
 3.49000000e+02 1.20000000e+01 5.29231353e+01
 3.50000000e+02 1.20000000e+01 5.89638842e+01
 3.51000000e+02 1.20000000e+01 6.00046331e+01
 3.52000000e+02 1.20000000e+01 6.20453820e+01
 3.53000000e+02 1.20000000e+01 6.30861309e+01
 3.54000000e+02 1.20000000e+01 6.61268798e+01
 3.55000000e+02 1.20000000e+01 6.61676287e+01
 3.56000000e+02 1.20000000e+01 6.82083776e+01
 3.57000000e+02 1.20000000e+01 6.62491266e+01
 3.58000000e+02 1.20000000e+01 6.12898755e+01
 3.59000000e+02 1.20000000e+01 4.83306244e+01
 3.60000000e+02 1.20000000e+01 4.43713733e+01
 3.61000000e+02 1.20000000e+01 4.54121222e+01
 3.62000000e+02 1.20000000e+01 4.54528711e+01
 3.63000000e+02 1.20000000e+01 4.54936200e+01
 3.64000000e+02 1.20000000e+01 4.55343689e+01
 3.65000000e+02 1.20000000e+01 4.55751178e+01
 3.66000000e+02 1.20000000e+01 4.56158667e+01
 3.67000000e+02 1.20000000e+01 4.56566156e+01
 3.68000000e+02 1.20000000e+01 4.56973645e+01
 3.69000000e+02 1.20000000e+01 4.67381134e+01
 3.70000000e+02 1.20000000e+01 4.77788623e+01
 3.71000000e+02 1.20000000e+01 4.78196112e+01
 3.72000000e+02 1.20000000e+01 4.78603601e+01
 3.73000000e+02 1.20000000e+01 4.79011090e+01
 3.74000000e+02 1.20000000e+01 4.79418579e+01
 3.75000000e+02 1.20000000e+01 4.89826068e+01
 3.76000000e+02 1.20000000e+01 4.90233557e+01
 3.77000000e+02 1.20000000e+01 5.00641046e+01
 3.78000000e+02 1.20000000e+01 5.11048535e+01
 3.79000000e+02 1.20000000e+01 5.11456024e+01
 3.80000000e+02 1.20000000e+01 5.11863513e+01
 3.81000000e+02 1.20000000e+01 5.02271002e+01
 3.82000000e+02 1.20000000e+01 5.12678491e+01
 3.83000000e+02 1.20000000e+01 5.13085981e+01
 3.84000000e+02 1.20000000e+01 5.23493470e+01
 3.85000000e+02 1.20000000e+01 5.23900959e+01
 3.86000000e+02 1.20000000e+01 5.24308448e+01
 3.87000000e+02 1.20000000e+01 5.24715937e+01
 3.88000000e+02 1.20000000e+01 5.35123426e+01
 3.89000000e+02 1.20000000e+01 5.35530915e+01
 3.90000000e+02 1.20000000e+01 5.25938404e+01
 3.91000000e+02 1.20000000e+01 5.26345893e+01
 3.92000000e+02 1.20000000e+01 5.16753382e+01
 3.93000000e+02 1.20000000e+01 5.17160871e+01
 3.94000000e+02 1.20000000e+01 5.27568360e+01
 3.95000000e+02 1.20000000e+01 5.27975849e+01
 3.96000000e+02 1.20000000e+01 5.28383338e+01
 3.97000000e+02 1.20000000e+01 5.28790827e+01
 3.98000000e+02 1.20000000e+01 5.29198316e+01
 3.99000000e+02 1.20000000e+01 5.29605805e+01
 4.00000000e+02 1.20000000e+01 5.20013294e+01
 4.01000000e+02 1.20000000e+01 5.20420783e+01
 4.02000000e+02 1.20000000e+01 5.20828272e+01
 4.03000000e+02 1.20000000e+01 5.11235761e+01
 4.04000000e+02 1.20000000e+01 5.01643250e+01
 4.05000000e+02 1.20000000e+01 5.12050739e+01
 4.06000000e+02 1.20000000e+01 5.02458228e+01
 4.07000000e+02 1.20000000e+01 5.12865717e+01
 4.08000000e+02 1.20000000e+01 5.13273206e+01
 4.09000000e+02 1.20000000e+01 5.23680696e+01
 4.10000000e+02 1.20000000e+01 5.24088185e+01
 4.11000000e+02 1.20000000e+01 5.24495674e+01
 4.12000000e+02 1.20000000e+01 5.24903163e+01
 4.13000000e+02 1.20000000e+01 5.25310652e+01
 4.14000000e+02 1.20000000e+01 5.25718141e+01
 4.15000000e+02 1.20000000e+01 5.26125630e+01
 4.16000000e+02 1.20000000e+01 5.26533119e+01
 4.17000000e+02 1.20000000e+01 5.16940608e+01
 4.18000000e+02 1.20000000e+01 5.17348097e+01
 4.19000000e+02 1.20000000e+01 5.27755586e+01
 4.20000000e+02 1.20000000e+01 5.58163075e+01
 4.21000000e+02 1.20000000e+01 5.68570564e+01
 4.22000000e+02 1.20000000e+01 5.78978053e+01
 4.23000000e+02 1.20000000e+01 5.79385542e+01
 4.24000000e+02 1.20000000e+01 5.89793031e+01
 4.25000000e+02 1.20000000e+01 5.90200520e+01
 4.26000000e+02 1.20000000e+01 5.80608009e+01
 4.27000000e+02 1.20000000e+01 5.71015498e+01
 4.28000000e+02 1.20000000e+01 5.71422987e+01
 4.29000000e+02 1.20000000e+01 5.61830476e+01
 4.30000000e+02 1.20000000e+01 5.52237965e+01
 4.31000000e+02 1.20000000e+01 5.52645454e+01
 4.32000000e+02 1.20000000e+01 5.53052943e+01
 4.33000000e+02 1.20000000e+01 5.53460432e+01
 4.34000000e+02 1.20000000e+01 5.63867921e+01
 4.35000000e+02 1.20000000e+01 5.64275411e+01
 4.36000000e+02 1.20000000e+01 5.44682900e+01
 4.37000000e+02 1.20000000e+01 5.45090389e+01
 4.38000000e+02 1.20000000e+01 5.45497878e+01
 4.39000000e+02 1.20000000e+01 5.45905367e+01
 4.40000000e+02 1.20000000e+01 5.46312856e+01
 4.41000000e+02 1.20000000e+01 5.46720345e+01
 4.42000000e+02 1.20000000e+01 5.57127834e+01
 4.43000000e+02 1.20000000e+01 5.47535323e+01
 4.44000000e+02 1.20000000e+01 5.47942812e+01
 4.45000000e+02 1.20000000e+01 5.58350301e+01
 4.46000000e+02 1.20000000e+01 5.68757790e+01
 4.47000000e+02 1.20000000e+01 5.89165279e+01
 4.48000000e+02 1.20000000e+01 5.89572768e+01
 4.49000000e+02 1.20000000e+01 5.99980257e+01
 4.50000000e+02 1.20000000e+01 6.20387746e+01
 4.51000000e+02 1.20000000e+01 6.20795235e+01
 4.52000000e+02 1.20000000e+01 6.21202724e+01
 4.53000000e+02 1.20000000e+01 6.21610213e+01
 4.54000000e+02 1.20000000e+01 6.22017702e+01
 4.55000000e+02 1.20000000e+01 6.12425191e+01
 4.56000000e+02 1.20000000e+01 6.02832680e+01
 4.57000000e+02 1.20000000e+01 6.03240169e+01
 4.58000000e+02 1.20000000e+01 5.93647658e+01
 4.59000000e+02 1.20000000e+01 5.94055147e+01
 4.60000000e+02 1.20000000e+01 5.94462636e+01
 4.61000000e+02 1.20000000e+01 5.94870125e+01
 4.62000000e+02 1.20000000e+01 5.85277615e+01
 4.63000000e+02 1.20000000e+01 5.95685104e+01
 4.69000000e+02 1.20000000e+01 7.48130038e+01
 4.70000000e+02 1.20000000e+01 7.08537527e+01
 4.71000000e+02 1.20000000e+01 7.38945016e+01
 4.72000000e+02 1.20000000e+01 7.19352505e+01
 4.73000000e+02 1.20000000e+01 7.29759994e+01
 4.74000000e+02 1.20000000e+01 7.30167483e+01
 4.75000000e+02 1.20000000e+01 7.10574972e+01
 4.76000000e+02 1.20000000e+01 6.80982461e+01
 4.77000000e+02 1.20000000e+01 6.61389950e+01
 4.78000000e+02 1.20000000e+01 6.61797439e+01
 4.79000000e+02 1.20000000e+01 6.62204928e+01
 4.80000000e+02 1.20000000e+01 6.52612417e+01
 4.81000000e+02 1.20000000e+01 6.63019906e+01
 4.82000000e+02 1.20000000e+01 6.63427395e+01
 4.83000000e+02 1.20000000e+01 6.53834884e+01
 4.84000000e+02 1.20000000e+01 6.64242373e+01
 4.85000000e+02 1.20000000e+01 6.64649862e+01
 4.86000000e+02 1.20000000e+01 6.55057351e+01
 4.87000000e+02 1.20000000e+01 6.65464840e+01
 4.88000000e+02 1.20000000e+01 6.65872330e+01
 4.89000000e+02 1.20000000e+01 6.66279819e+01
 4.90000000e+02 1.20000000e+01 6.66687308e+01
 4.91000000e+02 1.20000000e+01 6.77094797e+01
 4.92000000e+02 1.20000000e+01 6.87502286e+01
 4.93000000e+02 1.20000000e+01 6.87909775e+01
 4.94000000e+02 1.20000000e+01 6.88317264e+01
 4.95000000e+02 1.20000000e+01 6.88724753e+01
 4.96000000e+02 1.20000000e+01 6.89132242e+01
 4.97000000e+02 1.20000000e+01 6.79539731e+01
 4.98000000e+02 1.20000000e+01 6.79947220e+01
 4.99000000e+02 1.20000000e+01 6.80354709e+01
 5.00000000e+02 1.20000000e+01 6.80762198e+01
 5.01000000e+02 1.20000000e+01 6.81169687e+01
 5.02000000e+02 1.20000000e+01 6.71577176e+01
 5.03000000e+02 1.20000000e+01 6.71984665e+01
 5.04000000e+02 1.20000000e+01 6.82392154e+01
 5.05000000e+02 1.20000000e+01 6.82799643e+01
 5.06000000e+02 1.20000000e+01 6.83207132e+01
 5.07000000e+02 1.20000000e+01 6.83614621e+01
 5.08000000e+02 1.20000000e+01 6.84022110e+01
 5.09000000e+02 1.20000000e+01 6.94429599e+01
 5.10000000e+02 1.20000000e+01 6.94837088e+01
 5.11000000e+02 1.20000000e+01 7.05244577e+01
 5.12000000e+02 1.20000000e+01 7.15652066e+01
 5.13000000e+02 1.20000000e+01 7.16059555e+01
 5.14000000e+02 1.20000000e+01 7.16467045e+01
 5.15000000e+02 1.20000000e+01 7.16874534e+01
 5.16000000e+02 1.20000000e+01 7.17282023e+01
 5.17000000e+02 1.20000000e+01 7.17689512e+01
 5.18000000e+02 1.20000000e+01 7.18097001e+01
 5.19000000e+02 1.20000000e+01 7.18504490e+01
 5.20000000e+02 1.20000000e+01 7.18911979e+01
 5.21000000e+02 1.20000000e+01 7.29319468e+01
 5.22000000e+02 1.20000000e+01 7.39726957e+01
 5.23000000e+02 1.20000000e+01 7.40134446e+01
 5.24000000e+02 1.20000000e+01 7.40541935e+01
 5.25000000e+02 1.20000000e+01 7.40949424e+01
 5.26000000e+02 1.20000000e+01 7.51356913e+01
 5.27000000e+02 1.20000000e+01 7.41764402e+01
 5.28000000e+02 1.20000000e+01 7.42171891e+01
 5.29000000e+02 1.20000000e+01 7.42579380e+01
 5.30000000e+02 1.20000000e+01 7.42986869e+01
 5.31000000e+02 1.20000000e+01 7.43394358e+01
 5.32000000e+02 1.20000000e+01 7.43801847e+01
 5.33000000e+02 1.20000000e+01 7.44209336e+01
 5.34000000e+02 1.20000000e+01 7.44616825e+01
 5.35000000e+02 1.20000000e+01 7.55024314e+01
 5.36000000e+02 1.20000000e+01 7.55431803e+01
 5.37000000e+02 1.20000000e+01 7.55839292e+01
 5.38000000e+02 1.20000000e+01 7.56246781e+01
 5.39000000e+02 1.20000000e+01 7.56654270e+01
 5.40000000e+02 1.20000000e+01 7.47061760e+01
 5.41000000e+02 1.20000000e+01 7.37469249e+01
 5.42000000e+02 1.20000000e+01 7.37876738e+01
 5.43000000e+02 1.20000000e+01 7.38284227e+01
 5.44000000e+02 1.20000000e+01 7.38691716e+01
 5.45000000e+02 1.20000000e+01 7.39099205e+01
 5.46000000e+02 1.20000000e+01 7.39506694e+01
 5.47000000e+02 1.20000000e+01 7.39914183e+01
 5.48000000e+02 1.20000000e+01 7.50321672e+01
 5.49000000e+02 1.20000000e+01 7.50729161e+01
 5.50000000e+02 1.20000000e+01 7.51136650e+01
 5.51000000e+02 1.20000000e+01 7.51544139e+01
 5.52000000e+02 1.20000000e+01 7.51951628e+01
 5.53000000e+02 1.20000000e+01 7.52359117e+01
 5.54000000e+02 1.20000000e+01 7.52766606e+01
 5.55000000e+02 1.20000000e+01 7.53174095e+01
 5.56000000e+02 1.20000000e+01 7.53581584e+01
 5.57000000e+02 1.20000000e+01 7.53989073e+01
 5.58000000e+02 1.20000000e+01 7.54396562e+01
 5.59000000e+02 1.20000000e+01 7.54804051e+01
 5.60000000e+02 1.20000000e+01 7.55211540e+01
 5.61000000e+02 1.20000000e+01 7.55619029e+01
 5.62000000e+02 1.20000000e+01 7.56026518e+01
 5.63000000e+02 1.20000000e+01 7.66434007e+01
 5.64000000e+02 1.20000000e+01 7.66841496e+01
 5.65000000e+02 1.20000000e+01 7.67248985e+01
 5.66000000e+02 1.20000000e+01 7.77656475e+01
 5.67000000e+02 1.20000000e+01 7.98063964e+01
 5.68000000e+02 1.20000000e+01 8.08471453e+01
 5.69000000e+02 1.20000000e+01 8.08878942e+01
 5.70000000e+02 1.20000000e+01 7.99286431e+01
 5.71000000e+02 1.20000000e+01 7.99693920e+01
 5.72000000e+02 1.20000000e+01 8.00101409e+01
 5.73000000e+02 1.20000000e+01 7.90508898e+01
 5.74000000e+02 1.20000000e+01 7.90916387e+01
 5.75000000e+02 1.20000000e+01 8.01323876e+01
 5.76000000e+02 1.20000000e+01 7.91731365e+01
 5.77000000e+02 1.20000000e+01 7.92138854e+01
 5.78000000e+02 1.20000000e+01 7.92546343e+01
 5.79000000e+02 1.20000000e+01 7.92953832e+01
 5.80000000e+02 1.20000000e+01 7.93361321e+01
 5.81000000e+02 1.20000000e+01 7.93768810e+01
 5.82000000e+02 1.20000000e+01 7.94176299e+01
 5.83000000e+02 1.20000000e+01 7.94583788e+01
 5.84000000e+02 1.20000000e+01 7.94991277e+01
 5.85000000e+02 1.20000000e+01 7.95398766e+01
 5.86000000e+02 1.20000000e+01 7.95806255e+01
 5.87000000e+02 1.20000000e+01 7.96213744e+01
 5.88000000e+02 1.20000000e+01 7.96621233e+01
 5.89000000e+02 1.20000000e+01 7.97028722e+01
 5.90000000e+02 1.20000000e+01 7.97436211e+01
 5.91000000e+02 1.20000000e+01 8.47843700e+01
 5.92000000e+02 1.20000000e+01 8.58251190e+01
 5.93000000e+02 1.20000000e+01 8.58658679e+01
 5.94000000e+02 1.20000000e+01 8.59066168e+01
 5.95000000e+02 1.20000000e+01 8.59473657e+01
 5.96000000e+02 1.20000000e+01 8.69881146e+01
 5.97000000e+02 1.20000000e+01 8.70288635e+01
 5.98000000e+02 1.20000000e+01 8.70696124e+01
 5.99000000e+02 1.20000000e+01 8.61103613e+01
 6.00000000e+02 1.20000000e+01 8.61511102e+01
 6.01000000e+02 1.20000000e+01 8.61918591e+01
 6.02000000e+02 1.20000000e+01 8.62326080e+01
 6.03000000e+02 1.20000000e+01 8.62733569e+01
 6.04000000e+02 1.20000000e+01 8.63141058e+01
 6.05000000e+02 1.20000000e+01 8.73548547e+01
 6.06000000e+02 1.20000000e+01 8.73956036e+01
 6.07000000e+02 1.20000000e+01 8.74363525e+01
 6.08000000e+02 1.20000000e+01 8.74771014e+01
 6.09000000e+02 1.20000000e+01 8.85178503e+01
 6.10000000e+02 1.20000000e+01 8.85585992e+01
 6.11000000e+02 1.20000000e+01 8.85993481e+01
 6.12000000e+02 1.20000000e+01 8.86400970e+01
 6.13000000e+02 1.20000000e+01 8.86808459e+01
 6.14000000e+02 1.20000000e+01 8.87215948e+01
 6.15000000e+02 1.20000000e+01 8.87623437e+01
 6.16000000e+02 1.20000000e+01 8.88030926e+01
 6.17000000e+02 1.20000000e+01 8.88438415e+01
 6.18000000e+02 1.20000000e+01 8.88845905e+01
 6.19000000e+02 1.20000000e+01 8.89253394e+01
 6.20000000e+02 1.20000000e+01 8.89660883e+01
 6.21000000e+02 1.20000000e+01 8.80068372e+01
 6.22000000e+02 1.20000000e+01 8.80475861e+01
 6.23000000e+02 1.20000000e+01 8.70883350e+01
 6.24000000e+02 1.20000000e+01 8.71290839e+01
 6.25000000e+02 1.20000000e+01 8.71698328e+01
 6.26000000e+02 1.20000000e+01 8.82105817e+01
 6.27000000e+02 1.20000000e+01 8.82513306e+01
 6.28000000e+02 1.20000000e+01 8.92920795e+01
 6.29000000e+02 1.20000000e+01 8.93328284e+01
 6.30000000e+02 1.20000000e+01 9.03735773e+01
 6.31000000e+02 1.20000000e+01 9.04143262e+01
 6.32000000e+02 1.20000000e+01 9.04550751e+01
 6.33000000e+02 1.20000000e+01 9.04958240e+01
 6.34000000e+02 1.20000000e+01 8.95365729e+01
 6.35000000e+02 1.20000000e+01 8.95773218e+01
 6.36000000e+02 1.20000000e+01 9.06180707e+01
 6.37000000e+02 1.20000000e+01 8.96588196e+01
 6.38000000e+02 1.20000000e+01 8.96995685e+01
 6.39000000e+02 1.20000000e+01 9.37403174e+01
 6.40000000e+02 1.20000000e+01 9.37810663e+01
 6.41000000e+02 1.20000000e+01 9.28218152e+01
 6.42000000e+02 1.20000000e+01 9.38625641e+01
 6.43000000e+02 1.20000000e+01 9.39033130e+01
 6.44000000e+02 1.20000000e+01 9.39440620e+01
 6.45000000e+02 1.20000000e+01 9.39848109e+01
 6.46000000e+02 1.20000000e+01 9.50255598e+01
 6.47000000e+02 1.20000000e+01 9.40663087e+01
 6.48000000e+02 1.20000000e+01 9.41070576e+01
 6.49000000e+02 1.20000000e+01 9.31478065e+01
 6.50000000e+02 1.20000000e+01 9.31885554e+01
 6.51000000e+02 1.20000000e+01 9.32293043e+01
 6.52000000e+02 1.20000000e+01 9.32700532e+01
 6.53000000e+02 1.20000000e+01 9.33108021e+01
 6.54000000e+02 1.20000000e+01 9.33515510e+01
 6.55000000e+02 1.20000000e+01 9.33922999e+01
 6.56000000e+02 1.20000000e+01 9.24330488e+01
 6.57000000e+02 1.20000000e+01 9.24737977e+01
 6.62000000e+02 1.20000000e+01 8.96775422e+01
 6.63000000e+02 1.20000000e+01 8.87182911e+01
 6.64000000e+02 1.20000000e+01 8.87590400e+01
 6.65000000e+02 1.20000000e+01 8.87997889e+01
 6.66000000e+02 1.20000000e+01 8.88405378e+01
 6.67000000e+02 1.20000000e+01 8.88812867e+01
 6.68000000e+02 1.20000000e+01 8.89220356e+01
 6.69000000e+02 1.20000000e+01 8.79627845e+01
 6.70000000e+02 1.20000000e+01 8.80035335e+01
 6.71000000e+02 1.20000000e+01 8.80442824e+01
 6.72000000e+02 1.20000000e+01 8.80850313e+01
 6.73000000e+02 1.20000000e+01 8.81257802e+01
 6.74000000e+02 1.20000000e+01 8.81665291e+01
 6.75000000e+02 1.20000000e+01 8.82072780e+01
 6.76000000e+02 1.20000000e+01 8.82480269e+01
 6.77000000e+02 1.20000000e+01 8.82887758e+01
 6.78000000e+02 1.20000000e+01 8.83295247e+01
 6.79000000e+02 1.20000000e+01 8.93702736e+01
 6.80000000e+02 1.20000000e+01 8.94110225e+01
 6.81000000e+02 1.20000000e+01 8.94517714e+01
 6.82000000e+02 1.20000000e+01 8.94925203e+01
 6.83000000e+02 1.20000000e+01 9.05332692e+01
 6.84000000e+02 1.20000000e+01 9.05740181e+01
 6.85000000e+02 1.20000000e+01 9.06147670e+01
 6.87000000e+02 1.20000000e+01 9.26962648e+01
 6.88000000e+02 1.20000000e+01 9.27370137e+01
 6.89000000e+02 1.20000000e+01 9.37777626e+01
 6.90000000e+02 1.20000000e+01 9.38185115e+01
 6.91000000e+02 1.20000000e+01 9.38592604e+01
 6.92000000e+02 1.20000000e+01 9.49000093e+01
 6.93000000e+02 1.20000000e+01 9.49407582e+01
 6.94000000e+02 1.20000000e+01 9.49815071e+01
 6.95000000e+02 1.20000000e+01 9.60222560e+01
 6.96000000e+02 1.20000000e+01 9.60630050e+01
 6.97000000e+02 1.20000000e+01 9.81037539e+01
 6.98000000e+02 1.20000000e+01 9.71445028e+01
 6.99000000e+02 1.20000000e+01 9.71852517e+01
 7.00000000e+02 1.20000000e+01 9.72260006e+01
 7.01000000e+02 1.20000000e+01 9.82667495e+01
 7.02000000e+02 1.20000000e+01 9.83074984e+01
 7.03000000e+02 1.20000000e+01 9.93482473e+01
