 2.49000000e+02 1.10000000e+01 6.16222860e+01
 2.50000000e+02 1.10000000e+01 6.15858429e+01
 2.51000000e+02 1.10000000e+01 6.15493998e+01
 2.52000000e+02 1.10000000e+01 6.05129567e+01
 2.53000000e+02 1.10000000e+01 6.04765136e+01
 2.54000000e+02 1.10000000e+01 6.04400705e+01
 2.55000000e+02 1.10000000e+01 6.14036275e+01
 2.56000000e+02 1.10000000e+01 6.03671844e+01
 2.57000000e+02 1.10000000e+01 6.03307413e+01
 2.58000000e+02 1.10000000e+01 6.02942982e+01
 2.59000000e+02 1.10000000e+01 6.02578551e+01
 2.60000000e+02 1.10000000e+01 6.02214120e+01
 2.61000000e+02 1.10000000e+01 6.01849689e+01
 2.62000000e+02 1.10000000e+01 5.91485259e+01
 2.63000000e+02 1.10000000e+01 6.01120828e+01
 2.64000000e+02 1.10000000e+01 6.00756397e+01
 2.65000000e+02 1.10000000e+01 6.00391966e+01
 2.66000000e+02 1.10000000e+01 5.90027535e+01
 2.67000000e+02 1.10000000e+01 5.89663104e+01
 2.68000000e+02 1.10000000e+01 5.99298673e+01
 2.69000000e+02 1.10000000e+01 5.98934243e+01
 2.70000000e+02 1.10000000e+01 5.88569812e+01
 2.71000000e+02 1.10000000e+01 5.88205381e+01
 2.72000000e+02 1.10000000e+01 5.97840950e+01
 2.73000000e+02 1.10000000e+01 5.87476519e+01
 2.74000000e+02 1.10000000e+01 5.87112088e+01
 2.75000000e+02 1.10000000e+01 5.86747657e+01
 2.76000000e+02 1.10000000e+01 5.86383227e+01
 2.77000000e+02 1.10000000e+01 5.86018796e+01
 2.78000000e+02 1.10000000e+01 5.85654365e+01
 2.79000000e+02 1.10000000e+01 5.85289934e+01
 2.80000000e+02 1.10000000e+01 5.84925503e+01
 2.81000000e+02 1.10000000e+01 5.84561072e+01
 2.82000000e+02 1.10000000e+01 5.84196641e+01
 2.83000000e+02 1.10000000e+01 5.83832211e+01
 2.84000000e+02 1.10000000e+01 5.83467780e+01
 2.85000000e+02 1.10000000e+01 5.83103349e+01
 2.86000000e+02 1.10000000e+01 5.82738918e+01
 2.87000000e+02 1.10000000e+01 5.72374487e+01
 2.88000000e+02 1.10000000e+01 5.72010056e+01
 2.89000000e+02 1.10000000e+01 5.71645625e+01
 2.90000000e+02 1.10000000e+01 5.71281195e+01
 2.91000000e+02 1.10000000e+01 5.70916764e+01
 2.92000000e+02 1.10000000e+01 5.80552333e+01
 2.93000000e+02 1.10000000e+01 5.70187902e+01
 2.94000000e+02 1.10000000e+01 5.69823471e+01
 2.95000000e+02 1.10000000e+01 5.69459040e+01
 2.96000000e+02 1.10000000e+01 5.69094609e+01
 2.97000000e+02 1.10000000e+01 5.68730178e+01
 2.98000000e+02 1.10000000e+01 5.68365748e+01
 2.99000000e+02 1.10000000e+01 5.68001317e+01
 3.00000000e+02 1.10000000e+01 5.67636886e+01
 3.01000000e+02 1.10000000e+01 5.67272455e+01
 3.02000000e+02 1.10000000e+01 5.66908024e+01
 3.03000000e+02 1.10000000e+01 5.66543593e+01
 3.04000000e+02 1.10000000e+01 5.66179162e+01
 3.05000000e+02 1.10000000e+01 5.55814732e+01
 3.12000000e+02 1.10000000e+01 5.53263716e+01
 3.13000000e+02 1.10000000e+01 5.52899285e+01
 3.14000000e+02 1.10000000e+01 5.52534854e+01
 3.15000000e+02 1.10000000e+01 5.52170423e+01
 3.16000000e+02 1.10000000e+01 5.51805992e+01
 3.17000000e+02 1.10000000e+01 5.51441561e+01
 3.18000000e+02 1.10000000e+01 5.51077130e+01
 3.19000000e+02 1.10000000e+01 5.50712700e+01
 3.20000000e+02 1.10000000e+01 5.40348269e+01
 3.21000000e+02 1.10000000e+01 5.39983838e+01
 3.22000000e+02 1.10000000e+01 5.39619407e+01
 3.23000000e+02 1.10000000e+01 5.39254976e+01
 3.24000000e+02 1.10000000e+01 5.38890545e+01
 3.25000000e+02 1.10000000e+01 5.38526114e+01
 3.26000000e+02 1.10000000e+01 5.38161684e+01
 3.27000000e+02 1.10000000e+01 5.47797253e+01
 3.28000000e+02 1.10000000e+01 5.47432822e+01
 3.29000000e+02 1.10000000e+01 5.47068391e+01
 3.30000000e+02 1.10000000e+01 5.46703960e+01
 3.31000000e+02 1.10000000e+01 5.46339529e+01
 3.32000000e+02 1.10000000e+01 5.45975098e+01
 3.76000000e+02 1.10000000e+01 4.79940141e+01
 3.77000000e+02 1.10000000e+01 4.79575710e+01
 3.78000000e+02 1.10000000e+01 4.79211279e+01
 3.79000000e+02 1.10000000e+01 4.78846848e+01
 3.80000000e+02 1.10000000e+01 4.78482417e+01
 3.81000000e+02 1.10000000e+01 4.78117986e+01
 3.82000000e+02 1.10000000e+01 4.77753555e+01
 3.83000000e+02 1.10000000e+01 4.67389125e+01
 3.84000000e+02 1.10000000e+01 4.77024694e+01
 3.85000000e+02 1.10000000e+01 4.76660263e+01
 3.86000000e+02 1.10000000e+01 4.66295832e+01
 3.87000000e+02 1.10000000e+01 4.65931401e+01
 3.88000000e+02 1.10000000e+01 4.65566970e+01
 3.89000000e+02 1.10000000e+01 4.65202539e+01
 3.90000000e+02 1.10000000e+01 4.64838109e+01
 3.91000000e+02 1.10000000e+01 4.64473678e+01
 3.92000000e+02 1.10000000e+01 4.64109247e+01
 3.93000000e+02 1.10000000e+01 4.53744816e+01
 3.94000000e+02 1.10000000e+01 4.53380385e+01
 3.95000000e+02 1.10000000e+01 4.53015954e+01
 3.96000000e+02 1.10000000e+01 4.52651523e+01
 3.97000000e+02 1.10000000e+01 4.52287093e+01
 3.98000000e+02 1.10000000e+01 4.51922662e+01
 3.99000000e+02 1.10000000e+01 4.51558231e+01
 4.00000000e+02 1.10000000e+01 4.51193800e+01
 4.01000000e+02 1.10000000e+01 4.50829369e+01
 4.02000000e+02 1.10000000e+01 4.40464938e+01
 4.03000000e+02 1.10000000e+01 4.40100507e+01
 4.04000000e+02 1.10000000e+01 4.39736077e+01
 4.05000000e+02 1.10000000e+01 4.39371646e+01
 4.06000000e+02 1.10000000e+01 4.29007215e+01
 4.07000000e+02 1.10000000e+01 4.28642784e+01
 4.08000000e+02 1.10000000e+01 4.28278353e+01
 4.09000000e+02 1.10000000e+01 4.27913922e+01
 4.10000000e+02 1.10000000e+01 4.37549491e+01
 4.11000000e+02 1.10000000e+01 4.27185061e+01
 4.12000000e+02 1.10000000e+01 4.26820630e+01
 4.13000000e+02 1.10000000e+01 4.26456199e+01
 4.14000000e+02 1.10000000e+01 4.26091768e+01
 4.15000000e+02 1.10000000e+01 4.25727337e+01
 4.16000000e+02 1.10000000e+01 4.25362906e+01
 4.17000000e+02 1.10000000e+01 4.24998475e+01
 4.18000000e+02 1.10000000e+01 4.34634045e+01
 4.19000000e+02 1.10000000e+01 4.24269614e+01
 4.20000000e+02 1.10000000e+01 4.23905183e+01
 4.21000000e+02 1.10000000e+01 4.23540752e+01
 4.22000000e+02 1.10000000e+01 4.33176321e+01
 4.23000000e+02 1.10000000e+01 4.32811890e+01
 4.24000000e+02 1.10000000e+01 4.32447459e+01
 4.25000000e+02 1.10000000e+01 4.32083029e+01
 4.26000000e+02 1.10000000e+01 4.31718598e+01
 4.27000000e+02 1.10000000e+01 4.31354167e+01
 4.28000000e+02 1.10000000e+01 4.30989736e+01
 4.29000000e+02 1.10000000e+01 4.30625305e+01
 4.30000000e+02 1.10000000e+01 4.30260874e+01
 4.31000000e+02 1.10000000e+01 4.29896443e+01
 4.32000000e+02 1.10000000e+01 4.39532012e+01
 4.33000000e+02 1.10000000e+01 4.39167582e+01
 4.34000000e+02 1.10000000e+01 4.38803151e+01
 4.35000000e+02 1.10000000e+01 4.38438720e+01
 4.36000000e+02 1.10000000e+01 4.48074289e+01
 4.37000000e+02 1.10000000e+01 4.47709858e+01
 4.38000000e+02 1.10000000e+01 4.47345427e+01
 4.39000000e+02 1.10000000e+01 4.46980996e+01
 4.40000000e+02 1.10000000e+01 4.56616566e+01
 4.41000000e+02 1.10000000e+01 4.46252135e+01
 4.42000000e+02 1.10000000e+01 4.45887704e+01
 4.43000000e+02 1.10000000e+01 4.45523273e+01
 4.44000000e+02 1.10000000e+01 4.55158842e+01
 4.45000000e+02 1.10000000e+01 4.54794411e+01
 4.46000000e+02 1.10000000e+01 4.54429980e+01
 4.47000000e+02 1.10000000e+01 4.54065550e+01
 4.48000000e+02 1.10000000e+01 4.53701119e+01
 4.49000000e+02 1.10000000e+01 4.53336688e+01
 4.50000000e+02 1.10000000e+01 4.52972257e+01
 4.51000000e+02 1.10000000e+01 4.62607826e+01
 4.52000000e+02 1.10000000e+01 4.62243395e+01
 4.53000000e+02 1.10000000e+01 4.61878964e+01
 4.54000000e+02 1.10000000e+01 4.61514534e+01
 4.55000000e+02 1.10000000e+01 4.61150103e+01
 4.56000000e+02 1.10000000e+01 4.60785672e+01
 4.57000000e+02 1.10000000e+01 4.60421241e+01
 4.58000000e+02 1.10000000e+01 4.60056810e+01
 4.59000000e+02 1.10000000e+01 4.59692379e+01
 4.60000000e+02 1.10000000e+01 4.59327948e+01
 4.61000000e+02 1.10000000e+01 4.58963518e+01
 4.62000000e+02 1.10000000e+01 4.58599087e+01
 4.63000000e+02 1.10000000e+01 4.58234656e+01
 4.64000000e+02 1.10000000e+01 4.67870225e+01
 4.65000000e+02 1.10000000e+01 4.57505794e+01
 4.66000000e+02 1.10000000e+01 4.57141363e+01
 4.67000000e+02 1.10000000e+01 4.56776932e+01
 4.68000000e+02 1.10000000e+01 4.56412502e+01
 4.69000000e+02 1.10000000e+01 4.56048071e+01
 4.70000000e+02 1.10000000e+01 4.55683640e+01
 4.71000000e+02 1.10000000e+01 4.55319209e+01
 4.72000000e+02 1.10000000e+01 4.54954778e+01
 4.73000000e+02 1.10000000e+01 4.54590347e+01
 4.74000000e+02 1.10000000e+01 4.54225916e+01
 4.75000000e+02 1.10000000e+01 4.53861486e+01
 4.76000000e+02 1.10000000e+01 4.53497055e+01
 4.77000000e+02 1.10000000e+01 4.53132624e+01
 4.78000000e+02 1.10000000e+01 4.52768193e+01
 4.79000000e+02 1.10000000e+01 4.52403762e+01
 4.80000000e+02 1.10000000e+01 4.52039331e+01
 4.81000000e+02 1.10000000e+01 4.51674900e+01
 4.82000000e+02 1.10000000e+01 4.51310470e+01
 4.83000000e+02 1.10000000e+01 4.50946039e+01
 4.84000000e+02 1.10000000e+01 4.50581608e+01
 4.85000000e+02 1.10000000e+01 4.50217177e+01
 4.86000000e+02 1.10000000e+01 4.49852746e+01
 4.87000000e+02 1.10000000e+01 4.49488315e+01
 4.88000000e+02 1.10000000e+01 4.49123884e+01
 4.89000000e+02 1.10000000e+01 4.48759454e+01
 4.90000000e+02 1.10000000e+01 4.48395023e+01
 4.91000000e+02 1.10000000e+01 4.38030592e+01
 4.92000000e+02 1.10000000e+01 4.37666161e+01
 4.93000000e+02 1.10000000e+01 4.27301730e+01
 4.94000000e+02 1.10000000e+01 4.26937299e+01
 4.95000000e+02 1.10000000e+01 4.26572868e+01
 4.96000000e+02 1.10000000e+01 4.26208438e+01
 4.97000000e+02 1.10000000e+01 4.25844007e+01
 4.98000000e+02 1.10000000e+01 4.25479576e+01
 4.99000000e+02 1.10000000e+01 4.25115145e+01
 5.00000000e+02 1.10000000e+01 4.34750714e+01
 5.01000000e+02 1.10000000e+01 4.34386283e+01
 5.02000000e+02 1.10000000e+01 4.34021852e+01
 5.03000000e+02 1.10000000e+01 4.33657421e+01
 5.04000000e+02 1.10000000e+01 4.23292991e+01
 5.05000000e+02 1.10000000e+01 4.22928560e+01
 5.06000000e+02 1.10000000e+01 4.22564129e+01
 5.07000000e+02 1.10000000e+01 4.12199698e+01
 5.08000000e+02 1.10000000e+01 4.21835267e+01
 5.09000000e+02 1.10000000e+01 4.21470836e+01
 5.10000000e+02 1.10000000e+01 4.21106405e+01
 5.11000000e+02 1.10000000e+01 4.20741975e+01
 5.12000000e+02 1.10000000e+01 4.20377544e+01
 5.13000000e+02 1.10000000e+01 4.10013113e+01
 5.14000000e+02 1.10000000e+01 4.19648682e+01
 5.15000000e+02 1.10000000e+01 4.19284251e+01
 5.16000000e+02 1.10000000e+01 4.08919820e+01
 5.17000000e+02 1.10000000e+01 4.08555389e+01
 5.18000000e+02 1.10000000e+01 4.08190959e+01
 5.19000000e+02 1.10000000e+01 4.07826528e+01
 5.20000000e+02 1.10000000e+01 4.07462097e+01
 5.21000000e+02 1.10000000e+01 4.07097666e+01
 5.22000000e+02 1.10000000e+01 4.06733235e+01
 5.23000000e+02 1.10000000e+01 4.06368804e+01
 5.24000000e+02 1.10000000e+01 4.06004373e+01
 5.25000000e+02 1.10000000e+01 4.05639943e+01
 5.26000000e+02 1.10000000e+01 4.05275512e+01
 5.27000000e+02 1.10000000e+01 4.04911081e+01
 5.28000000e+02 1.10000000e+01 4.04546650e+01
 5.29000000e+02 1.10000000e+01 3.94182219e+01
 5.30000000e+02 1.10000000e+01 3.93817788e+01
 5.31000000e+02 1.10000000e+01 3.93453357e+01
 5.32000000e+02 1.10000000e+01 3.93088927e+01
 5.33000000e+02 1.10000000e+01 3.92724496e+01
 5.34000000e+02 1.10000000e+01 3.92360065e+01
 5.35000000e+02 1.10000000e+01 3.91995634e+01
 5.36000000e+02 1.10000000e+01 3.91631203e+01
 5.37000000e+02 1.10000000e+01 3.91266772e+01
 5.38000000e+02 1.10000000e+01 3.80902341e+01
 5.39000000e+02 1.10000000e+01 3.80537911e+01
 5.40000000e+02 1.10000000e+01 3.90173480e+01
 5.41000000e+02 1.10000000e+01 3.79809049e+01
 5.42000000e+02 1.10000000e+01 3.79444618e+01
 5.43000000e+02 1.10000000e+01 3.79080187e+01
 5.44000000e+02 1.10000000e+01 3.78715756e+01
 5.45000000e+02 1.10000000e+01 3.78351325e+01
 5.46000000e+02 1.10000000e+01 3.77986895e+01
 5.47000000e+02 1.10000000e+01 3.77622464e+01
 5.48000000e+02 1.10000000e+01 3.77258033e+01
 5.49000000e+02 1.10000000e+01 3.76893602e+01
 5.50000000e+02 1.10000000e+01 3.66529171e+01
 5.51000000e+02 1.10000000e+01 3.66164740e+01
 5.52000000e+02 1.10000000e+01 3.65800309e+01
 5.53000000e+02 1.10000000e+01 3.65435879e+01
 5.54000000e+02 1.10000000e+01 3.75071448e+01
 5.55000000e+02 1.10000000e+01 3.74707017e+01
 5.56000000e+02 1.10000000e+01 3.64342586e+01
 5.57000000e+02 1.10000000e+01 3.63978155e+01
 5.58000000e+02 1.10000000e+01 3.63613724e+01
 5.59000000e+02 1.10000000e+01 3.63249293e+01
 5.60000000e+02 1.10000000e+01 3.52884863e+01
 5.61000000e+02 1.10000000e+01 3.52520432e+01
 5.62000000e+02 1.10000000e+01 3.52156001e+01
 5.63000000e+02 1.10000000e+01 3.51791570e+01
 5.64000000e+02 1.10000000e+01 3.51427139e+01
 5.65000000e+02 1.10000000e+01 3.51062708e+01
 5.66000000e+02 1.10000000e+01 3.50698277e+01
 5.67000000e+02 1.10000000e+01 3.50333846e+01
 5.68000000e+02 1.10000000e+01 3.49969416e+01
 5.69000000e+02 1.10000000e+01 3.39604985e+01
 5.70000000e+02 1.10000000e+01 3.39240554e+01
 5.71000000e+02 1.10000000e+01 3.38876123e+01
 5.72000000e+02 1.10000000e+01 3.38511692e+01
 5.73000000e+02 1.10000000e+01 3.38147261e+01
 5.74000000e+02 1.10000000e+01 3.37782830e+01
 5.75000000e+02 1.10000000e+01 3.37418400e+01
 5.76000000e+02 1.10000000e+01 3.27053969e+01
 5.77000000e+02 1.10000000e+01 3.26689538e+01
 5.78000000e+02 1.10000000e+01 3.26325107e+01
 5.79000000e+02 1.10000000e+01 3.25960676e+01
 5.80000000e+02 1.10000000e+01 3.25596245e+01
 5.81000000e+02 1.10000000e+01 3.25231814e+01
 5.82000000e+02 1.10000000e+01 3.24867384e+01
 5.83000000e+02 1.10000000e+01 3.14502953e+01
 5.84000000e+02 1.10000000e+01 3.14138522e+01
 5.85000000e+02 1.10000000e+01 3.13774091e+01
 5.86000000e+02 1.10000000e+01 3.13409660e+01
 5.87000000e+02 1.10000000e+01 3.13045229e+01
 5.88000000e+02 1.10000000e+01 3.02680798e+01
 5.89000000e+02 1.10000000e+01 3.02316368e+01
 5.90000000e+02 1.10000000e+01 3.01951937e+01
 5.91000000e+02 1.10000000e+01 2.91587506e+01
 5.92000000e+02 1.10000000e+01 3.01223075e+01
 5.93000000e+02 1.10000000e+01 3.00858644e+01
 5.94000000e+02 1.10000000e+01 2.90494213e+01
 5.95000000e+02 1.10000000e+01 2.90129782e+01
 5.96000000e+02 1.10000000e+01 2.89765352e+01
 5.97000000e+02 1.10000000e+01 2.79400921e+01
 5.98000000e+02 1.10000000e+01 2.79036490e+01
 5.99000000e+02 1.10000000e+01 2.78672059e+01
 6.00000000e+02 1.10000000e+01 2.78307628e+01
 6.01000000e+02 1.10000000e+01 2.77943197e+01
 6.02000000e+02 1.10000000e+01 2.77578766e+01
 6.03000000e+02 1.10000000e+01 2.77214336e+01
 6.04000000e+02 1.10000000e+01 2.76849905e+01
 6.05000000e+02 1.10000000e+01 2.76485474e+01
 6.06000000e+02 1.10000000e+01 2.66121043e+01
 6.07000000e+02 1.10000000e+01 2.65756612e+01
 6.08000000e+02 1.10000000e+01 2.65392181e+01
 6.09000000e+02 1.10000000e+01 2.65027750e+01
 6.10000000e+02 1.10000000e+01 2.54663320e+01
 6.11000000e+02 1.10000000e+01 2.54298889e+01
 6.12000000e+02 1.10000000e+01 2.53934458e+01
 6.13000000e+02 1.10000000e+01 2.53570027e+01
 6.14000000e+02 1.10000000e+01 2.53205596e+01
 6.15000000e+02 1.10000000e+01 2.42841165e+01
 6.16000000e+02 1.10000000e+01 2.42476734e+01
 6.17000000e+02 1.10000000e+01 2.42112304e+01
 6.18000000e+02 1.10000000e+01 2.41747873e+01
 6.19000000e+02 1.10000000e+01 2.41383442e+01
 6.20000000e+02 1.10000000e+01 2.31019011e+01
 6.21000000e+02 1.10000000e+01 2.20654580e+01
 6.22000000e+02 1.10000000e+01 2.30290149e+01
 6.23000000e+02 1.10000000e+01 2.19925718e+01
 6.24000000e+02 1.10000000e+01 2.19561288e+01
 6.25000000e+02 1.10000000e+01 2.09196857e+01
 6.26000000e+02 1.10000000e+01 2.08832426e+01
 6.27000000e+02 1.10000000e+01 2.08467995e+01
 6.28000000e+02 1.10000000e+01 2.08103564e+01
 6.29000000e+02 1.10000000e+01 2.07739133e+01
 6.30000000e+02 1.10000000e+01 1.97374702e+01
 6.31000000e+02 1.10000000e+01 1.97010272e+01
 6.32000000e+02 1.10000000e+01 1.96645841e+01
 6.33000000e+02 1.10000000e+01 1.86281410e+01
 6.34000000e+02 1.10000000e+01 1.85916979e+01
 6.35000000e+02 1.10000000e+01 1.85552548e+01
 6.36000000e+02 1.10000000e+01 1.85188117e+01
 6.37000000e+02 1.10000000e+01 1.84823686e+01
 6.38000000e+02 1.10000000e+01 1.74459255e+01
 6.39000000e+02 1.10000000e+01 1.74094825e+01
 6.40000000e+02 1.10000000e+01 1.73730394e+01
 6.41000000e+02 1.10000000e+01 1.73365963e+01
 6.42000000e+02 1.10000000e+01 1.63001532e+01
 6.43000000e+02 1.10000000e+01 1.62637101e+01
 6.44000000e+02 1.10000000e+01 1.62272670e+01
 6.45000000e+02 1.10000000e+01 1.61908239e+01
 6.46000000e+02 1.10000000e+01 1.51543809e+01
 6.47000000e+02 1.10000000e+01 1.51179378e+01
 6.48000000e+02 1.10000000e+01 1.50814947e+01
 6.49000000e+02 1.10000000e+01 1.50450516e+01
 6.50000000e+02 1.10000000e+01 1.50086085e+01
 6.51000000e+02 1.10000000e+01 1.49721654e+01
 6.52000000e+02 1.10000000e+01 1.39357223e+01
 6.53000000e+02 1.10000000e+01 1.38992793e+01
 6.54000000e+02 1.10000000e+01 1.38628362e+01
 6.55000000e+02 1.10000000e+01 1.38263931e+01
 6.56000000e+02 1.10000000e+01 1.37899500e+01
 6.57000000e+02 1.10000000e+01 1.27535069e+01
 6.58000000e+02 1.10000000e+01 1.27170638e+01
 6.59000000e+02 1.10000000e+01 1.26806207e+01
 6.60000000e+02 1.10000000e+01 1.26441777e+01
 6.61000000e+02 1.10000000e+01 1.26077346e+01
 6.62000000e+02 1.10000000e+01 1.25712915e+01
 6.63000000e+02 1.10000000e+01 1.15348484e+01
 6.64000000e+02 1.10000000e+01 1.14984053e+01
 6.65000000e+02 1.10000000e+01 1.14619622e+01
 6.66000000e+02 1.10000000e+01 1.14255191e+01
 6.67000000e+02 1.10000000e+01 1.13890761e+01
 6.68000000e+02 1.10000000e+01 1.03526330e+01
 6.69000000e+02 1.10000000e+01 1.03161899e+01
 6.70000000e+02 1.10000000e+01 1.02797468e+01
 6.71000000e+02 1.10000000e+01 1.02433037e+01
 6.72000000e+02 1.10000000e+01 1.02068606e+01
 6.73000000e+02 1.10000000e+01 1.01704175e+01
 6.74000000e+02 1.10000000e+01 9.13397446e+00
 6.75000000e+02 1.10000000e+01 9.09753137e+00
 6.76000000e+02 1.10000000e+01 9.06108828e+00
 6.77000000e+02 1.10000000e+01 9.02464520e+00
 6.78000000e+02 1.10000000e+01 8.98820211e+00
 6.79000000e+02 1.10000000e+01 8.95175903e+00
 6.80000000e+02 1.10000000e+01 8.91531594e+00
 6.81000000e+02 1.10000000e+01 7.87887285e+00
 6.82000000e+02 1.10000000e+01 7.84242977e+00
 6.83000000e+02 1.10000000e+01 7.80598668e+00
 6.84000000e+02 1.10000000e+01 7.76954360e+00
 6.85000000e+02 1.10000000e+01 7.73310051e+00
 6.86000000e+02 1.10000000e+01 7.69665742e+00
 6.87000000e+02 1.10000000e+01 7.66021434e+00
 6.88000000e+02 1.10000000e+01 7.62377125e+00
 6.89000000e+02 1.10000000e+01 7.58732817e+00
 6.90000000e+02 1.10000000e+01 7.55088508e+00
 6.91000000e+02 1.10000000e+01 7.51444200e+00
 6.92000000e+02 1.10000000e+01 6.47799891e+00
 6.93000000e+02 1.10000000e+01 6.44155582e+00
 6.94000000e+02 1.10000000e+01 6.40511274e+00
 6.95000000e+02 1.10000000e+01 5.36866965e+00
 6.96000000e+02 1.10000000e+01 5.33222657e+00
 6.97000000e+02 1.10000000e+01 5.29578348e+00
 6.98000000e+02 1.10000000e+01 5.25934039e+00
 6.99000000e+02 1.10000000e+01 5.22289731e+00
 7.00000000e+02 1.10000000e+01 5.18645422e+00
 7.01000000e+02 1.10000000e+01 5.15001114e+00
 7.02000000e+02 1.10000000e+01 5.11356805e+00
 7.03000000e+02 1.10000000e+01 5.07712496e+00
 7.04000000e+02 1.10000000e+01 5.04068188e+00
 7.05000000e+02 1.10000000e+01 5.00423879e+00
 7.06000000e+02 1.10000000e+01 4.96779571e+00
 7.07000000e+02 1.10000000e+01 4.93135262e+00
 7.08000000e+02 1.10000000e+01 3.89490953e+00
 7.09000000e+02 1.10000000e+01 3.85846645e+00
 7.10000000e+02 1.10000000e+01 3.82202336e+00
 7.11000000e+02 1.10000000e+01 3.78558028e+00
 7.12000000e+02 1.10000000e+01 3.74913719e+00
 7.13000000e+02 1.10000000e+01 3.71269410e+00
 7.14000000e+02 1.10000000e+01 3.67625102e+00
 7.15000000e+02 1.10000000e+01 3.63980793e+00
 7.16000000e+02 1.10000000e+01 3.60336485e+00
 7.17000000e+02 1.10000000e+01 3.56692176e+00
 7.18000000e+02 1.10000000e+01 3.53047868e+00
 7.19000000e+02 1.10000000e+01 3.49403559e+00
 7.20000000e+02 1.10000000e+01 3.45759250e+00
 7.21000000e+02 1.10000000e+01 3.42114942e+00
 7.22000000e+02 1.10000000e+01 3.38470633e+00
 7.23000000e+02 1.10000000e+01 2.34826325e+00
 7.24000000e+02 1.10000000e+01 2.31182016e+00
 7.25000000e+02 1.10000000e+01 2.27537707e+00
 7.26000000e+02 1.10000000e+01 2.23893399e+00
 7.27000000e+02 1.10000000e+01 2.20249090e+00
 7.28000000e+02 1.10000000e+01 2.16604782e+00
 7.29000000e+02 1.10000000e+01 2.12960473e+00
 7.30000000e+02 1.10000000e+01 2.09316164e+00
 7.31000000e+02 1.10000000e+01 2.05671856e+00
 7.32000000e+02 1.10000000e+01 2.02027547e+00
 7.33000000e+02 1.10000000e+01 1.98383239e+00
 7.34000000e+02 1.10000000e+01 1.94738930e+00
 7.35000000e+02 1.10000000e+01 1.91094621e+00
 7.36000000e+02 1.10000000e+01 1.87450313e+00
 7.37000000e+02 1.10000000e+01 1.83806004e+00
 7.38000000e+02 1.10000000e+01 1.80161696e+00
 7.39000000e+02 1.10000000e+01 7.65173871e-01
 7.40000000e+02 1.10000000e+01 7.28730785e-01
 7.41000000e+02 1.10000000e+01 1.69228770e+00
 7.42000000e+02 1.10000000e+01 1.65584461e+00
 7.43000000e+02 1.10000000e+01 1.61940153e+00
 7.44000000e+02 1.10000000e+01 1.58295844e+00
 7.45000000e+02 1.10000000e+01 1.54651536e+00
 7.46000000e+02 1.10000000e+01 1.51007227e+00
 7.47000000e+02 1.10000000e+01 1.47362918e+00
 7.48000000e+02 1.10000000e+01 4.37186097e-01
 7.49000000e+02 1.10000000e+01 4.00743011e-01
 7.50000000e+02 1.10000000e+01 3.64299925e-01
 7.51000000e+02 1.10000000e+01 3.27856840e-01
 7.52000000e+02 1.10000000e+01 2.91413754e-01
 7.53000000e+02 1.10000000e+01 2.54970668e-01
 7.54000000e+02 1.10000000e+01 2.18527582e-01
 7.55000000e+02 1.10000000e+01 1.82084496e-01
 7.56000000e+02 1.10000000e+01 1.45641410e-01
 7.57000000e+02 1.10000000e+01 1.09198324e-01
 7.58000000e+02 1.10000000e+01 7.27552381e-02
 7.59000000e+02 1.10000000e+01 3.63121521e-02
 7.60000000e+02 1.10000000e+01 -1.30933787e-04
 7.61000000e+02 1.10000000e+01 -3.65740197e-02
 7.62000000e+02 1.10000000e+01 -7.30171056e-02
 7.63000000e+02 1.10000000e+01 -1.09460192e-01
 7.64000000e+02 1.10000000e+01 -1.45903277e-01
