 1.00000000e+00 2.20000000e+01 1.60551697e+01
 2.00000000e+00 2.20000000e+01 1.60942245e+01
 3.00000000e+00 2.20000000e+01 1.61332794e+01
 4.00000000e+00 2.20000000e+01 1.61723343e+01
 5.00000000e+00 2.20000000e+01 1.52113891e+01
 6.00000000e+00 2.20000000e+01 1.52504440e+01
 7.00000000e+00 2.20000000e+01 1.62894988e+01
 8.00000000e+00 2.20000000e+01 1.63285537e+01
 9.00000000e+00 2.20000000e+01 1.63676086e+01
 1.00000000e+01 2.20000000e+01 1.74066634e+01
 1.10000000e+01 2.20000000e+01 1.64457183e+01
 1.20000000e+01 2.20000000e+01 1.64847731e+01
 1.30000000e+01 2.20000000e+01 1.65238280e+01
 1.40000000e+01 2.20000000e+01 1.65628828e+01
 1.50000000e+01 2.20000000e+01 1.66019377e+01
 1.60000000e+01 2.20000000e+01 1.66409926e+01
 1.70000000e+01 2.20000000e+01 1.76800474e+01
 1.80000000e+01 2.20000000e+01 1.77191023e+01
 1.90000000e+01 2.20000000e+01 1.77581571e+01
 2.00000000e+01 2.20000000e+01 1.77972120e+01
 2.10000000e+01 2.20000000e+01 1.78362668e+01
 2.20000000e+01 2.20000000e+01 1.78753217e+01
 2.30000000e+01 2.20000000e+01 1.79143766e+01
 2.40000000e+01 2.20000000e+01 1.79534314e+01
 2.50000000e+01 2.20000000e+01 1.79924863e+01
 2.60000000e+01 2.20000000e+01 1.80315411e+01
 2.70000000e+01 2.20000000e+01 1.80705960e+01
 2.80000000e+01 2.20000000e+01 1.81096509e+01
 2.90000000e+01 2.20000000e+01 1.81487057e+01
 3.00000000e+01 2.20000000e+01 1.71877606e+01
 3.10000000e+01 2.20000000e+01 1.72268154e+01
 3.20000000e+01 2.20000000e+01 1.82658703e+01
 3.30000000e+01 2.20000000e+01 1.93049251e+01
 3.40000000e+01 2.20000000e+01 1.93439800e+01
 3.50000000e+01 2.20000000e+01 1.93830349e+01
 3.60000000e+01 2.20000000e+01 1.94220897e+01
 3.70000000e+01 2.20000000e+01 2.04611446e+01
 3.80000000e+01 2.20000000e+01 2.05001994e+01
 3.90000000e+01 2.20000000e+01 2.05392543e+01
 4.00000000e+01 2.20000000e+01 2.05783091e+01
 4.10000000e+01 2.20000000e+01 2.06173640e+01
 4.20000000e+01 2.20000000e+01 2.06564189e+01
 4.30000000e+01 2.20000000e+01 2.06954737e+01
 4.40000000e+01 2.20000000e+01 2.07345286e+01
 4.50000000e+01 2.20000000e+01 2.17735834e+01
 4.60000000e+01 2.20000000e+01 2.18126383e+01
 4.70000000e+01 2.20000000e+01 2.28516932e+01
 4.80000000e+01 2.20000000e+01 2.38907480e+01
 4.90000000e+01 2.20000000e+01 2.39298029e+01
 5.00000000e+01 2.20000000e+01 2.29688577e+01
 5.10000000e+01 2.20000000e+01 2.30079126e+01
 5.20000000e+01 2.20000000e+01 2.30469674e+01
 5.30000000e+01 2.20000000e+01 2.30860223e+01
 5.40000000e+01 2.20000000e+01 2.11250772e+01
 5.50000000e+01 2.20000000e+01 2.11641320e+01
 5.60000000e+01 2.20000000e+01 2.12031869e+01
 5.70000000e+01 2.20000000e+01 2.12422417e+01
 5.80000000e+01 2.20000000e+01 2.12812966e+01
 5.90000000e+01 2.20000000e+01 2.13203514e+01
 6.00000000e+01 2.20000000e+01 2.23594063e+01
 6.10000000e+01 2.20000000e+01 2.43984612e+01
 6.20000000e+01 2.20000000e+01 2.44375160e+01
 6.30000000e+01 2.20000000e+01 2.54765709e+01
 6.40000000e+01 2.20000000e+01 2.55156257e+01
 6.50000000e+01 2.20000000e+01 2.55546806e+01
 6.60000000e+01 2.20000000e+01 2.55937355e+01
 6.70000000e+01 2.20000000e+01 2.56327903e+01
 6.80000000e+01 2.20000000e+01 2.46718452e+01
 6.90000000e+01 2.20000000e+01 2.37109000e+01
 7.00000000e+01 2.20000000e+01 2.17499549e+01
 7.10000000e+01 2.20000000e+01 2.17890097e+01
 7.20000000e+01 2.20000000e+01 2.08280646e+01
 7.30000000e+01 2.20000000e+01 2.08671195e+01
 7.40000000e+01 2.20000000e+01 1.99061743e+01
 7.50000000e+01 2.20000000e+01 1.79452292e+01
 7.60000000e+01 2.20000000e+01 1.79842840e+01
 7.70000000e+01 2.20000000e+01 1.80233389e+01
 7.80000000e+01 2.20000000e+01 1.80623937e+01
 7.90000000e+01 2.20000000e+01 1.91014486e+01
 8.00000000e+01 2.20000000e+01 1.91405035e+01
 8.10000000e+01 2.20000000e+01 2.01795583e+01
 8.20000000e+01 2.20000000e+01 2.02186132e+01
 8.30000000e+01 2.20000000e+01 2.02576680e+01
 8.40000000e+01 2.20000000e+01 2.02967229e+01
 8.50000000e+01 2.20000000e+01 2.13357778e+01
 8.60000000e+01 2.20000000e+01 2.13748326e+01
 8.70000000e+01 2.20000000e+01 2.14138875e+01
 8.80000000e+01 2.20000000e+01 2.24529423e+01
 8.90000000e+01 2.20000000e+01 2.24919972e+01
 9.00000000e+01 2.20000000e+01 2.25310520e+01
 9.10000000e+01 2.20000000e+01 2.25701069e+01
 9.20000000e+01 2.20000000e+01 2.26091618e+01
 9.30000000e+01 2.20000000e+01 2.16482166e+01
 9.40000000e+01 2.20000000e+01 2.16872715e+01
 9.50000000e+01 2.20000000e+01 2.17263263e+01
 9.60000000e+01 2.20000000e+01 2.27653812e+01
 9.70000000e+01 2.20000000e+01 2.18044361e+01
 1.46000000e+02 2.20000000e+01 3.97181241e+01
 1.47000000e+02 2.20000000e+01 3.97571789e+01
 1.48000000e+02 2.20000000e+01 3.97962338e+01
 1.49000000e+02 2.20000000e+01 3.78352887e+01
 1.50000000e+02 2.20000000e+01 3.68743435e+01
 1.51000000e+02 2.20000000e+01 3.69133984e+01
 1.52000000e+02 2.20000000e+01 3.69524532e+01
 1.53000000e+02 2.20000000e+01 3.69915081e+01
 1.54000000e+02 2.20000000e+01 3.60305630e+01
 1.55000000e+02 2.20000000e+01 2.70696178e+01
 1.56000000e+02 2.20000000e+01 2.71086727e+01
 1.57000000e+02 2.20000000e+01 2.71477275e+01
 1.58000000e+02 2.20000000e+01 2.71867824e+01
 1.59000000e+02 2.20000000e+01 2.82258372e+01
 1.60000000e+02 2.20000000e+01 2.82648921e+01
 1.61000000e+02 2.20000000e+01 2.73039470e+01
 1.62000000e+02 2.20000000e+01 2.63430018e+01
 1.63000000e+02 2.20000000e+01 2.53820567e+01
 1.64000000e+02 2.20000000e+01 2.54211115e+01
 1.65000000e+02 2.20000000e+01 2.64601664e+01
 1.66000000e+02 2.20000000e+01 2.64992212e+01
 1.67000000e+02 2.20000000e+01 2.65382761e+01
 1.68000000e+02 2.20000000e+01 2.55773310e+01
 1.69000000e+02 2.20000000e+01 2.46163858e+01
 1.70000000e+02 2.20000000e+01 2.46554407e+01
 1.71000000e+02 2.20000000e+01 2.36944955e+01
 1.72000000e+02 2.20000000e+01 2.47335504e+01
 1.73000000e+02 2.20000000e+01 2.57726053e+01
 1.74000000e+02 2.20000000e+01 2.58116601e+01
 1.75000000e+02 2.20000000e+01 2.58507150e+01
 1.76000000e+02 2.20000000e+01 2.58897698e+01
 1.77000000e+02 2.20000000e+01 2.69288247e+01
 1.78000000e+02 2.20000000e+01 2.69678795e+01
 1.79000000e+02 2.20000000e+01 2.70069344e+01
 1.80000000e+02 2.20000000e+01 2.70459893e+01
 1.81000000e+02 2.20000000e+01 2.70850441e+01
 1.82000000e+02 2.20000000e+01 2.61240990e+01
 1.83000000e+02 2.20000000e+01 2.61631538e+01
 1.84000000e+02 2.20000000e+01 2.62022087e+01
 1.85000000e+02 2.20000000e+01 2.62412636e+01
 1.86000000e+02 2.20000000e+01 2.62803184e+01
 1.87000000e+02 2.20000000e+01 2.73193733e+01
 1.88000000e+02 2.20000000e+01 2.73584281e+01
 1.89000000e+02 2.20000000e+01 2.63974830e+01
 1.90000000e+02 2.20000000e+01 2.54365378e+01
 1.91000000e+02 2.20000000e+01 2.54755927e+01
 1.92000000e+02 2.20000000e+01 2.55146476e+01
 1.93000000e+02 2.20000000e+01 2.65537024e+01
 1.94000000e+02 2.20000000e+01 2.55927573e+01
 1.95000000e+02 2.20000000e+01 2.56318121e+01
 1.96000000e+02 2.20000000e+01 2.56708670e+01
 1.97000000e+02 2.20000000e+01 2.57099218e+01
 1.98000000e+02 2.20000000e+01 2.47489767e+01
 1.99000000e+02 2.20000000e+01 2.47880316e+01
 2.00000000e+02 2.20000000e+01 2.48270864e+01
 2.01000000e+02 2.20000000e+01 2.38661413e+01
 2.02000000e+02 2.20000000e+01 2.39051961e+01
 2.03000000e+02 2.20000000e+01 2.39442510e+01
 2.04000000e+02 2.20000000e+01 2.39833059e+01
 2.05000000e+02 2.20000000e+01 2.40223607e+01
 2.06000000e+02 2.20000000e+01 2.40614156e+01
 2.07000000e+02 2.20000000e+01 2.31004704e+01
 2.08000000e+02 2.20000000e+01 2.41395253e+01
 2.09000000e+02 2.20000000e+01 2.41785801e+01
 2.10000000e+02 2.20000000e+01 2.42176350e+01
 2.11000000e+02 2.20000000e+01 2.42566899e+01
 2.12000000e+02 2.20000000e+01 2.62957447e+01
 2.13000000e+02 2.20000000e+01 2.63347996e+01
 2.14000000e+02 2.20000000e+01 2.63738544e+01
 2.15000000e+02 2.20000000e+01 2.64129093e+01
 2.16000000e+02 2.20000000e+01 2.44519641e+01
 2.17000000e+02 2.20000000e+01 2.24910190e+01
 2.18000000e+02 2.20000000e+01 2.25300739e+01
 2.19000000e+02 2.20000000e+01 2.25691287e+01
 2.20000000e+02 2.20000000e+01 2.26081836e+01
 2.21000000e+02 2.20000000e+01 2.26472384e+01
 2.22000000e+02 2.20000000e+01 2.26862933e+01
 2.23000000e+02 2.20000000e+01 2.37253482e+01
 2.24000000e+02 2.20000000e+01 2.47644030e+01
 2.25000000e+02 2.20000000e+01 2.58034579e+01
 2.26000000e+02 2.20000000e+01 2.58425127e+01
 2.27000000e+02 2.20000000e+01 3.58815676e+01
 2.28000000e+02 2.20000000e+01 3.49206224e+01
 2.29000000e+02 2.20000000e+01 3.49596773e+01
 2.30000000e+02 2.20000000e+01 3.49987322e+01
 2.31000000e+02 2.20000000e+01 3.50377870e+01
 2.32000000e+02 2.20000000e+01 3.60768419e+01
 2.33000000e+02 2.20000000e+01 3.71158967e+01
 2.34000000e+02 2.20000000e+01 3.71549516e+01
 2.35000000e+02 2.20000000e+01 3.71940064e+01
 2.36000000e+02 2.20000000e+01 3.72330613e+01
 2.37000000e+02 2.20000000e+01 3.72721162e+01
 2.38000000e+02 2.20000000e+01 3.73111710e+01
 2.39000000e+02 2.20000000e+01 3.73502259e+01
 2.40000000e+02 2.20000000e+01 3.73892807e+01
 2.41000000e+02 2.20000000e+01 3.84283356e+01
 2.42000000e+02 2.20000000e+01 3.74673905e+01
 2.43000000e+02 2.20000000e+01 3.85064453e+01
 2.44000000e+02 2.20000000e+01 3.95455002e+01
 2.45000000e+02 2.20000000e+01 3.85845550e+01
 2.46000000e+02 2.20000000e+01 3.76236099e+01
 2.47000000e+02 2.20000000e+01 3.76626647e+01
 2.48000000e+02 2.20000000e+01 3.77017196e+01
 2.49000000e+02 2.20000000e+01 3.67407745e+01
 2.50000000e+02 2.20000000e+01 3.67798293e+01
 2.51000000e+02 2.20000000e+01 3.78188842e+01
 2.52000000e+02 2.20000000e+01 3.78579390e+01
 2.53000000e+02 2.20000000e+01 3.78969939e+01
 2.54000000e+02 2.20000000e+01 3.69360487e+01
 2.55000000e+02 2.20000000e+01 3.69751036e+01
 2.56000000e+02 2.20000000e+01 3.70141585e+01
 2.57000000e+02 2.20000000e+01 3.70532133e+01
 2.58000000e+02 2.20000000e+01 3.70922682e+01
 2.59000000e+02 2.20000000e+01 3.71313230e+01
 2.60000000e+02 2.20000000e+01 3.71703779e+01
 2.61000000e+02 2.20000000e+01 3.72094328e+01
 2.62000000e+02 2.20000000e+01 3.82484876e+01
 2.63000000e+02 2.20000000e+01 3.72875425e+01
 2.64000000e+02 2.20000000e+01 3.83265973e+01
 2.65000000e+02 2.20000000e+01 3.83656522e+01
 2.66000000e+02 2.20000000e+01 3.84047070e+01
 2.67000000e+02 2.20000000e+01 3.84437619e+01
 2.68000000e+02 2.20000000e+01 3.74828168e+01
 2.69000000e+02 2.20000000e+01 3.75218716e+01
 2.70000000e+02 2.20000000e+01 2.55609265e+01
 2.71000000e+02 2.20000000e+01 2.55999813e+01
 2.72000000e+02 2.20000000e+01 3.76390362e+01
 2.73000000e+02 2.20000000e+01 3.76780910e+01
 2.74000000e+02 2.20000000e+01 3.77171459e+01
 2.75000000e+02 2.20000000e+01 3.87562008e+01
 2.76000000e+02 2.20000000e+01 3.87952556e+01
 2.77000000e+02 2.20000000e+01 3.88343105e+01
 2.78000000e+02 2.20000000e+01 3.98733653e+01
 2.79000000e+02 2.20000000e+01 3.99124202e+01
 2.80000000e+02 2.20000000e+01 3.89514751e+01
 2.81000000e+02 2.20000000e+01 3.89905299e+01
 2.82000000e+02 2.20000000e+01 3.80295848e+01
 2.83000000e+02 2.20000000e+01 3.80686396e+01
 2.84000000e+02 2.20000000e+01 3.81076945e+01
 2.85000000e+02 2.20000000e+01 3.81467493e+01
 2.86000000e+02 2.20000000e+01 3.91858042e+01
 2.87000000e+02 2.20000000e+01 3.92248591e+01
 2.88000000e+02 2.20000000e+01 3.92639139e+01
 2.89000000e+02 2.20000000e+01 3.93029688e+01
 2.90000000e+02 2.20000000e+01 4.03420236e+01
 2.91000000e+02 2.20000000e+01 4.03810785e+01
 2.92000000e+02 2.20000000e+01 4.04201334e+01
 2.93000000e+02 2.20000000e+01 4.04591882e+01
 2.94000000e+02 2.20000000e+01 4.04982431e+01
 2.95000000e+02 2.20000000e+01 4.05372979e+01
 2.96000000e+02 2.20000000e+01 4.05763528e+01
 2.97000000e+02 2.20000000e+01 4.06154076e+01
 2.98000000e+02 2.20000000e+01 4.06544625e+01
 2.99000000e+02 2.20000000e+01 4.06935174e+01
 3.00000000e+02 2.20000000e+01 4.07325722e+01
 3.01000000e+02 2.20000000e+01 4.07716271e+01
 3.02000000e+02 2.20000000e+01 4.08106819e+01
 3.03000000e+02 2.20000000e+01 4.08497368e+01
 3.04000000e+02 2.20000000e+01 3.98887916e+01
 3.05000000e+02 2.20000000e+01 4.09278465e+01
 3.06000000e+02 2.20000000e+01 4.09669014e+01
 3.07000000e+02 2.20000000e+01 4.10059562e+01
 3.08000000e+02 2.20000000e+01 4.10450111e+01
 3.09000000e+02 2.20000000e+01 4.50840659e+01
 3.10000000e+02 2.20000000e+01 4.81231208e+01
 3.11000000e+02 2.20000000e+01 4.81621757e+01
 3.12000000e+02 2.20000000e+01 4.82012305e+01
 3.13000000e+02 2.20000000e+01 4.52402854e+01
 3.14000000e+02 2.20000000e+01 4.52793402e+01
 3.15000000e+02 2.20000000e+01 4.53183951e+01
 3.16000000e+02 2.20000000e+01 4.53574499e+01
 3.17000000e+02 2.20000000e+01 4.53965048e+01
 3.18000000e+02 2.20000000e+01 4.54355597e+01
 3.19000000e+02 2.20000000e+01 4.54746145e+01
 3.20000000e+02 2.20000000e+01 4.35136694e+01
 3.21000000e+02 2.20000000e+01 4.25527242e+01
 3.22000000e+02 2.20000000e+01 4.25917791e+01
 3.23000000e+02 2.20000000e+01 4.26308339e+01
 3.24000000e+02 2.20000000e+01 4.26698888e+01
 3.25000000e+02 2.20000000e+01 4.27089437e+01
 3.26000000e+02 2.20000000e+01 4.17479985e+01
 3.27000000e+02 2.20000000e+01 4.17870534e+01
 3.28000000e+02 2.20000000e+01 4.18261082e+01
 3.29000000e+02 2.20000000e+01 4.18651631e+01
 3.30000000e+02 2.20000000e+01 4.29042180e+01
 3.31000000e+02 2.20000000e+01 4.29432728e+01
 3.32000000e+02 2.20000000e+01 4.39823277e+01
 3.33000000e+02 2.20000000e+01 4.40213825e+01
 3.34000000e+02 2.20000000e+01 4.40604374e+01
 3.35000000e+02 2.20000000e+01 4.40994922e+01
 3.36000000e+02 2.20000000e+01 4.41385471e+01
 3.37000000e+02 2.20000000e+01 4.51776020e+01
 3.38000000e+02 2.20000000e+01 4.52166568e+01
 3.39000000e+02 2.20000000e+01 4.52557117e+01
 3.40000000e+02 2.20000000e+01 4.52947665e+01
 3.41000000e+02 2.20000000e+01 4.53338214e+01
 3.42000000e+02 2.20000000e+01 4.53728762e+01
 3.43000000e+02 2.20000000e+01 4.54119311e+01
 3.44000000e+02 2.20000000e+01 4.54509860e+01
 3.45000000e+02 2.20000000e+01 4.54900408e+01
 3.46000000e+02 2.20000000e+01 4.45290957e+01
 3.47000000e+02 2.20000000e+01 4.45681505e+01
 3.48000000e+02 2.20000000e+01 4.46072054e+01
 3.49000000e+02 2.20000000e+01 4.56462603e+01
 3.50000000e+02 2.20000000e+01 4.56853151e+01
 3.51000000e+02 2.20000000e+01 4.47243700e+01
 3.52000000e+02 2.20000000e+01 4.27634248e+01
 3.53000000e+02 2.20000000e+01 3.98024797e+01
 3.54000000e+02 2.20000000e+01 3.88415345e+01
 3.55000000e+02 2.20000000e+01 3.88805894e+01
 3.56000000e+02 2.20000000e+01 3.79196443e+01
 3.57000000e+02 2.20000000e+01 3.79586991e+01
 3.58000000e+02 2.20000000e+01 3.69977540e+01
 3.59000000e+02 2.20000000e+01 3.80368088e+01
 3.60000000e+02 2.20000000e+01 3.90758637e+01
 3.61000000e+02 2.20000000e+01 3.91149185e+01
 3.62000000e+02 2.20000000e+01 4.01539734e+01
 3.63000000e+02 2.20000000e+01 4.01930283e+01
 3.64000000e+02 2.20000000e+01 4.02320831e+01
 3.65000000e+02 2.20000000e+01 3.92711380e+01
 3.66000000e+02 2.20000000e+01 3.93101928e+01
 3.67000000e+02 2.20000000e+01 3.83492477e+01
 3.68000000e+02 2.20000000e+01 3.73883026e+01
 3.69000000e+02 2.20000000e+01 3.74273574e+01
 3.70000000e+02 2.20000000e+01 3.74664123e+01
 3.71000000e+02 2.20000000e+01 3.75054671e+01
 3.72000000e+02 2.20000000e+01 3.75445220e+01
 3.73000000e+02 2.20000000e+01 3.65835768e+01
 3.74000000e+02 2.20000000e+01 3.76226317e+01
 3.75000000e+02 2.20000000e+01 3.66616866e+01
 3.76000000e+02 2.20000000e+01 3.67007414e+01
 3.77000000e+02 2.20000000e+01 3.77397963e+01
 3.78000000e+02 2.20000000e+01 3.97788511e+01
 3.79000000e+02 2.20000000e+01 3.98179060e+01
 3.80000000e+02 2.20000000e+01 4.08569609e+01
 3.81000000e+02 2.20000000e+01 4.18960157e+01
 3.82000000e+02 2.20000000e+01 4.29350706e+01
 3.83000000e+02 2.20000000e+01 4.19741254e+01
 3.84000000e+02 2.20000000e+01 3.90131803e+01
 3.85000000e+02 2.20000000e+01 4.00522351e+01
 3.86000000e+02 2.20000000e+01 3.60912900e+01
 3.87000000e+02 2.20000000e+01 3.71303449e+01
 3.88000000e+02 2.20000000e+01 3.51693997e+01
 3.89000000e+02 2.20000000e+01 3.42084546e+01
 3.90000000e+02 2.20000000e+01 3.42475094e+01
 3.91000000e+02 2.20000000e+01 3.42865643e+01
 3.92000000e+02 2.20000000e+01 3.43256191e+01
 3.93000000e+02 2.20000000e+01 3.43646740e+01
 3.94000000e+02 2.20000000e+01 3.54037289e+01
 3.95000000e+02 2.20000000e+01 3.44427837e+01
 3.96000000e+02 2.20000000e+01 3.44818386e+01
 3.97000000e+02 2.20000000e+01 3.45208934e+01
 3.98000000e+02 2.20000000e+01 3.45599483e+01
 3.99000000e+02 2.20000000e+01 3.45990032e+01
 4.00000000e+02 2.20000000e+01 3.46380580e+01
 4.01000000e+02 2.20000000e+01 3.46771129e+01
 4.02000000e+02 2.20000000e+01 3.57161677e+01
 4.03000000e+02 2.20000000e+01 3.57552226e+01
 4.04000000e+02 2.20000000e+01 3.47942774e+01
 4.05000000e+02 2.20000000e+01 3.38333323e+01
 4.06000000e+02 2.20000000e+01 3.38723872e+01
 4.07000000e+02 2.20000000e+01 3.39114420e+01
 4.08000000e+02 2.20000000e+01 3.39504969e+01
 4.09000000e+02 2.20000000e+01 3.39895517e+01
 4.10000000e+02 2.20000000e+01 3.40286066e+01
 4.11000000e+02 2.20000000e+01 3.40676614e+01
 4.12000000e+02 2.20000000e+01 3.41067163e+01
 4.13000000e+02 2.20000000e+01 3.41457712e+01
 4.14000000e+02 2.20000000e+01 3.41848260e+01
 4.15000000e+02 2.20000000e+01 3.32238809e+01
 4.16000000e+02 2.20000000e+01 3.32629357e+01
 4.17000000e+02 2.20000000e+01 3.43019906e+01
 4.18000000e+02 2.20000000e+01 3.33410455e+01
 4.19000000e+02 2.20000000e+01 3.33801003e+01
 4.20000000e+02 2.20000000e+01 3.44191552e+01
 4.21000000e+02 2.20000000e+01 3.44582100e+01
 4.22000000e+02 2.20000000e+01 3.44972649e+01
 4.23000000e+02 2.20000000e+01 3.55363197e+01
 4.24000000e+02 2.20000000e+01 3.65753746e+01
 4.25000000e+02 2.20000000e+01 3.76144295e+01
 4.26000000e+02 2.20000000e+01 3.66534843e+01
 4.27000000e+02 2.20000000e+01 3.76925392e+01
 4.28000000e+02 2.20000000e+01 3.77315940e+01
 4.29000000e+02 2.20000000e+01 3.67706489e+01
 4.30000000e+02 2.20000000e+01 3.78097037e+01
 4.31000000e+02 2.20000000e+01 3.88487586e+01
 4.32000000e+02 2.20000000e+01 3.98878135e+01
 4.33000000e+02 2.20000000e+01 3.99268683e+01
 4.34000000e+02 2.20000000e+01 3.99659232e+01
 4.35000000e+02 2.20000000e+01 4.20049780e+01
 4.36000000e+02 2.20000000e+01 4.10440329e+01
 4.37000000e+02 2.20000000e+01 4.10830878e+01
 4.38000000e+02 2.20000000e+01 4.11221426e+01
 4.39000000e+02 2.20000000e+01 4.01611975e+01
 4.43000000e+02 2.20000000e+01 4.23174169e+01
 4.44000000e+02 2.20000000e+01 4.53564718e+01
 4.45000000e+02 2.20000000e+01 4.53955266e+01
 4.46000000e+02 2.20000000e+01 4.54345815e+01
 4.47000000e+02 2.20000000e+01 4.44736363e+01
 4.48000000e+02 2.20000000e+01 4.55126912e+01
 4.49000000e+02 2.20000000e+01 4.45517460e+01
 4.50000000e+02 2.20000000e+01 4.45908009e+01
 4.51000000e+02 2.20000000e+01 4.46298558e+01
 4.52000000e+02 2.20000000e+01 4.56689106e+01
 4.53000000e+02 2.20000000e+01 4.47079655e+01
 4.54000000e+02 2.20000000e+01 4.47470203e+01
 4.55000000e+02 2.20000000e+01 4.47860752e+01
 4.56000000e+02 2.20000000e+01 4.48251301e+01
 4.57000000e+02 2.20000000e+01 4.48641849e+01
 4.58000000e+02 2.20000000e+01 4.19032398e+01
 4.59000000e+02 2.20000000e+01 4.19422946e+01
 4.60000000e+02 2.20000000e+01 4.19813495e+01
 4.61000000e+02 2.20000000e+01 4.10204043e+01
 4.62000000e+02 2.20000000e+01 4.00594592e+01
 4.63000000e+02 2.20000000e+01 4.10985141e+01
 4.64000000e+02 2.20000000e+01 4.21375689e+01
 4.65000000e+02 2.20000000e+01 4.41766238e+01
 4.66000000e+02 2.20000000e+01 4.42156786e+01
 4.67000000e+02 2.20000000e+01 4.72547335e+01
 4.68000000e+02 2.20000000e+01 4.62937884e+01
 4.69000000e+02 2.20000000e+01 4.43328432e+01
 4.70000000e+02 2.20000000e+01 4.33718981e+01
 4.71000000e+02 2.20000000e+01 4.44109529e+01
 4.72000000e+02 2.20000000e+01 4.54500078e+01
 4.73000000e+02 2.20000000e+01 4.54890626e+01
 4.74000000e+02 2.20000000e+01 4.55281175e+01
 4.75000000e+02 2.20000000e+01 4.55671724e+01
 4.76000000e+02 2.20000000e+01 4.56062272e+01
 4.77000000e+02 2.20000000e+01 4.56452821e+01
 4.78000000e+02 2.20000000e+01 4.56843369e+01
 4.79000000e+02 2.20000000e+01 4.57233918e+01
 4.80000000e+02 2.20000000e+01 4.57624466e+01
 4.81000000e+02 2.20000000e+01 4.68015015e+01
 4.82000000e+02 2.20000000e+01 4.68405564e+01
 4.83000000e+02 2.20000000e+01 4.58796112e+01
 4.84000000e+02 2.20000000e+01 4.69186661e+01
 4.85000000e+02 2.20000000e+01 4.79577209e+01
 4.86000000e+02 2.20000000e+01 4.89967758e+01
 4.87000000e+02 2.20000000e+01 5.00358307e+01
 4.88000000e+02 2.20000000e+01 5.00748855e+01
 4.89000000e+02 2.20000000e+01 5.01139404e+01
 4.90000000e+02 2.20000000e+01 5.01529952e+01
 4.91000000e+02 2.20000000e+01 4.81920501e+01
 4.92000000e+02 2.20000000e+01 4.82311049e+01
 4.93000000e+02 2.20000000e+01 4.82701598e+01
 4.94000000e+02 2.20000000e+01 4.83092147e+01
 4.95000000e+02 2.20000000e+01 4.73482695e+01
 4.96000000e+02 2.20000000e+01 4.73873244e+01
 4.97000000e+02 2.20000000e+01 4.74263792e+01
 4.98000000e+02 2.20000000e+01 4.74654341e+01
 4.99000000e+02 2.20000000e+01 4.75044889e+01
 5.00000000e+02 2.20000000e+01 4.75435438e+01
 5.01000000e+02 2.20000000e+01 4.65825987e+01
 5.02000000e+02 2.20000000e+01 4.66216535e+01
 5.03000000e+02 2.20000000e+01 4.66607084e+01
 5.04000000e+02 2.20000000e+01 4.66997632e+01
 5.05000000e+02 2.20000000e+01 4.67388181e+01
 5.06000000e+02 2.20000000e+01 4.67778730e+01
 5.07000000e+02 2.20000000e+01 4.68169278e+01
 5.08000000e+02 2.20000000e+01 4.68559827e+01
 5.09000000e+02 2.20000000e+01 4.68950375e+01
 5.10000000e+02 2.20000000e+01 4.69340924e+01
 5.14000000e+02 2.20000000e+01 4.80903118e+01
 5.15000000e+02 2.20000000e+01 4.81293667e+01
 5.16000000e+02 2.20000000e+01 5.01684215e+01
 5.17000000e+02 2.20000000e+01 4.62074764e+01
 5.18000000e+02 2.20000000e+01 4.52465312e+01
 5.19000000e+02 2.20000000e+01 4.72855861e+01
 5.20000000e+02 2.20000000e+01 4.63246410e+01
 5.21000000e+02 2.20000000e+01 4.63636958e+01
 5.22000000e+02 2.20000000e+01 4.64027507e+01
 5.23000000e+02 2.20000000e+01 4.64418055e+01
 5.24000000e+02 2.20000000e+01 4.64808604e+01
 5.25000000e+02 2.20000000e+01 4.55199153e+01
 5.26000000e+02 2.20000000e+01 4.55589701e+01
 5.27000000e+02 2.20000000e+01 4.55980250e+01
 5.28000000e+02 2.20000000e+01 4.56370798e+01
 5.29000000e+02 2.20000000e+01 4.56761347e+01
 5.30000000e+02 2.20000000e+01 4.57151895e+01
 5.31000000e+02 2.20000000e+01 4.67542444e+01
 5.32000000e+02 2.20000000e+01 4.57932993e+01
 5.33000000e+02 2.20000000e+01 4.48323541e+01
 5.34000000e+02 2.20000000e+01 4.48714090e+01
 5.35000000e+02 2.20000000e+01 4.49104638e+01
 5.36000000e+02 2.20000000e+01 4.59495187e+01
 5.37000000e+02 2.20000000e+01 4.89885735e+01
 5.38000000e+02 2.20000000e+01 4.80276284e+01
 5.54000000e+02 2.20000000e+01 5.16525061e+01
 5.55000000e+02 2.20000000e+01 5.16915610e+01
 5.56000000e+02 2.20000000e+01 5.17306159e+01
 5.57000000e+02 2.20000000e+01 5.17696707e+01
 5.58000000e+02 2.20000000e+01 5.18087256e+01
 5.59000000e+02 2.20000000e+01 5.18477804e+01
 5.60000000e+02 2.20000000e+01 5.18868353e+01
 5.61000000e+02 2.20000000e+01 5.29258901e+01
 5.62000000e+02 2.20000000e+01 5.19649450e+01
 5.63000000e+02 2.20000000e+01 5.40039999e+01
 5.64000000e+02 2.20000000e+01 5.30430547e+01
 5.65000000e+02 2.20000000e+01 5.20821096e+01
 5.66000000e+02 2.20000000e+01 5.11211644e+01
 5.67000000e+02 2.20000000e+01 5.01602193e+01
 5.68000000e+02 2.20000000e+01 5.01992741e+01
 5.69000000e+02 2.20000000e+01 4.92383290e+01
 5.70000000e+02 2.20000000e+01 4.92773839e+01
 5.71000000e+02 2.20000000e+01 4.53164387e+01
 5.72000000e+02 2.20000000e+01 4.53554936e+01
 5.73000000e+02 2.20000000e+01 4.53945484e+01
 5.75000000e+02 2.20000000e+01 5.24726582e+01
 5.76000000e+02 2.20000000e+01 5.35117130e+01
 5.77000000e+02 2.20000000e+01 5.45507679e+01
 5.78000000e+02 2.20000000e+01 5.45898227e+01
 5.79000000e+02 2.20000000e+01 5.66288776e+01
 5.80000000e+02 2.20000000e+01 5.66679324e+01
 5.87000000e+02 2.20000000e+01 5.69413164e+01
 5.88000000e+02 2.20000000e+01 5.69803713e+01
 5.89000000e+02 2.20000000e+01 5.70194262e+01
 5.90000000e+02 2.20000000e+01 5.60584810e+01
 5.91000000e+02 2.20000000e+01 5.60975359e+01
 5.92000000e+02 2.20000000e+01 5.61365907e+01
 5.93000000e+02 2.20000000e+01 5.61756456e+01
 5.94000000e+02 2.20000000e+01 5.62147005e+01
 5.95000000e+02 2.20000000e+01 5.52537553e+01
 5.96000000e+02 2.20000000e+01 5.52928102e+01
 5.97000000e+02 2.20000000e+01 5.63318650e+01
 5.98000000e+02 2.20000000e+01 5.63709199e+01
 5.99000000e+02 2.20000000e+01 5.64099747e+01
 6.00000000e+02 2.20000000e+01 5.54490296e+01
 6.45000000e+02 2.20000000e+01 6.32064982e+01
 6.46000000e+02 2.20000000e+01 6.32455531e+01
 6.47000000e+02 2.20000000e+01 6.32846079e+01
 6.48000000e+02 2.20000000e+01 6.43236628e+01
 6.49000000e+02 2.20000000e+01 6.53627176e+01
 6.50000000e+02 2.20000000e+01 6.54017725e+01
 6.51000000e+02 2.20000000e+01 6.54408274e+01
 6.52000000e+02 2.20000000e+01 6.64798822e+01
 6.53000000e+02 2.20000000e+01 6.55189371e+01
 6.54000000e+02 2.20000000e+01 6.75579919e+01
 6.55000000e+02 2.20000000e+01 6.65970468e+01
 6.56000000e+02 2.20000000e+01 6.66361016e+01
 6.57000000e+02 2.20000000e+01 6.66751565e+01
 6.58000000e+02 2.20000000e+01 6.67142114e+01
 6.59000000e+02 2.20000000e+01 6.67532662e+01
 6.60000000e+02 2.20000000e+01 6.67923211e+01
 6.61000000e+02 2.20000000e+01 6.68313759e+01
 6.62000000e+02 2.20000000e+01 6.78704308e+01
 6.63000000e+02 2.20000000e+01 6.69094857e+01
 6.64000000e+02 2.20000000e+01 6.79485405e+01
 6.65000000e+02 2.20000000e+01 6.69875954e+01
 6.66000000e+02 2.20000000e+01 6.80266502e+01
 6.67000000e+02 2.20000000e+01 6.80657051e+01
 6.68000000e+02 2.20000000e+01 6.81047599e+01
 6.69000000e+02 2.20000000e+01 6.81438148e+01
 6.70000000e+02 2.20000000e+01 6.81828697e+01
 6.71000000e+02 2.20000000e+01 6.82219245e+01
 6.72000000e+02 2.20000000e+01 6.82609794e+01
 6.73000000e+02 2.20000000e+01 6.83000342e+01
 6.74000000e+02 2.20000000e+01 6.83390891e+01
 6.75000000e+02 2.20000000e+01 6.93781439e+01
 6.76000000e+02 2.20000000e+01 6.94171988e+01
 6.77000000e+02 2.20000000e+01 7.04562537e+01
 6.78000000e+02 2.20000000e+01 7.04953085e+01
 6.79000000e+02 2.20000000e+01 7.15343634e+01
 6.80000000e+02 2.20000000e+01 7.15734182e+01
 6.81000000e+02 2.20000000e+01 7.16124731e+01
 6.82000000e+02 2.20000000e+01 7.16515280e+01
 6.83000000e+02 2.20000000e+01 7.16905828e+01
 6.84000000e+02 2.20000000e+01 7.17296377e+01
 6.85000000e+02 2.20000000e+01 7.17686925e+01
 6.86000000e+02 2.20000000e+01 6.98077474e+01
 6.87000000e+02 2.20000000e+01 7.08468022e+01
 6.88000000e+02 2.20000000e+01 7.18858571e+01
 6.89000000e+02 2.20000000e+01 7.19249120e+01
 6.90000000e+02 2.20000000e+01 7.19639668e+01
 6.91000000e+02 2.20000000e+01 7.20030217e+01
 6.92000000e+02 2.20000000e+01 7.20420765e+01
 6.93000000e+02 2.20000000e+01 7.30811314e+01
 6.94000000e+02 2.20000000e+01 7.31201862e+01
 6.95000000e+02 2.20000000e+01 7.21592411e+01
 6.96000000e+02 2.20000000e+01 7.21982960e+01
 6.97000000e+02 2.20000000e+01 7.22373508e+01
 6.98000000e+02 2.20000000e+01 7.22764057e+01
 6.99000000e+02 2.20000000e+01 7.23154605e+01
 7.00000000e+02 2.20000000e+01 7.23545154e+01
