 2.54000000e+02 1.40000000e+01 5.84400705e+01
 2.55000000e+02 1.40000000e+01 5.84036275e+01
 2.56000000e+02 1.40000000e+01 5.83671844e+01
 2.57000000e+02 1.40000000e+01 5.83307413e+01
 2.58000000e+02 1.40000000e+01 5.82942982e+01
 2.59000000e+02 1.40000000e+01 5.82578551e+01
 2.60000000e+02 1.40000000e+01 5.82214120e+01
 2.61000000e+02 1.40000000e+01 5.81849689e+01
 2.62000000e+02 1.40000000e+01 5.81485259e+01
 2.63000000e+02 1.40000000e+01 5.81120828e+01
 2.64000000e+02 1.40000000e+01 5.80756397e+01
 2.65000000e+02 1.40000000e+01 5.80391966e+01
 2.66000000e+02 1.40000000e+01 5.80027535e+01
 2.67000000e+02 1.40000000e+01 5.79663104e+01
 2.68000000e+02 1.40000000e+01 5.79298673e+01
 2.69000000e+02 1.40000000e+01 5.88934243e+01
 2.77000000e+02 1.40000000e+01 5.76018796e+01
 2.78000000e+02 1.40000000e+01 5.75654365e+01
 2.79000000e+02 1.40000000e+01 5.65289934e+01
 2.80000000e+02 1.40000000e+01 5.64925503e+01
 2.81000000e+02 1.40000000e+01 5.64561072e+01
 2.82000000e+02 1.40000000e+01 5.74196641e+01
 2.83000000e+02 1.40000000e+01 5.73832211e+01
 2.84000000e+02 1.40000000e+01 5.63467780e+01
 2.85000000e+02 1.40000000e+01 5.63103349e+01
 2.86000000e+02 1.40000000e+01 5.62738918e+01
 2.87000000e+02 1.40000000e+01 5.62374487e+01
 2.88000000e+02 1.40000000e+01 5.62010056e+01
 2.89000000e+02 1.40000000e+01 5.61645625e+01
 2.90000000e+02 1.40000000e+01 5.61281195e+01
 2.91000000e+02 1.40000000e+01 5.60916764e+01
 2.92000000e+02 1.40000000e+01 5.60552333e+01
 2.93000000e+02 1.40000000e+01 5.60187902e+01
 2.94000000e+02 1.40000000e+01 5.59823471e+01
 2.95000000e+02 1.40000000e+01 5.59459040e+01
 2.99000000e+02 1.40000000e+01 5.58001317e+01
 3.00000000e+02 1.40000000e+01 5.57636886e+01
 3.01000000e+02 1.40000000e+01 5.57272455e+01
 3.02000000e+02 1.40000000e+01 5.46908024e+01
 3.03000000e+02 1.40000000e+01 5.46543593e+01
 3.04000000e+02 1.40000000e+01 5.46179162e+01
 3.05000000e+02 1.40000000e+01 5.45814732e+01
 3.06000000e+02 1.40000000e+01 5.45450301e+01
 3.07000000e+02 1.40000000e+01 5.45085870e+01
 3.08000000e+02 1.40000000e+01 5.34721439e+01
 3.09000000e+02 1.40000000e+01 5.44357008e+01
 3.10000000e+02 1.40000000e+01 5.43992577e+01
 3.11000000e+02 1.40000000e+01 5.43628146e+01
 3.12000000e+02 1.40000000e+01 5.43263716e+01
 3.13000000e+02 1.40000000e+01 5.42899285e+01
 3.14000000e+02 1.40000000e+01 5.32534854e+01
 3.15000000e+02 1.40000000e+01 5.32170423e+01
 3.16000000e+02 1.40000000e+01 5.31805992e+01
 3.17000000e+02 1.40000000e+01 5.31441561e+01
 3.18000000e+02 1.40000000e+01 5.41077130e+01
 3.19000000e+02 1.40000000e+01 5.40712700e+01
 3.20000000e+02 1.40000000e+01 5.40348269e+01
 3.21000000e+02 1.40000000e+01 5.39983838e+01
 3.22000000e+02 1.40000000e+01 5.39619407e+01
 3.23000000e+02 1.40000000e+01 5.29254976e+01
 3.24000000e+02 1.40000000e+01 5.28890545e+01
 3.25000000e+02 1.40000000e+01 5.28526114e+01
 3.26000000e+02 1.40000000e+01 5.28161684e+01
 3.27000000e+02 1.40000000e+01 5.27797253e+01
 3.28000000e+02 1.40000000e+01 5.37432822e+01
 3.29000000e+02 1.40000000e+01 5.37068391e+01
 3.30000000e+02 1.40000000e+01 5.26703960e+01
 3.31000000e+02 1.40000000e+01 5.26339529e+01
 3.32000000e+02 1.40000000e+01 5.25975098e+01
 3.33000000e+02 1.40000000e+01 5.25610668e+01
 3.34000000e+02 1.40000000e+01 5.25246237e+01
 3.35000000e+02 1.40000000e+01 5.24881806e+01
 3.36000000e+02 1.40000000e+01 5.24517375e+01
 3.41000000e+02 1.40000000e+01 5.32695221e+01
 3.42000000e+02 1.40000000e+01 5.22330790e+01
 3.43000000e+02 1.40000000e+01 5.21966359e+01
 3.44000000e+02 1.40000000e+01 5.21601928e+01
 3.45000000e+02 1.40000000e+01 5.11237497e+01
 3.46000000e+02 1.40000000e+01 5.10873066e+01
 3.47000000e+02 1.40000000e+01 5.20508636e+01
 3.48000000e+02 1.40000000e+01 5.10144205e+01
 3.49000000e+02 1.40000000e+01 5.09779774e+01
 3.50000000e+02 1.40000000e+01 5.09415343e+01
 3.51000000e+02 1.40000000e+01 5.09050912e+01
 3.52000000e+02 1.40000000e+01 5.08686481e+01
 3.53000000e+02 1.40000000e+01 5.08322050e+01
 3.54000000e+02 1.40000000e+01 5.07957620e+01
 3.55000000e+02 1.40000000e+01 5.07593189e+01
 3.56000000e+02 1.40000000e+01 5.17228758e+01
 3.57000000e+02 1.40000000e+01 5.16864327e+01
 3.58000000e+02 1.40000000e+01 5.16499896e+01
 3.59000000e+02 1.40000000e+01 5.16135465e+01
 3.60000000e+02 1.40000000e+01 5.15771034e+01
 3.61000000e+02 1.40000000e+01 5.15406604e+01
 3.62000000e+02 1.40000000e+01 5.05042173e+01
 3.63000000e+02 1.40000000e+01 5.04677742e+01
 3.64000000e+02 1.40000000e+01 5.04313311e+01
 3.65000000e+02 1.40000000e+01 5.03948880e+01
 3.66000000e+02 1.40000000e+01 5.03584449e+01
 3.67000000e+02 1.40000000e+01 5.03220018e+01
 3.68000000e+02 1.40000000e+01 5.02855587e+01
 3.69000000e+02 1.40000000e+01 5.02491157e+01
 3.70000000e+02 1.40000000e+01 5.02126726e+01
 3.71000000e+02 1.40000000e+01 5.01762295e+01
 3.72000000e+02 1.40000000e+01 5.01397864e+01
 3.73000000e+02 1.40000000e+01 5.01033433e+01
 3.74000000e+02 1.40000000e+01 5.00669002e+01
 3.75000000e+02 1.40000000e+01 5.00304571e+01
 3.76000000e+02 1.40000000e+01 4.99940141e+01
 3.77000000e+02 1.40000000e+01 5.09575710e+01
 3.78000000e+02 1.40000000e+01 5.09211279e+01
 3.79000000e+02 1.40000000e+01 5.08846848e+01
 3.80000000e+02 1.40000000e+01 5.08482417e+01
 3.81000000e+02 1.40000000e+01 5.08117986e+01
 3.82000000e+02 1.40000000e+01 5.07753555e+01
 3.83000000e+02 1.40000000e+01 5.07389125e+01
 3.84000000e+02 1.40000000e+01 4.97024694e+01
 3.85000000e+02 1.40000000e+01 4.96660263e+01
 3.86000000e+02 1.40000000e+01 5.06295832e+01
 3.87000000e+02 1.40000000e+01 4.95931401e+01
 3.88000000e+02 1.40000000e+01 4.95566970e+01
 3.89000000e+02 1.40000000e+01 4.95202539e+01
 3.90000000e+02 1.40000000e+01 4.94838109e+01
 3.91000000e+02 1.40000000e+01 4.94473678e+01
 3.92000000e+02 1.40000000e+01 4.94109247e+01
 3.93000000e+02 1.40000000e+01 4.93744816e+01
 3.94000000e+02 1.40000000e+01 4.93380385e+01
 3.95000000e+02 1.40000000e+01 4.93015954e+01
 3.96000000e+02 1.40000000e+01 4.92651523e+01
 3.97000000e+02 1.40000000e+01 4.92287093e+01
 3.98000000e+02 1.40000000e+01 4.91922662e+01
 3.99000000e+02 1.40000000e+01 4.91558231e+01
 4.00000000e+02 1.40000000e+01 4.91193800e+01
 4.01000000e+02 1.40000000e+01 4.90829369e+01
 4.02000000e+02 1.40000000e+01 4.90464938e+01
 4.03000000e+02 1.40000000e+01 4.90100507e+01
 4.04000000e+02 1.40000000e+01 4.89736077e+01
 4.05000000e+02 1.40000000e+01 4.89371646e+01
 4.06000000e+02 1.40000000e+01 4.89007215e+01
 4.07000000e+02 1.40000000e+01 4.88642784e+01
 4.08000000e+02 1.40000000e+01 4.88278353e+01
 4.09000000e+02 1.40000000e+01 4.87913922e+01
 4.10000000e+02 1.40000000e+01 4.87549491e+01
 4.11000000e+02 1.40000000e+01 4.87185061e+01
 4.12000000e+02 1.40000000e+01 4.86820630e+01
 4.13000000e+02 1.40000000e+01 4.86456199e+01
 4.14000000e+02 1.40000000e+01 4.86091768e+01
 4.15000000e+02 1.40000000e+01 4.85727337e+01
 4.16000000e+02 1.40000000e+01 4.85362906e+01
 4.17000000e+02 1.40000000e+01 4.84998475e+01
 4.18000000e+02 1.40000000e+01 4.84634045e+01
 4.19000000e+02 1.40000000e+01 4.84269614e+01
 4.20000000e+02 1.40000000e+01 4.83905183e+01
 4.21000000e+02 1.40000000e+01 4.83540752e+01
 4.22000000e+02 1.40000000e+01 4.83176321e+01
 4.23000000e+02 1.40000000e+01 4.82811890e+01
 4.24000000e+02 1.40000000e+01 4.82447459e+01
 4.25000000e+02 1.40000000e+01 4.82083029e+01
 4.26000000e+02 1.40000000e+01 4.81718598e+01
 4.27000000e+02 1.40000000e+01 4.81354167e+01
 4.28000000e+02 1.40000000e+01 4.80989736e+01
 4.29000000e+02 1.40000000e+01 4.80625305e+01
 4.30000000e+02 1.40000000e+01 4.70260874e+01
 4.31000000e+02 1.40000000e+01 4.69896443e+01
 4.32000000e+02 1.40000000e+01 4.69532012e+01
 4.33000000e+02 1.40000000e+01 4.79167582e+01
 4.34000000e+02 1.40000000e+01 4.78803151e+01
 4.35000000e+02 1.40000000e+01 4.68438720e+01
 4.36000000e+02 1.40000000e+01 4.68074289e+01
 4.37000000e+02 1.40000000e+01 4.67709858e+01
 4.38000000e+02 1.40000000e+01 4.67345427e+01
 4.39000000e+02 1.40000000e+01 4.66980996e+01
 4.40000000e+02 1.40000000e+01 4.66616566e+01
 4.41000000e+02 1.40000000e+01 4.66252135e+01
 4.42000000e+02 1.40000000e+01 4.55887704e+01
 4.43000000e+02 1.40000000e+01 4.55523273e+01
 4.44000000e+02 1.40000000e+01 4.55158842e+01
 4.45000000e+02 1.40000000e+01 4.54794411e+01
 4.46000000e+02 1.40000000e+01 4.54429980e+01
 4.47000000e+02 1.40000000e+01 4.54065550e+01
 4.48000000e+02 1.40000000e+01 4.53701119e+01
 4.49000000e+02 1.40000000e+01 4.63336688e+01
 4.50000000e+02 1.40000000e+01 4.52972257e+01
 4.51000000e+02 1.40000000e+01 4.52607826e+01
 4.52000000e+02 1.40000000e+01 4.42243395e+01
 4.53000000e+02 1.40000000e+01 4.51878964e+01
 4.54000000e+02 1.40000000e+01 4.41514534e+01
 4.55000000e+02 1.40000000e+01 4.41150103e+01
 4.56000000e+02 1.40000000e+01 4.40785672e+01
 4.57000000e+02 1.40000000e+01 4.40421241e+01
 4.58000000e+02 1.40000000e+01 4.30056810e+01
 4.59000000e+02 1.40000000e+01 4.29692379e+01
 4.60000000e+02 1.40000000e+01 4.29327948e+01
 4.61000000e+02 1.40000000e+01 4.28963518e+01
 4.62000000e+02 1.40000000e+01 4.28599087e+01
 4.63000000e+02 1.40000000e+01 4.28234656e+01
 4.64000000e+02 1.40000000e+01 4.27870225e+01
 4.65000000e+02 1.40000000e+01 4.17505794e+01
 4.66000000e+02 1.40000000e+01 4.17141363e+01
 4.67000000e+02 1.40000000e+01 4.16776932e+01
 4.68000000e+02 1.40000000e+01 4.16412502e+01
 4.69000000e+02 1.40000000e+01 4.06048071e+01
 4.70000000e+02 1.40000000e+01 4.05683640e+01
 4.71000000e+02 1.40000000e+01 4.05319209e+01
 4.72000000e+02 1.40000000e+01 4.04954778e+01
 4.73000000e+02 1.40000000e+01 3.94590347e+01
 4.74000000e+02 1.40000000e+01 3.94225916e+01
 4.75000000e+02 1.40000000e+01 3.93861486e+01
 4.76000000e+02 1.40000000e+01 3.83497055e+01
 4.77000000e+02 1.40000000e+01 3.83132624e+01
 4.78000000e+02 1.40000000e+01 3.82768193e+01
 4.79000000e+02 1.40000000e+01 3.82403762e+01
 4.80000000e+02 1.40000000e+01 3.82039331e+01
 4.81000000e+02 1.40000000e+01 3.71674900e+01
 4.82000000e+02 1.40000000e+01 3.71310470e+01
 4.83000000e+02 1.40000000e+01 3.60946039e+01
 4.84000000e+02 1.40000000e+01 3.60581608e+01
 4.85000000e+02 1.40000000e+01 3.60217177e+01
 4.86000000e+02 1.40000000e+01 3.49852746e+01
 4.87000000e+02 1.40000000e+01 3.49488315e+01
 4.88000000e+02 1.40000000e+01 3.49123884e+01
 4.89000000e+02 1.40000000e+01 3.48759454e+01
 4.90000000e+02 1.40000000e+01 3.38395023e+01
 4.91000000e+02 1.40000000e+01 3.38030592e+01
 4.92000000e+02 1.40000000e+01 3.37666161e+01
 4.93000000e+02 1.40000000e+01 3.27301730e+01
 4.94000000e+02 1.40000000e+01 3.16937299e+01
 4.95000000e+02 1.40000000e+01 3.16572868e+01
 4.96000000e+02 1.40000000e+01 3.16208438e+01
 4.97000000e+02 1.40000000e+01 3.15844007e+01
 4.98000000e+02 1.40000000e+01 3.15479576e+01
 4.99000000e+02 1.40000000e+01 3.05115145e+01
 5.00000000e+02 1.40000000e+01 3.04750714e+01
 5.01000000e+02 1.40000000e+01 2.94386283e+01
 5.02000000e+02 1.40000000e+01 2.94021852e+01
 5.03000000e+02 1.40000000e+01 2.93657421e+01
 5.04000000e+02 1.40000000e+01 2.93292991e+01
 5.05000000e+02 1.40000000e+01 2.82928560e+01
 5.06000000e+02 1.40000000e+01 2.72564129e+01
 5.07000000e+02 1.40000000e+01 2.72199698e+01
 5.08000000e+02 1.40000000e+01 2.61835267e+01
 5.09000000e+02 1.40000000e+01 2.61470836e+01
 5.10000000e+02 1.40000000e+01 2.61106405e+01
 5.11000000e+02 1.40000000e+01 2.50741975e+01
 5.12000000e+02 1.40000000e+01 2.50377544e+01
 5.13000000e+02 1.40000000e+01 2.40013113e+01
 5.14000000e+02 1.40000000e+01 2.39648682e+01
 5.15000000e+02 1.40000000e+01 2.39284251e+01
 5.16000000e+02 1.40000000e+01 2.28919820e+01
 5.17000000e+02 1.40000000e+01 2.28555389e+01
 5.18000000e+02 1.40000000e+01 2.28190959e+01
 5.19000000e+02 1.40000000e+01 2.27826528e+01
 5.20000000e+02 1.40000000e+01 2.27462097e+01
 5.21000000e+02 1.40000000e+01 2.27097666e+01
 5.22000000e+02 1.40000000e+01 2.26733235e+01
 5.23000000e+02 1.40000000e+01 2.26368804e+01
 5.24000000e+02 1.40000000e+01 2.16004373e+01
 5.25000000e+02 1.40000000e+01 2.15639943e+01
 5.26000000e+02 1.40000000e+01 2.15275512e+01
 5.27000000e+02 1.40000000e+01 2.14911081e+01
 5.28000000e+02 1.40000000e+01 2.14546650e+01
 5.29000000e+02 1.40000000e+01 2.04182219e+01
 5.30000000e+02 1.40000000e+01 2.03817788e+01
 5.31000000e+02 1.40000000e+01 2.03453357e+01
 5.32000000e+02 1.40000000e+01 2.03088927e+01
 5.33000000e+02 1.40000000e+01 2.02724496e+01
 5.34000000e+02 1.40000000e+01 2.02360065e+01
 5.35000000e+02 1.40000000e+01 2.01995634e+01
 5.36000000e+02 1.40000000e+01 1.91631203e+01
 5.37000000e+02 1.40000000e+01 1.91266772e+01
 5.38000000e+02 1.40000000e+01 1.90902341e+01
 5.39000000e+02 1.40000000e+01 1.90537911e+01
 5.40000000e+02 1.40000000e+01 1.90173480e+01
 5.41000000e+02 1.40000000e+01 1.89809049e+01
 5.42000000e+02 1.40000000e+01 1.79444618e+01
 5.43000000e+02 1.40000000e+01 1.79080187e+01
 5.44000000e+02 1.40000000e+01 1.78715756e+01
 5.45000000e+02 1.40000000e+01 1.78351325e+01
 5.46000000e+02 1.40000000e+01 1.77986895e+01
 5.47000000e+02 1.40000000e+01 1.77622464e+01
 5.48000000e+02 1.40000000e+01 1.77258033e+01
 5.49000000e+02 1.40000000e+01 1.76893602e+01
 5.50000000e+02 1.40000000e+01 1.66529171e+01
 5.51000000e+02 1.40000000e+01 1.66164740e+01
 5.52000000e+02 1.40000000e+01 1.65800309e+01
 5.53000000e+02 1.40000000e+01 1.65435879e+01
 5.54000000e+02 1.40000000e+01 1.65071448e+01
 5.55000000e+02 1.40000000e+01 1.54707017e+01
 5.56000000e+02 1.40000000e+01 1.54342586e+01
 5.57000000e+02 1.40000000e+01 1.53978155e+01
 5.58000000e+02 1.40000000e+01 1.53613724e+01
 5.59000000e+02 1.40000000e+01 1.53249293e+01
 5.60000000e+02 1.40000000e+01 1.52884863e+01
 5.61000000e+02 1.40000000e+01 1.52520432e+01
 5.62000000e+02 1.40000000e+01 1.52156001e+01
 5.63000000e+02 1.40000000e+01 1.51791570e+01
 5.64000000e+02 1.40000000e+01 1.51427139e+01
 5.65000000e+02 1.40000000e+01 1.51062708e+01
 5.66000000e+02 1.40000000e+01 1.40698277e+01
 5.67000000e+02 1.40000000e+01 1.40333846e+01
 5.68000000e+02 1.40000000e+01 1.39969416e+01
 5.69000000e+02 1.40000000e+01 1.39604985e+01
 5.70000000e+02 1.40000000e+01 1.39240554e+01
 5.71000000e+02 1.40000000e+01 1.38876123e+01
 5.72000000e+02 1.40000000e+01 1.38511692e+01
 5.73000000e+02 1.40000000e+01 1.38147261e+01
 5.74000000e+02 1.40000000e+01 1.37782830e+01
 5.75000000e+02 1.40000000e+01 1.37418400e+01
 5.76000000e+02 1.40000000e+01 1.37053969e+01
 5.77000000e+02 1.40000000e+01 1.26689538e+01
 5.78000000e+02 1.40000000e+01 1.26325107e+01
 5.79000000e+02 1.40000000e+01 1.25960676e+01
 5.80000000e+02 1.40000000e+01 1.25596245e+01
 5.81000000e+02 1.40000000e+01 1.25231814e+01
 5.82000000e+02 1.40000000e+01 1.14867384e+01
 5.83000000e+02 1.40000000e+01 1.14502953e+01
 5.84000000e+02 1.40000000e+01 1.14138522e+01
 5.85000000e+02 1.40000000e+01 1.13774091e+01
 5.86000000e+02 1.40000000e+01 1.13409660e+01
 5.87000000e+02 1.40000000e+01 1.13045229e+01
 5.88000000e+02 1.40000000e+01 1.12680798e+01
 5.89000000e+02 1.40000000e+01 1.22316368e+01
 5.90000000e+02 1.40000000e+01 1.21951937e+01
 5.91000000e+02 1.40000000e+01 1.11587506e+01
 5.92000000e+02 1.40000000e+01 1.11223075e+01
 5.93000000e+02 1.40000000e+01 1.10858644e+01
 5.94000000e+02 1.40000000e+01 1.00494213e+01
 5.95000000e+02 1.40000000e+01 1.00129782e+01
 5.96000000e+02 1.40000000e+01 1.09765352e+01
 5.97000000e+02 1.40000000e+01 9.94009207e+00
 5.98000000e+02 1.40000000e+01 9.90364899e+00
 5.99000000e+02 1.40000000e+01 9.86720590e+00
 6.00000000e+02 1.40000000e+01 9.83076281e+00
 6.01000000e+02 1.40000000e+01 8.79431973e+00
 6.02000000e+02 1.40000000e+01 8.75787664e+00
 6.03000000e+02 1.40000000e+01 9.72143356e+00
 6.04000000e+02 1.40000000e+01 8.68499047e+00
 6.05000000e+02 1.40000000e+01 8.64854738e+00
 6.06000000e+02 1.40000000e+01 9.61210430e+00
 6.07000000e+02 1.40000000e+01 9.57566121e+00
 6.08000000e+02 1.40000000e+01 8.53921813e+00
 6.09000000e+02 1.40000000e+01 8.50277504e+00
 6.10000000e+02 1.40000000e+01 8.46633195e+00
 6.11000000e+02 1.40000000e+01 8.42988887e+00
 6.12000000e+02 1.40000000e+01 8.39344578e+00
 6.13000000e+02 1.40000000e+01 8.35700270e+00
 6.14000000e+02 1.40000000e+01 8.32055961e+00
 6.15000000e+02 1.40000000e+01 8.28411653e+00
 6.16000000e+02 1.40000000e+01 8.24767344e+00
 6.17000000e+02 1.40000000e+01 8.21123035e+00
 6.18000000e+02 1.40000000e+01 8.17478727e+00
 6.19000000e+02 1.40000000e+01 7.13834418e+00
 6.20000000e+02 1.40000000e+01 7.10190110e+00
 6.21000000e+02 1.40000000e+01 7.06545801e+00
 6.22000000e+02 1.40000000e+01 7.02901492e+00
 6.23000000e+02 1.40000000e+01 6.99257184e+00
 6.24000000e+02 1.40000000e+01 6.95612875e+00
 6.25000000e+02 1.40000000e+01 6.91968567e+00
 6.26000000e+02 1.40000000e+01 6.88324258e+00
 6.27000000e+02 1.40000000e+01 6.84679949e+00
 6.28000000e+02 1.40000000e+01 6.81035641e+00
 6.29000000e+02 1.40000000e+01 6.77391332e+00
 6.30000000e+02 1.40000000e+01 6.73747024e+00
 6.31000000e+02 1.40000000e+01 6.70102715e+00
 6.32000000e+02 1.40000000e+01 6.66458406e+00
 6.33000000e+02 1.40000000e+01 6.62814098e+00
 6.34000000e+02 1.40000000e+01 6.59169789e+00
 6.35000000e+02 1.40000000e+01 6.55525481e+00
 6.36000000e+02 1.40000000e+01 5.51881172e+00
 6.37000000e+02 1.40000000e+01 5.48236863e+00
 6.38000000e+02 1.40000000e+01 5.44592555e+00
 6.39000000e+02 1.40000000e+01 5.40948246e+00
 6.40000000e+02 1.40000000e+01 5.37303938e+00
 6.41000000e+02 1.40000000e+01 5.33659629e+00
 6.42000000e+02 1.40000000e+01 5.30015321e+00
 6.43000000e+02 1.40000000e+01 5.26371012e+00
 6.44000000e+02 1.40000000e+01 5.22726703e+00
 6.45000000e+02 1.40000000e+01 5.19082395e+00
 6.46000000e+02 1.40000000e+01 5.15438086e+00
 6.47000000e+02 1.40000000e+01 5.11793778e+00
 6.48000000e+02 1.40000000e+01 5.08149469e+00
 6.49000000e+02 1.40000000e+01 5.04505160e+00
 6.50000000e+02 1.40000000e+01 5.00860852e+00
 6.51000000e+02 1.40000000e+01 4.97216543e+00
 6.52000000e+02 1.40000000e+01 4.93572235e+00
 6.53000000e+02 1.40000000e+01 4.89927926e+00
 6.54000000e+02 1.40000000e+01 4.86283617e+00
 6.55000000e+02 1.40000000e+01 4.82639309e+00
 6.56000000e+02 1.40000000e+01 4.78995000e+00
 6.57000000e+02 1.40000000e+01 4.75350692e+00
 6.58000000e+02 1.40000000e+01 4.71706383e+00
 6.59000000e+02 1.40000000e+01 4.68062074e+00
 6.60000000e+02 1.40000000e+01 4.64417766e+00
 6.61000000e+02 1.40000000e+01 4.60773457e+00
 6.62000000e+02 1.40000000e+01 4.57129149e+00
 6.63000000e+02 1.40000000e+01 4.53484840e+00
 6.64000000e+02 1.40000000e+01 3.49840531e+00
 6.65000000e+02 1.40000000e+01 3.46196223e+00
 6.66000000e+02 1.40000000e+01 4.42551914e+00
 6.67000000e+02 1.40000000e+01 4.38907606e+00
 6.68000000e+02 1.40000000e+01 3.35263297e+00
 6.69000000e+02 1.40000000e+01 3.31618989e+00
 6.70000000e+02 1.40000000e+01 4.27974680e+00
 6.71000000e+02 1.40000000e+01 4.24330371e+00
 6.72000000e+02 1.40000000e+01 4.20686063e+00
 6.73000000e+02 1.40000000e+01 4.17041754e+00
 6.74000000e+02 1.40000000e+01 4.13397446e+00
 6.75000000e+02 1.40000000e+01 4.09753137e+00
 6.76000000e+02 1.40000000e+01 3.06108828e+00
 6.77000000e+02 1.40000000e+01 3.02464520e+00
 6.78000000e+02 1.40000000e+01 2.98820211e+00
 6.79000000e+02 1.40000000e+01 2.95175903e+00
 6.80000000e+02 1.40000000e+01 3.91531594e+00
 6.81000000e+02 1.40000000e+01 3.87887285e+00
 6.82000000e+02 1.40000000e+01 3.84242977e+00
 6.83000000e+02 1.40000000e+01 3.80598668e+00
 6.84000000e+02 1.40000000e+01 3.76954360e+00
 6.85000000e+02 1.40000000e+01 3.73310051e+00
 6.86000000e+02 1.40000000e+01 3.69665742e+00
 6.87000000e+02 1.40000000e+01 3.66021434e+00
 6.88000000e+02 1.40000000e+01 3.62377125e+00
 6.89000000e+02 1.40000000e+01 3.58732817e+00
 6.90000000e+02 1.40000000e+01 3.55088508e+00
 6.91000000e+02 1.40000000e+01 3.51444200e+00
 6.92000000e+02 1.40000000e+01 3.47799891e+00
 6.93000000e+02 1.40000000e+01 3.44155582e+00
 6.94000000e+02 1.40000000e+01 3.40511274e+00
 6.95000000e+02 1.40000000e+01 3.36866965e+00
 6.96000000e+02 1.40000000e+01 3.33222657e+00
 6.97000000e+02 1.40000000e+01 3.29578348e+00
 6.98000000e+02 1.40000000e+01 3.25934039e+00
 6.99000000e+02 1.40000000e+01 3.22289731e+00
 7.00000000e+02 1.40000000e+01 3.18645422e+00
 7.01000000e+02 1.40000000e+01 3.15001114e+00
 7.02000000e+02 1.40000000e+01 3.11356805e+00
 7.03000000e+02 1.40000000e+01 3.07712496e+00
 7.04000000e+02 1.40000000e+01 3.04068188e+00
 7.05000000e+02 1.40000000e+01 3.00423879e+00
 7.06000000e+02 1.40000000e+01 2.96779571e+00
 7.07000000e+02 1.40000000e+01 2.93135262e+00
 7.08000000e+02 1.40000000e+01 2.89490953e+00
 7.09000000e+02 1.40000000e+01 2.85846645e+00
 7.10000000e+02 1.40000000e+01 2.82202336e+00
 7.11000000e+02 1.40000000e+01 2.78558028e+00
 7.12000000e+02 1.40000000e+01 3.74913719e+00
 7.13000000e+02 1.40000000e+01 3.71269410e+00
 7.14000000e+02 1.40000000e+01 4.67625102e+00
 7.15000000e+02 1.40000000e+01 4.63980793e+00
 7.16000000e+02 1.40000000e+01 4.60336485e+00
 7.17000000e+02 1.40000000e+01 4.56692176e+00
 7.18000000e+02 1.40000000e+01 4.53047868e+00
 7.19000000e+02 1.40000000e+01 4.49403559e+00
 7.20000000e+02 1.40000000e+01 4.45759250e+00
 7.21000000e+02 1.40000000e+01 4.42114942e+00
 7.22000000e+02 1.40000000e+01 4.38470633e+00
 7.23000000e+02 1.40000000e+01 4.34826325e+00
 7.24000000e+02 1.40000000e+01 4.31182016e+00
 7.25000000e+02 1.40000000e+01 4.27537707e+00
 7.26000000e+02 1.40000000e+01 4.23893399e+00
 7.27000000e+02 1.40000000e+01 4.20249090e+00
 7.28000000e+02 1.40000000e+01 4.16604782e+00
 7.29000000e+02 1.40000000e+01 5.12960473e+00
 7.30000000e+02 1.40000000e+01 5.09316164e+00
 7.31000000e+02 1.40000000e+01 5.05671856e+00
 7.32000000e+02 1.40000000e+01 5.02027547e+00
 7.33000000e+02 1.40000000e+01 4.98383239e+00
 7.34000000e+02 1.40000000e+01 4.94738930e+00
 7.35000000e+02 1.40000000e+01 4.91094621e+00
 7.36000000e+02 1.40000000e+01 4.87450313e+00
 7.37000000e+02 1.40000000e+01 5.83806004e+00
 7.38000000e+02 1.40000000e+01 4.80161696e+00
 7.39000000e+02 1.40000000e+01 5.76517387e+00
 7.40000000e+02 1.40000000e+01 5.72873078e+00
 7.41000000e+02 1.40000000e+01 5.69228770e+00
 7.42000000e+02 1.40000000e+01 5.65584461e+00
 7.43000000e+02 1.40000000e+01 5.61940153e+00
 7.44000000e+02 1.40000000e+01 5.58295844e+00
 7.45000000e+02 1.40000000e+01 6.54651536e+00
 7.46000000e+02 1.40000000e+01 6.51007227e+00
 7.47000000e+02 1.40000000e+01 6.47362918e+00
 7.48000000e+02 1.40000000e+01 6.43718610e+00
 7.49000000e+02 1.40000000e+01 6.40074301e+00
 7.50000000e+02 1.40000000e+01 6.36429993e+00
 7.51000000e+02 1.40000000e+01 6.32785684e+00
 7.52000000e+02 1.40000000e+01 6.29141375e+00
 7.53000000e+02 1.40000000e+01 6.25497067e+00
 7.54000000e+02 1.40000000e+01 6.21852758e+00
 7.55000000e+02 1.40000000e+01 6.18208450e+00
 7.56000000e+02 1.40000000e+01 7.14564141e+00
 7.57000000e+02 1.40000000e+01 7.10919832e+00
 7.58000000e+02 1.40000000e+01 7.07275524e+00
 7.59000000e+02 1.40000000e+01 7.03631215e+00
 7.60000000e+02 1.40000000e+01 6.99986907e+00
 7.61000000e+02 1.40000000e+01 7.96342598e+00
 7.62000000e+02 1.40000000e+01 7.92698289e+00
 7.63000000e+02 1.40000000e+01 7.89053981e+00
 7.64000000e+02 1.40000000e+01 7.85409672e+00
