 1.00000000e+00 1.60000000e+01 3.07425168e+01
 2.00000000e+00 1.60000000e+01 3.07832657e+01
 3.00000000e+00 1.60000000e+01 3.08240146e+01
 4.00000000e+00 1.60000000e+01 3.08647635e+01
 5.00000000e+00 1.60000000e+01 3.09055124e+01
 6.00000000e+00 1.60000000e+01 3.09462613e+01
 7.00000000e+00 1.60000000e+01 3.09870102e+01
 8.00000000e+00 1.60000000e+01 3.10277591e+01
 9.00000000e+00 1.60000000e+01 3.10685080e+01
 1.00000000e+01 1.60000000e+01 3.11092569e+01
 1.10000000e+01 1.60000000e+01 3.21500058e+01
 1.20000000e+01 1.60000000e+01 3.21907547e+01
 1.30000000e+01 1.60000000e+01 3.22315036e+01
 1.40000000e+01 1.60000000e+01 3.12722525e+01
 1.50000000e+01 1.60000000e+01 3.13130014e+01
 1.60000000e+01 1.60000000e+01 3.13537503e+01
 1.70000000e+01 1.60000000e+01 3.13944992e+01
 1.80000000e+01 1.60000000e+01 3.14352481e+01
 1.90000000e+01 1.60000000e+01 3.24759971e+01
 2.00000000e+01 1.60000000e+01 2.75167460e+01
 2.10000000e+01 1.60000000e+01 2.75574949e+01
 2.20000000e+01 1.60000000e+01 2.75982438e+01
 2.30000000e+01 1.60000000e+01 2.86389927e+01
 2.40000000e+01 1.60000000e+01 2.96797416e+01
 2.50000000e+01 1.60000000e+01 3.07204905e+01
 2.60000000e+01 1.60000000e+01 3.07612394e+01
 2.70000000e+01 1.60000000e+01 2.98019883e+01
 2.80000000e+01 1.60000000e+01 2.98427372e+01
 2.90000000e+01 1.60000000e+01 2.98834861e+01
 3.00000000e+01 1.60000000e+01 2.99242350e+01
 3.10000000e+01 1.60000000e+01 3.09649839e+01
 3.20000000e+01 1.60000000e+01 3.10057328e+01
 3.30000000e+01 1.60000000e+01 3.10464817e+01
 3.40000000e+01 1.60000000e+01 3.00872306e+01
 3.50000000e+01 1.60000000e+01 3.01279795e+01
 3.60000000e+01 1.60000000e+01 3.01687284e+01
 3.70000000e+01 1.60000000e+01 3.02094773e+01
 3.80000000e+01 1.60000000e+01 3.02502262e+01
 3.90000000e+01 1.60000000e+01 3.02909751e+01
 4.00000000e+01 1.60000000e+01 3.03317240e+01
 4.10000000e+01 1.60000000e+01 3.03724729e+01
 4.20000000e+01 1.60000000e+01 3.04132218e+01
 4.30000000e+01 1.60000000e+01 2.94539707e+01
 4.40000000e+01 1.60000000e+01 3.04947196e+01
 4.50000000e+01 1.60000000e+01 3.15354686e+01
 4.60000000e+01 1.60000000e+01 2.75762175e+01
 4.70000000e+01 1.60000000e+01 2.76169664e+01
 4.80000000e+01 1.60000000e+01 2.86577153e+01
 4.90000000e+01 1.60000000e+01 2.86984642e+01
 5.00000000e+01 1.60000000e+01 2.87392131e+01
 5.10000000e+01 1.60000000e+01 2.97799620e+01
 5.20000000e+01 1.60000000e+01 2.98207109e+01
 5.30000000e+01 1.60000000e+01 2.98614598e+01
 5.40000000e+01 1.60000000e+01 2.99022087e+01
 5.50000000e+01 1.60000000e+01 2.99429576e+01
 5.60000000e+01 1.60000000e+01 2.99837065e+01
 5.70000000e+01 1.60000000e+01 3.10244554e+01
 5.80000000e+01 1.60000000e+01 3.00652043e+01
 5.90000000e+01 1.60000000e+01 3.01059532e+01
 6.00000000e+01 1.60000000e+01 3.01467021e+01
 6.10000000e+01 1.60000000e+01 2.91874510e+01
 6.20000000e+01 1.60000000e+01 3.02281999e+01
 6.30000000e+01 1.60000000e+01 3.02689488e+01
 6.40000000e+01 1.60000000e+01 3.03096977e+01
 6.50000000e+01 1.60000000e+01 2.93504466e+01
 6.60000000e+01 1.60000000e+01 2.93911955e+01
 6.70000000e+01 1.60000000e+01 2.84319444e+01
 6.80000000e+01 1.60000000e+01 2.84726933e+01
 6.90000000e+01 1.60000000e+01 2.85134422e+01
 7.00000000e+01 1.60000000e+01 2.95541911e+01
 7.10000000e+01 1.60000000e+01 2.95949401e+01
 7.20000000e+01 1.60000000e+01 3.06356890e+01
 7.30000000e+01 1.60000000e+01 3.06764379e+01
 7.40000000e+01 1.60000000e+01 3.07171868e+01
 7.50000000e+01 1.60000000e+01 3.07579357e+01
 7.60000000e+01 1.60000000e+01 2.97986846e+01
 7.70000000e+01 1.60000000e+01 2.98394335e+01
 7.80000000e+01 1.60000000e+01 2.98801824e+01
 7.90000000e+01 1.60000000e+01 3.09209313e+01
 8.00000000e+01 1.60000000e+01 2.99616802e+01
 8.10000000e+01 1.60000000e+01 3.00024291e+01
 8.20000000e+01 1.60000000e+01 3.10431780e+01
 8.30000000e+01 1.60000000e+01 3.00839269e+01
 8.40000000e+01 1.60000000e+01 3.01246758e+01
 8.50000000e+01 1.60000000e+01 3.01654247e+01
 8.60000000e+01 1.60000000e+01 3.02061736e+01
 8.70000000e+01 1.60000000e+01 3.02469225e+01
 8.80000000e+01 1.60000000e+01 3.02876714e+01
 8.90000000e+01 1.60000000e+01 2.93284203e+01
 9.00000000e+01 1.60000000e+01 2.83691692e+01
 9.10000000e+01 1.60000000e+01 2.94099181e+01
 9.20000000e+01 1.60000000e+01 3.04506670e+01
 9.30000000e+01 1.60000000e+01 3.04914159e+01
 9.40000000e+01 1.60000000e+01 3.05321648e+01
 9.50000000e+01 1.60000000e+01 3.05729137e+01
 9.60000000e+01 1.60000000e+01 3.06136626e+01
 9.70000000e+01 1.60000000e+01 3.06544116e+01
 9.80000000e+01 1.60000000e+01 2.96951605e+01
 9.90000000e+01 1.60000000e+01 2.97359094e+01
 1.00000000e+02 1.60000000e+01 3.07766583e+01
 1.01000000e+02 1.60000000e+01 3.08174072e+01
 1.02000000e+02 1.60000000e+01 3.08581561e+01
 1.03000000e+02 1.60000000e+01 3.08989050e+01
 1.04000000e+02 1.60000000e+01 2.99396539e+01
 1.05000000e+02 1.60000000e+01 2.99804028e+01
 1.06000000e+02 1.60000000e+01 3.00211517e+01
 1.07000000e+02 1.60000000e+01 3.00619006e+01
 1.08000000e+02 1.60000000e+01 3.01026495e+01
 1.09000000e+02 1.60000000e+01 3.11433984e+01
 1.10000000e+02 1.60000000e+01 3.11841473e+01
 1.11000000e+02 1.60000000e+01 3.12248962e+01
 1.12000000e+02 1.60000000e+01 3.12656451e+01
 1.13000000e+02 1.60000000e+01 3.13063940e+01
 1.14000000e+02 1.60000000e+01 3.13471429e+01
 1.15000000e+02 1.60000000e+01 3.13878918e+01
 1.16000000e+02 1.60000000e+01 3.14286407e+01
 1.17000000e+02 1.60000000e+01 3.14693896e+01
 1.18000000e+02 1.60000000e+01 3.15101385e+01
 1.19000000e+02 1.60000000e+01 3.15508874e+01
 1.20000000e+02 1.60000000e+01 3.05916363e+01
 1.21000000e+02 1.60000000e+01 2.86323852e+01
 1.22000000e+02 1.60000000e+01 2.86731341e+01
 1.23000000e+02 1.60000000e+01 2.97138831e+01
 1.24000000e+02 1.60000000e+01 2.97546320e+01
 1.25000000e+02 1.60000000e+01 2.97953809e+01
 1.26000000e+02 1.60000000e+01 2.98361298e+01
 1.27000000e+02 1.60000000e+01 2.98768787e+01
 1.28000000e+02 1.60000000e+01 2.99176276e+01
 1.29000000e+02 1.60000000e+01 3.09583765e+01
 1.30000000e+02 1.60000000e+01 3.09991254e+01
 1.31000000e+02 1.60000000e+01 3.00398743e+01
 1.32000000e+02 1.60000000e+01 3.00806232e+01
 1.33000000e+02 1.60000000e+01 3.01213721e+01
 1.34000000e+02 1.60000000e+01 3.11621210e+01
 1.35000000e+02 1.60000000e+01 3.12028699e+01
 1.36000000e+02 1.60000000e+01 3.12436188e+01
 1.37000000e+02 1.60000000e+01 3.12843677e+01
 1.38000000e+02 1.60000000e+01 3.23251166e+01
 1.39000000e+02 1.60000000e+01 3.23658655e+01
 1.40000000e+02 1.60000000e+01 3.24066144e+01
 1.41000000e+02 1.60000000e+01 3.24473633e+01
 1.42000000e+02 1.60000000e+01 3.24881122e+01
 1.43000000e+02 1.60000000e+01 3.25288611e+01
 1.44000000e+02 1.60000000e+01 3.15696100e+01
 1.45000000e+02 1.60000000e+01 3.26103589e+01
 1.46000000e+02 1.60000000e+01 3.26511078e+01
 1.47000000e+02 1.60000000e+01 3.16918567e+01
 1.48000000e+02 1.60000000e+01 3.17326056e+01
 1.49000000e+02 1.60000000e+01 3.07733546e+01
 1.50000000e+02 1.60000000e+01 3.08141035e+01
 1.51000000e+02 1.60000000e+01 3.18548524e+01
 1.52000000e+02 1.60000000e+01 3.18956013e+01
 1.53000000e+02 1.60000000e+01 3.19363502e+01
 1.54000000e+02 1.60000000e+01 3.19770991e+01
 1.55000000e+02 1.60000000e+01 3.20178480e+01
 1.56000000e+02 1.60000000e+01 3.20585969e+01
 1.57000000e+02 1.60000000e+01 3.20993458e+01
 1.58000000e+02 1.60000000e+01 3.21400947e+01
 1.59000000e+02 1.60000000e+01 3.21808436e+01
 1.60000000e+02 1.60000000e+01 3.22215925e+01
 1.61000000e+02 1.60000000e+01 3.22623414e+01
 1.62000000e+02 1.60000000e+01 3.23030903e+01
 1.63000000e+02 1.60000000e+01 3.23438392e+01
 1.64000000e+02 1.60000000e+01 3.23845881e+01
 1.65000000e+02 1.60000000e+01 3.24253370e+01
 1.66000000e+02 1.60000000e+01 3.24660859e+01
 1.67000000e+02 1.60000000e+01 3.25068348e+01
 1.68000000e+02 1.60000000e+01 3.15475837e+01
 1.69000000e+02 1.60000000e+01 3.15883326e+01
 1.70000000e+02 1.60000000e+01 3.16290815e+01
 1.71000000e+02 1.60000000e+01 3.16698304e+01
 1.72000000e+02 1.60000000e+01 3.17105793e+01
 1.73000000e+02 1.60000000e+01 3.17513282e+01
 1.74000000e+02 1.60000000e+01 3.17920771e+01
 1.75000000e+02 1.60000000e+01 3.18328261e+01
 1.76000000e+02 1.60000000e+01 3.18735750e+01
 1.77000000e+02 1.60000000e+01 3.19143239e+01
 1.78000000e+02 1.60000000e+01 3.19550728e+01
 1.79000000e+02 1.60000000e+01 3.19958217e+01
 1.80000000e+02 1.60000000e+01 3.20365706e+01
 1.81000000e+02 1.60000000e+01 3.20773195e+01
 1.82000000e+02 1.60000000e+01 3.21180684e+01
 1.83000000e+02 1.60000000e+01 3.21588173e+01
 1.84000000e+02 1.60000000e+01 3.11995662e+01
 1.85000000e+02 1.60000000e+01 3.02403151e+01
 1.86000000e+02 1.60000000e+01 3.02810640e+01
 1.87000000e+02 1.60000000e+01 3.03218129e+01
 1.88000000e+02 1.60000000e+01 3.03625618e+01
 1.89000000e+02 1.60000000e+01 3.04033107e+01
 1.90000000e+02 1.60000000e+01 3.04440596e+01
 1.91000000e+02 1.60000000e+01 3.04848085e+01
 1.92000000e+02 1.60000000e+01 3.05255574e+01
 1.93000000e+02 1.60000000e+01 3.05663063e+01
 1.94000000e+02 1.60000000e+01 3.16070552e+01
 1.95000000e+02 1.60000000e+01 3.16478041e+01
 1.96000000e+02 1.60000000e+01 3.16885530e+01
 1.97000000e+02 1.60000000e+01 3.27293019e+01
 1.98000000e+02 1.60000000e+01 3.37700508e+01
 1.99000000e+02 1.60000000e+01 3.38107997e+01
 2.00000000e+02 1.60000000e+01 3.38515486e+01
 2.01000000e+02 1.60000000e+01 3.38922976e+01
 2.02000000e+02 1.60000000e+01 3.39330465e+01
 2.03000000e+02 1.60000000e+01 3.39737954e+01
 2.04000000e+02 1.60000000e+01 3.50145443e+01
 2.05000000e+02 1.60000000e+01 3.40552932e+01
 2.06000000e+02 1.60000000e+01 3.50960421e+01
 2.07000000e+02 1.60000000e+01 3.51367910e+01
 2.08000000e+02 1.60000000e+01 3.51775399e+01
 2.09000000e+02 1.60000000e+01 3.52182888e+01
 2.10000000e+02 1.60000000e+01 3.52590377e+01
 2.11000000e+02 1.60000000e+01 3.52997866e+01
 2.12000000e+02 1.60000000e+01 3.53405355e+01
 2.13000000e+02 1.60000000e+01 3.53812844e+01
 2.14000000e+02 1.60000000e+01 3.54220333e+01
 2.15000000e+02 1.60000000e+01 3.54627822e+01
 2.16000000e+02 1.60000000e+01 3.55035311e+01
 2.17000000e+02 1.60000000e+01 3.55442800e+01
 2.18000000e+02 1.60000000e+01 3.55850289e+01
 2.19000000e+02 1.60000000e+01 3.56257778e+01
 2.20000000e+02 1.60000000e+01 3.56665267e+01
 2.21000000e+02 1.60000000e+01 3.67072756e+01
 2.22000000e+02 1.60000000e+01 3.57480245e+01
 2.23000000e+02 1.60000000e+01 3.57887734e+01
 2.24000000e+02 1.60000000e+01 3.58295223e+01
 2.25000000e+02 1.60000000e+01 3.58702712e+01
 2.26000000e+02 1.60000000e+01 3.59110201e+01
 2.27000000e+02 1.60000000e+01 3.59517691e+01
 2.28000000e+02 1.60000000e+01 3.59925180e+01
 2.29000000e+02 1.60000000e+01 3.60332669e+01
 2.30000000e+02 1.60000000e+01 3.60740158e+01
 2.31000000e+02 1.60000000e+01 3.61147647e+01
 2.32000000e+02 1.60000000e+01 3.61555136e+01
 2.33000000e+02 1.60000000e+01 3.61962625e+01
 2.34000000e+02 1.60000000e+01 3.62370114e+01
 2.35000000e+02 1.60000000e+01 3.62777603e+01
 2.36000000e+02 1.60000000e+01 3.63185092e+01
 2.37000000e+02 1.60000000e+01 3.63592581e+01
 2.38000000e+02 1.60000000e+01 3.64000070e+01
 2.39000000e+02 1.60000000e+01 3.64407559e+01
 2.40000000e+02 1.60000000e+01 3.64815048e+01
 2.41000000e+02 1.60000000e+01 3.65222537e+01
 2.42000000e+02 1.60000000e+01 3.65630026e+01
 2.43000000e+02 1.60000000e+01 3.66037515e+01
 2.44000000e+02 1.60000000e+01 3.66445004e+01
 2.45000000e+02 1.60000000e+01 3.66852493e+01
 2.46000000e+02 1.60000000e+01 3.67259982e+01
 2.47000000e+02 1.60000000e+01 3.67667471e+01
 2.48000000e+02 1.60000000e+01 3.78074960e+01
 2.49000000e+02 1.60000000e+01 3.78482449e+01
 2.50000000e+02 1.60000000e+01 3.78889938e+01
 2.51000000e+02 1.60000000e+01 3.69297427e+01
 2.52000000e+02 1.60000000e+01 3.69704916e+01
 2.53000000e+02 1.60000000e+01 3.70112406e+01
 2.54000000e+02 1.60000000e+01 3.70519895e+01
 2.55000000e+02 1.60000000e+01 3.70927384e+01
 2.56000000e+02 1.60000000e+01 3.61334873e+01
 2.57000000e+02 1.60000000e+01 3.61742362e+01
 2.58000000e+02 1.60000000e+01 3.72149851e+01
 2.59000000e+02 1.60000000e+01 3.72557340e+01
 2.60000000e+02 1.60000000e+01 3.72964829e+01
 2.61000000e+02 1.60000000e+01 3.73372318e+01
 2.62000000e+02 1.60000000e+01 3.73779807e+01
 2.63000000e+02 1.60000000e+01 3.64187296e+01
 2.64000000e+02 1.60000000e+01 3.64594785e+01
 2.65000000e+02 1.60000000e+01 3.75002274e+01
 2.66000000e+02 1.60000000e+01 3.75409763e+01
 2.67000000e+02 1.60000000e+01 3.75817252e+01
 2.68000000e+02 1.60000000e+01 3.66224741e+01
 2.69000000e+02 1.60000000e+01 3.66632230e+01
 2.70000000e+02 1.60000000e+01 3.67039719e+01
 2.71000000e+02 1.60000000e+01 3.67447208e+01
 2.72000000e+02 1.60000000e+01 3.67854697e+01
 2.73000000e+02 1.60000000e+01 3.68262186e+01
 2.74000000e+02 1.60000000e+01 3.68669675e+01
 2.75000000e+02 1.60000000e+01 3.59077164e+01
 2.76000000e+02 1.60000000e+01 3.59484653e+01
 2.77000000e+02 1.60000000e+01 3.59892142e+01
 2.78000000e+02 1.60000000e+01 3.50299631e+01
 2.79000000e+02 1.60000000e+01 3.40707121e+01
 2.80000000e+02 1.60000000e+01 3.51114610e+01
 2.81000000e+02 1.60000000e+01 3.51522099e+01
 2.82000000e+02 1.60000000e+01 3.61929588e+01
 2.83000000e+02 1.60000000e+01 3.52337077e+01
 2.84000000e+02 1.60000000e+01 3.42744566e+01
 2.85000000e+02 1.60000000e+01 3.43152055e+01
 2.86000000e+02 1.60000000e+01 3.63559544e+01
 2.87000000e+02 1.60000000e+01 3.63967033e+01
 2.88000000e+02 1.60000000e+01 3.64374522e+01
 2.89000000e+02 1.60000000e+01 3.64782011e+01
 2.90000000e+02 1.60000000e+01 3.65189500e+01
 2.91000000e+02 1.60000000e+01 3.65596989e+01
 2.92000000e+02 1.60000000e+01 3.66004478e+01
 2.93000000e+02 1.60000000e+01 3.66411967e+01
 2.94000000e+02 1.60000000e+01 3.66819456e+01
 2.95000000e+02 1.60000000e+01 3.57226945e+01
 2.96000000e+02 1.60000000e+01 3.57634434e+01
 2.97000000e+02 1.60000000e+01 3.58041923e+01
 2.98000000e+02 1.60000000e+01 3.68449412e+01
 2.99000000e+02 1.60000000e+01 3.68856901e+01
 3.00000000e+02 1.60000000e+01 3.59264390e+01
 3.01000000e+02 1.60000000e+01 3.59671879e+01
 3.02000000e+02 1.60000000e+01 3.60079368e+01
 3.03000000e+02 1.60000000e+01 3.50486857e+01
 3.04000000e+02 1.60000000e+01 3.50894346e+01
 3.05000000e+02 1.60000000e+01 3.51301836e+01
 3.06000000e+02 1.60000000e+01 3.61709325e+01
 3.07000000e+02 1.60000000e+01 3.62116814e+01
 3.08000000e+02 1.60000000e+01 3.62524303e+01
 3.09000000e+02 1.60000000e+01 3.52931792e+01
 3.10000000e+02 1.60000000e+01 3.33339281e+01
 3.11000000e+02 1.60000000e+01 3.23746770e+01
 3.12000000e+02 1.60000000e+01 3.24154259e+01
 3.13000000e+02 1.60000000e+01 3.24561748e+01
 3.14000000e+02 1.60000000e+01 3.24969237e+01
 3.15000000e+02 1.60000000e+01 3.35376726e+01
 3.16000000e+02 1.60000000e+01 3.35784215e+01
 3.17000000e+02 1.60000000e+01 3.26191704e+01
 3.18000000e+02 1.60000000e+01 3.26599193e+01
 3.19000000e+02 1.60000000e+01 3.17006682e+01
 3.20000000e+02 1.60000000e+01 3.27414171e+01
 3.21000000e+02 1.60000000e+01 3.47821660e+01
 3.22000000e+02 1.60000000e+01 3.48229149e+01
 3.23000000e+02 1.60000000e+01 3.58636638e+01
 3.24000000e+02 1.60000000e+01 3.59044127e+01
 3.25000000e+02 1.60000000e+01 3.59451616e+01
 3.26000000e+02 1.60000000e+01 3.59859105e+01
 3.27000000e+02 1.60000000e+01 3.60266594e+01
 3.28000000e+02 1.60000000e+01 3.60674083e+01
 3.29000000e+02 1.60000000e+01 3.61081572e+01
 3.30000000e+02 1.60000000e+01 3.61489061e+01
 3.31000000e+02 1.60000000e+01 3.61896551e+01
 3.32000000e+02 1.60000000e+01 3.62304040e+01
 3.33000000e+02 1.60000000e+01 3.62711529e+01
 3.34000000e+02 1.60000000e+01 3.73119018e+01
 3.35000000e+02 1.60000000e+01 3.83526507e+01
 3.36000000e+02 1.60000000e+01 4.03933996e+01
 3.37000000e+02 1.60000000e+01 4.24341485e+01
 3.38000000e+02 1.60000000e+01 4.14748974e+01
 3.39000000e+02 1.60000000e+01 4.05156463e+01
 3.40000000e+02 1.60000000e+01 4.05563952e+01
 3.41000000e+02 1.60000000e+01 4.25971441e+01
 3.42000000e+02 1.60000000e+01 4.26378930e+01
 3.43000000e+02 1.60000000e+01 4.46786419e+01
 3.44000000e+02 1.60000000e+01 4.47193908e+01
 3.45000000e+02 1.60000000e+01 4.17601397e+01
 3.46000000e+02 1.60000000e+01 4.28008886e+01
 3.47000000e+02 1.60000000e+01 4.28416375e+01
 3.48000000e+02 1.60000000e+01 4.18823864e+01
 3.49000000e+02 1.60000000e+01 4.19231353e+01
 3.50000000e+02 1.60000000e+01 4.19638842e+01
 3.51000000e+02 1.60000000e+01 4.20046331e+01
 3.52000000e+02 1.60000000e+01 4.20453820e+01
 3.53000000e+02 1.60000000e+01 4.20861309e+01
 3.54000000e+02 1.60000000e+01 4.31268798e+01
 3.55000000e+02 1.60000000e+01 4.31676287e+01
 3.56000000e+02 1.60000000e+01 4.32083776e+01
 3.57000000e+02 1.60000000e+01 4.42491266e+01
 3.58000000e+02 1.60000000e+01 4.42898755e+01
 3.59000000e+02 1.60000000e+01 4.43306244e+01
 3.60000000e+02 1.60000000e+01 4.33713733e+01
 3.61000000e+02 1.60000000e+01 4.34121222e+01
 3.62000000e+02 1.60000000e+01 4.44528711e+01
 3.63000000e+02 1.60000000e+01 4.44936200e+01
 3.64000000e+02 1.60000000e+01 4.45343689e+01
 3.65000000e+02 1.60000000e+01 4.45751178e+01
 3.66000000e+02 1.60000000e+01 4.46158667e+01
 3.67000000e+02 1.60000000e+01 4.66566156e+01
 3.68000000e+02 1.60000000e+01 4.66973645e+01
 3.69000000e+02 1.60000000e+01 4.67381134e+01
 3.70000000e+02 1.60000000e+01 4.67788623e+01
 3.71000000e+02 1.60000000e+01 4.68196112e+01
 3.72000000e+02 1.60000000e+01 4.58603601e+01
 3.73000000e+02 1.60000000e+01 4.59011090e+01
 3.74000000e+02 1.60000000e+01 4.59418579e+01
 3.75000000e+02 1.60000000e+01 4.69826068e+01
 3.76000000e+02 1.60000000e+01 4.70233557e+01
 3.77000000e+02 1.60000000e+01 4.70641046e+01
 3.78000000e+02 1.60000000e+01 4.71048535e+01
 3.79000000e+02 1.60000000e+01 4.61456024e+01
 3.80000000e+02 1.60000000e+01 4.51863513e+01
 3.81000000e+02 1.60000000e+01 4.52271002e+01
 3.82000000e+02 1.60000000e+01 4.52678491e+01
 3.83000000e+02 1.60000000e+01 4.53085981e+01
 3.84000000e+02 1.60000000e+01 4.63493470e+01
 3.85000000e+02 1.60000000e+01 4.63900959e+01
 3.86000000e+02 1.60000000e+01 4.64308448e+01
 3.87000000e+02 1.60000000e+01 4.74715937e+01
 3.88000000e+02 1.60000000e+01 4.85123426e+01
 3.89000000e+02 1.60000000e+01 4.85530915e+01
 3.90000000e+02 1.60000000e+01 4.85938404e+01
 3.91000000e+02 1.60000000e+01 4.86345893e+01
 3.92000000e+02 1.60000000e+01 4.76753382e+01
 3.93000000e+02 1.60000000e+01 4.77160871e+01
 3.94000000e+02 1.60000000e+01 4.67568360e+01
 3.95000000e+02 1.60000000e+01 4.67975849e+01
 3.96000000e+02 1.60000000e+01 4.58383338e+01
 3.97000000e+02 1.60000000e+01 4.68790827e+01
 3.98000000e+02 1.60000000e+01 4.69198316e+01
 3.99000000e+02 1.60000000e+01 4.69605805e+01
 4.00000000e+02 1.60000000e+01 4.70013294e+01
 4.01000000e+02 1.60000000e+01 4.80420783e+01
 4.02000000e+02 1.60000000e+01 4.70828272e+01
 4.03000000e+02 1.60000000e+01 4.81235761e+01
 4.04000000e+02 1.60000000e+01 5.01643250e+01
 4.05000000e+02 1.60000000e+01 5.22050739e+01
 4.06000000e+02 1.60000000e+01 5.22458228e+01
 4.07000000e+02 1.60000000e+01 5.22865717e+01
 4.08000000e+02 1.60000000e+01 5.13273206e+01
 4.09000000e+02 1.60000000e+01 5.13680696e+01
 4.10000000e+02 1.60000000e+01 5.14088185e+01
 4.11000000e+02 1.60000000e+01 5.14495674e+01
 4.12000000e+02 1.60000000e+01 5.14903163e+01
 4.13000000e+02 1.60000000e+01 5.05310652e+01
 4.14000000e+02 1.60000000e+01 5.05718141e+01
 4.15000000e+02 1.60000000e+01 5.06125630e+01
 4.16000000e+02 1.60000000e+01 5.06533119e+01
 4.17000000e+02 1.60000000e+01 5.06940608e+01
 4.18000000e+02 1.60000000e+01 5.07348097e+01
 4.19000000e+02 1.60000000e+01 5.07755586e+01
 4.20000000e+02 1.60000000e+01 5.28163075e+01
 4.21000000e+02 1.60000000e+01 5.28570564e+01
 4.22000000e+02 1.60000000e+01 5.28978053e+01
 4.23000000e+02 1.60000000e+01 5.39385542e+01
 4.24000000e+02 1.60000000e+01 5.59793031e+01
 4.25000000e+02 1.60000000e+01 5.60200520e+01
 4.26000000e+02 1.60000000e+01 5.60608009e+01
 4.27000000e+02 1.60000000e+01 5.61015498e+01
 4.28000000e+02 1.60000000e+01 5.51422987e+01
 4.29000000e+02 1.60000000e+01 4.71830476e+01
 4.30000000e+02 1.60000000e+01 4.72237965e+01
 4.31000000e+02 1.60000000e+01 4.72645454e+01
 4.32000000e+02 1.60000000e+01 4.53052943e+01
 4.33000000e+02 1.60000000e+01 4.53460432e+01
 4.34000000e+02 1.60000000e+01 4.53867921e+01
 4.35000000e+02 1.60000000e+01 4.44275411e+01
 4.36000000e+02 1.60000000e+01 4.44682900e+01
 4.37000000e+02 1.60000000e+01 4.45090389e+01
 4.38000000e+02 1.60000000e+01 4.45497878e+01
 4.39000000e+02 1.60000000e+01 4.35905367e+01
 4.40000000e+02 1.60000000e+01 4.46312856e+01
 4.41000000e+02 1.60000000e+01 4.46720345e+01
 4.42000000e+02 1.60000000e+01 4.47127834e+01
 4.43000000e+02 1.60000000e+01 4.27535323e+01
 4.44000000e+02 1.60000000e+01 4.27942812e+01
 4.45000000e+02 1.60000000e+01 4.28350301e+01
 4.46000000e+02 1.60000000e+01 4.28757790e+01
 4.47000000e+02 1.60000000e+01 4.29165279e+01
 4.48000000e+02 1.60000000e+01 4.29572768e+01
 4.49000000e+02 1.60000000e+01 4.39980257e+01
 4.50000000e+02 1.60000000e+01 4.40387746e+01
 4.51000000e+02 1.60000000e+01 4.40795235e+01
 4.52000000e+02 1.60000000e+01 4.41202724e+01
 4.53000000e+02 1.60000000e+01 4.21610213e+01
 4.54000000e+02 1.60000000e+01 4.32017702e+01
 4.55000000e+02 1.60000000e+01 4.32425191e+01
 4.56000000e+02 1.60000000e+01 4.42832680e+01
 4.57000000e+02 1.60000000e+01 4.43240169e+01
 4.58000000e+02 1.60000000e+01 4.43647658e+01
 4.59000000e+02 1.60000000e+01 4.44055147e+01
 4.60000000e+02 1.60000000e+01 4.44462636e+01
 4.61000000e+02 1.60000000e+01 4.34870125e+01
 4.62000000e+02 1.60000000e+01 4.35277615e+01
 4.63000000e+02 1.60000000e+01 4.35685104e+01
 4.64000000e+02 1.60000000e+01 4.26092593e+01
 4.65000000e+02 1.60000000e+01 4.16500082e+01
 4.66000000e+02 1.60000000e+01 4.16907571e+01
 4.67000000e+02 1.60000000e+01 4.17315060e+01
 4.68000000e+02 1.60000000e+01 4.17722549e+01
 4.69000000e+02 1.60000000e+01 4.18130038e+01
 4.70000000e+02 1.60000000e+01 4.18537527e+01
 4.71000000e+02 1.60000000e+01 4.18945016e+01
 4.72000000e+02 1.60000000e+01 4.29352505e+01
 4.73000000e+02 1.60000000e+01 4.49759994e+01
 4.74000000e+02 1.60000000e+01 4.50167483e+01
 4.75000000e+02 1.60000000e+01 4.60574972e+01
 4.76000000e+02 1.60000000e+01 4.40982461e+01
 4.77000000e+02 1.60000000e+01 4.41389950e+01
 4.78000000e+02 1.60000000e+01 4.61797439e+01
 4.79000000e+02 1.60000000e+01 4.52204928e+01
 4.80000000e+02 1.60000000e+01 4.62612417e+01
 4.81000000e+02 1.60000000e+01 4.63019906e+01
 4.82000000e+02 1.60000000e+01 4.73427395e+01
 4.83000000e+02 1.60000000e+01 4.63834884e+01
 4.84000000e+02 1.60000000e+01 4.84242373e+01
 4.85000000e+02 1.60000000e+01 4.94649862e+01
 4.86000000e+02 1.60000000e+01 4.95057351e+01
 4.87000000e+02 1.60000000e+01 4.75464840e+01
 4.88000000e+02 1.60000000e+01 4.55872330e+01
 4.89000000e+02 1.60000000e+01 4.76279819e+01
 4.90000000e+02 1.60000000e+01 4.86687308e+01
 4.91000000e+02 1.60000000e+01 4.87094797e+01
 4.92000000e+02 1.60000000e+01 4.97502286e+01
 4.93000000e+02 1.60000000e+01 5.17909775e+01
 4.94000000e+02 1.60000000e+01 5.18317264e+01
 4.95000000e+02 1.60000000e+01 5.18724753e+01
 4.96000000e+02 1.60000000e+01 5.29132242e+01
 4.97000000e+02 1.60000000e+01 5.49539731e+01
 4.98000000e+02 1.60000000e+01 5.39947220e+01
 4.99000000e+02 1.60000000e+01 5.50354709e+01
 5.00000000e+02 1.60000000e+01 5.60762198e+01
 5.01000000e+02 1.60000000e+01 5.61169687e+01
 5.02000000e+02 1.60000000e+01 5.81577176e+01
 5.03000000e+02 1.60000000e+01 6.01984665e+01
 5.04000000e+02 1.60000000e+01 6.22392154e+01
 5.05000000e+02 1.60000000e+01 6.32799643e+01
 5.06000000e+02 1.60000000e+01 6.43207132e+01
 5.07000000e+02 1.60000000e+01 6.43614621e+01
 5.08000000e+02 1.60000000e+01 6.44022110e+01
 5.09000000e+02 1.60000000e+01 6.44429599e+01
 5.10000000e+02 1.60000000e+01 6.44837088e+01
 5.11000000e+02 1.60000000e+01 6.45244577e+01
 5.12000000e+02 1.60000000e+01 6.45652066e+01
 5.13000000e+02 1.60000000e+01 6.46059555e+01
 5.14000000e+02 1.60000000e+01 6.46467045e+01
 5.15000000e+02 1.60000000e+01 6.46874534e+01
 5.16000000e+02 1.60000000e+01 6.57282023e+01
 5.17000000e+02 1.60000000e+01 6.57689512e+01
 5.18000000e+02 1.60000000e+01 6.58097001e+01
 5.19000000e+02 1.60000000e+01 6.48504490e+01
 5.20000000e+02 1.60000000e+01 6.48911979e+01
 5.21000000e+02 1.60000000e+01 6.59319468e+01
 5.22000000e+02 1.60000000e+01 6.59726957e+01
 5.23000000e+02 1.60000000e+01 6.60134446e+01
 5.24000000e+02 1.60000000e+01 6.50541935e+01
 5.25000000e+02 1.60000000e+01 6.60949424e+01
 5.26000000e+02 1.60000000e+01 6.61356913e+01
 5.27000000e+02 1.60000000e+01 6.61764402e+01
 5.28000000e+02 1.60000000e+01 6.62171891e+01
 5.29000000e+02 1.60000000e+01 6.72579380e+01
 5.30000000e+02 1.60000000e+01 6.72986869e+01
 5.31000000e+02 1.60000000e+01 6.73394358e+01
 5.32000000e+02 1.60000000e+01 6.73801847e+01
 5.33000000e+02 1.60000000e+01 6.74209336e+01
 5.34000000e+02 1.60000000e+01 6.74616825e+01
 5.35000000e+02 1.60000000e+01 6.75024314e+01
 5.36000000e+02 1.60000000e+01 6.75431803e+01
 5.37000000e+02 1.60000000e+01 6.85839292e+01
 5.38000000e+02 1.60000000e+01 6.76246781e+01
 5.39000000e+02 1.60000000e+01 6.76654270e+01
 5.40000000e+02 1.60000000e+01 6.77061760e+01
 5.41000000e+02 1.60000000e+01 6.77469249e+01
 5.42000000e+02 1.60000000e+01 6.77876738e+01
 5.43000000e+02 1.60000000e+01 6.88284227e+01
 5.44000000e+02 1.60000000e+01 6.98691716e+01
 5.45000000e+02 1.60000000e+01 6.99099205e+01
 5.46000000e+02 1.60000000e+01 6.89506694e+01
 5.47000000e+02 1.60000000e+01 6.89914183e+01
 5.48000000e+02 1.60000000e+01 6.90321672e+01
 5.49000000e+02 1.60000000e+01 6.90729161e+01
 5.50000000e+02 1.60000000e+01 7.01136650e+01
 5.51000000e+02 1.60000000e+01 7.11544139e+01
 5.52000000e+02 1.60000000e+01 7.11951628e+01
 5.53000000e+02 1.60000000e+01 7.12359117e+01
 5.54000000e+02 1.60000000e+01 7.12766606e+01
 5.55000000e+02 1.60000000e+01 7.03174095e+01
 5.56000000e+02 1.60000000e+01 7.03581584e+01
 5.57000000e+02 1.60000000e+01 7.03989073e+01
 5.58000000e+02 1.60000000e+01 7.04396562e+01
 5.59000000e+02 1.60000000e+01 7.04804051e+01
 5.60000000e+02 1.60000000e+01 7.05211540e+01
 5.61000000e+02 1.60000000e+01 7.05619029e+01
 5.62000000e+02 1.60000000e+01 7.06026518e+01
 5.63000000e+02 1.60000000e+01 7.06434007e+01
 5.64000000e+02 1.60000000e+01 7.06841496e+01
 5.65000000e+02 1.60000000e+01 7.07248985e+01
 5.66000000e+02 1.60000000e+01 7.07656475e+01
 5.67000000e+02 1.60000000e+01 7.08063964e+01
 5.68000000e+02 1.60000000e+01 7.08471453e+01
 5.69000000e+02 1.60000000e+01 7.08878942e+01
 5.70000000e+02 1.60000000e+01 7.19286431e+01
 5.71000000e+02 1.60000000e+01 7.19693920e+01
 5.72000000e+02 1.60000000e+01 7.30101409e+01
 5.73000000e+02 1.60000000e+01 7.30508898e+01
 5.74000000e+02 1.60000000e+01 7.30916387e+01
 5.75000000e+02 1.60000000e+01 7.51323876e+01
 5.76000000e+02 1.60000000e+01 7.51731365e+01
 5.77000000e+02 1.60000000e+01 7.52138854e+01
 5.78000000e+02 1.60000000e+01 7.52546343e+01
 5.79000000e+02 1.60000000e+01 7.52953832e+01
 5.80000000e+02 1.60000000e+01 7.53361321e+01
 5.81000000e+02 1.60000000e+01 7.53768810e+01
 5.82000000e+02 1.60000000e+01 7.64176299e+01
 5.83000000e+02 1.60000000e+01 7.64583788e+01
 5.84000000e+02 1.60000000e+01 7.64991277e+01
 5.85000000e+02 1.60000000e+01 7.65398766e+01
 5.86000000e+02 1.60000000e+01 7.65806255e+01
 5.87000000e+02 1.60000000e+01 7.66213744e+01
 5.88000000e+02 1.60000000e+01 7.66621233e+01
 5.89000000e+02 1.60000000e+01 7.67028722e+01
 5.90000000e+02 1.60000000e+01 7.67436211e+01
 5.91000000e+02 1.60000000e+01 7.67843700e+01
 5.92000000e+02 1.60000000e+01 7.68251190e+01
 5.93000000e+02 1.60000000e+01 7.68658679e+01
 5.94000000e+02 1.60000000e+01 7.69066168e+01
 5.95000000e+02 1.60000000e+01 7.69473657e+01
 5.96000000e+02 1.60000000e+01 7.69881146e+01
 5.97000000e+02 1.60000000e+01 7.80288635e+01
 5.98000000e+02 1.60000000e+01 7.80696124e+01
 5.99000000e+02 1.60000000e+01 7.81103613e+01
 6.00000000e+02 1.60000000e+01 7.81511102e+01
 6.01000000e+02 1.60000000e+01 7.71918591e+01
 6.02000000e+02 1.60000000e+01 7.72326080e+01
 6.03000000e+02 1.60000000e+01 7.82733569e+01
 6.04000000e+02 1.60000000e+01 7.93141058e+01
 6.05000000e+02 1.60000000e+01 7.93548547e+01
 6.06000000e+02 1.60000000e+01 7.93956036e+01
 6.07000000e+02 1.60000000e+01 7.94363525e+01
 6.08000000e+02 1.60000000e+01 7.94771014e+01
 6.09000000e+02 1.60000000e+01 7.95178503e+01
 6.10000000e+02 1.60000000e+01 7.95585992e+01
 6.11000000e+02 1.60000000e+01 7.95993481e+01
 6.12000000e+02 1.60000000e+01 7.96400970e+01
 6.13000000e+02 1.60000000e+01 7.96808459e+01
 6.14000000e+02 1.60000000e+01 7.97215948e+01
 6.15000000e+02 1.60000000e+01 7.97623437e+01
 6.16000000e+02 1.60000000e+01 7.88030926e+01
 6.17000000e+02 1.60000000e+01 7.78438415e+01
 6.18000000e+02 1.60000000e+01 7.78845905e+01
 6.19000000e+02 1.60000000e+01 7.79253394e+01
 6.20000000e+02 1.60000000e+01 7.79660883e+01
 6.21000000e+02 1.60000000e+01 7.80068372e+01
 6.22000000e+02 1.60000000e+01 7.80475861e+01
 6.23000000e+02 1.60000000e+01 7.80883350e+01
 6.24000000e+02 1.60000000e+01 7.81290839e+01
 6.25000000e+02 1.60000000e+01 7.91698328e+01
 6.26000000e+02 1.60000000e+01 7.92105817e+01
 6.27000000e+02 1.60000000e+01 7.92513306e+01
 6.28000000e+02 1.60000000e+01 8.12920795e+01
 6.29000000e+02 1.60000000e+01 8.23328284e+01
 6.30000000e+02 1.60000000e+01 8.23735773e+01
 6.31000000e+02 1.60000000e+01 8.14143262e+01
 6.32000000e+02 1.60000000e+01 8.04550751e+01
 6.33000000e+02 1.60000000e+01 8.14958240e+01
 6.34000000e+02 1.60000000e+01 8.35365729e+01
 6.35000000e+02 1.60000000e+01 8.35773218e+01
 6.36000000e+02 1.60000000e+01 8.26180707e+01
 6.37000000e+02 1.60000000e+01 8.26588196e+01
 6.38000000e+02 1.60000000e+01 8.26995685e+01
 6.39000000e+02 1.60000000e+01 8.27403174e+01
 6.40000000e+02 1.60000000e+01 8.27810663e+01
 6.41000000e+02 1.60000000e+01 8.28218152e+01
 6.42000000e+02 1.60000000e+01 8.28625641e+01
 6.43000000e+02 1.60000000e+01 8.39033130e+01
 6.44000000e+02 1.60000000e+01 8.39440620e+01
 6.45000000e+02 1.60000000e+01 8.29848109e+01
 6.46000000e+02 1.60000000e+01 8.30255598e+01
 6.47000000e+02 1.60000000e+01 8.40663087e+01
 6.48000000e+02 1.60000000e+01 8.31070576e+01
 6.49000000e+02 1.60000000e+01 8.41478065e+01
 6.50000000e+02 1.60000000e+01 8.41885554e+01
 6.51000000e+02 1.60000000e+01 8.42293043e+01
 6.52000000e+02 1.60000000e+01 8.42700532e+01
 6.53000000e+02 1.60000000e+01 8.43108021e+01
 6.54000000e+02 1.60000000e+01 8.43515510e+01
 6.55000000e+02 1.60000000e+01 8.43922999e+01
 6.56000000e+02 1.60000000e+01 8.44330488e+01
 6.57000000e+02 1.60000000e+01 8.44737977e+01
 6.58000000e+02 1.60000000e+01 8.45145466e+01
 6.59000000e+02 1.60000000e+01 8.45552955e+01
 6.60000000e+02 1.60000000e+01 8.45960444e+01
 6.61000000e+02 1.60000000e+01 8.46367933e+01
 6.62000000e+02 1.60000000e+01 8.46775422e+01
 6.63000000e+02 1.60000000e+01 8.47182911e+01
 6.64000000e+02 1.60000000e+01 8.47590400e+01
 6.65000000e+02 1.60000000e+01 8.57997889e+01
 6.66000000e+02 1.60000000e+01 8.58405378e+01
 6.67000000e+02 1.60000000e+01 8.58812867e+01
 6.68000000e+02 1.60000000e+01 8.59220356e+01
 6.69000000e+02 1.60000000e+01 8.59627845e+01
 6.70000000e+02 1.60000000e+01 8.60035335e+01
 6.71000000e+02 1.60000000e+01 8.60442824e+01
 6.72000000e+02 1.60000000e+01 8.60850313e+01
 6.73000000e+02 1.60000000e+01 8.61257802e+01
 6.74000000e+02 1.60000000e+01 8.61665291e+01
 6.75000000e+02 1.60000000e+01 8.62072780e+01
 6.76000000e+02 1.60000000e+01 8.72480269e+01
 6.77000000e+02 1.60000000e+01 8.72887758e+01
 6.78000000e+02 1.60000000e+01 8.63295247e+01
 6.79000000e+02 1.60000000e+01 8.63702736e+01
 6.80000000e+02 1.60000000e+01 8.64110225e+01
 6.81000000e+02 1.60000000e+01 8.64517714e+01
 6.82000000e+02 1.60000000e+01 8.64925203e+01
 6.83000000e+02 1.60000000e+01 8.65332692e+01
 6.84000000e+02 1.60000000e+01 8.75740181e+01
 6.85000000e+02 1.60000000e+01 8.76147670e+01
 6.86000000e+02 1.60000000e+01 8.76555159e+01
 6.87000000e+02 1.60000000e+01 8.76962648e+01
 6.88000000e+02 1.60000000e+01 8.77370137e+01
 6.89000000e+02 1.60000000e+01 8.77777626e+01
 6.90000000e+02 1.60000000e+01 8.78185115e+01
 6.91000000e+02 1.60000000e+01 8.88592604e+01
 6.92000000e+02 1.60000000e+01 8.89000093e+01
 6.93000000e+02 1.60000000e+01 8.89407582e+01
 6.94000000e+02 1.60000000e+01 8.89815071e+01
 6.95000000e+02 1.60000000e+01 8.80222560e+01
 6.96000000e+02 1.60000000e+01 8.80630050e+01
 6.97000000e+02 1.60000000e+01 8.81037539e+01
 6.98000000e+02 1.60000000e+01 8.81445028e+01
 6.99000000e+02 1.60000000e+01 8.81852517e+01
 7.00000000e+02 1.60000000e+01 8.92260006e+01
 7.01000000e+02 1.60000000e+01 8.92667495e+01
 7.02000000e+02 1.60000000e+01 9.03074984e+01
 7.03000000e+02 1.60000000e+01 9.03482473e+01
 7.04000000e+02 1.60000000e+01 8.93889962e+01
 7.05000000e+02 1.60000000e+01 8.94297451e+01
 7.06000000e+02 1.60000000e+01 9.04704940e+01
 7.07000000e+02 1.60000000e+01 9.15112429e+01
 7.08000000e+02 1.60000000e+01 9.15519918e+01
 7.09000000e+02 1.60000000e+01 9.15927407e+01
 7.10000000e+02 1.60000000e+01 9.16334896e+01
 7.11000000e+02 1.60000000e+01 9.16742385e+01
 7.12000000e+02 1.60000000e+01 9.17149874e+01
 7.13000000e+02 1.60000000e+01 9.17557363e+01
 7.14000000e+02 1.60000000e+01 9.17964852e+01
 7.15000000e+02 1.60000000e+01 9.08372341e+01
 7.16000000e+02 1.60000000e+01 9.08779830e+01
 7.17000000e+02 1.60000000e+01 9.19187319e+01
 7.18000000e+02 1.60000000e+01 9.19594808e+01
 7.19000000e+02 1.60000000e+01 9.30002297e+01
 7.20000000e+02 1.60000000e+01 9.30409786e+01
 7.21000000e+02 1.60000000e+01 9.20817275e+01
 7.22000000e+02 1.60000000e+01 9.21224765e+01
 7.23000000e+02 1.60000000e+01 9.21632254e+01
 7.24000000e+02 1.60000000e+01 9.32039743e+01
 7.30000000e+02 1.60000000e+01 9.24484677e+01
 7.31000000e+02 1.60000000e+01 9.24892166e+01
 7.32000000e+02 1.60000000e+01 9.25299655e+01
 7.33000000e+02 1.60000000e+01 9.25707144e+01
 7.34000000e+02 1.60000000e+01 9.36114633e+01
 7.35000000e+02 1.60000000e+01 9.36522122e+01
 7.36000000e+02 1.60000000e+01 9.36929611e+01
 7.37000000e+02 1.60000000e+01 9.37337100e+01
 7.38000000e+02 1.60000000e+01 9.37744589e+01
 7.39000000e+02 1.60000000e+01 9.38152078e+01
 7.40000000e+02 1.60000000e+01 9.38559567e+01
 7.41000000e+02 1.60000000e+01 9.38967056e+01
 7.42000000e+02 1.60000000e+01 9.39374545e+01
 7.43000000e+02 1.60000000e+01 9.39782034e+01
 7.44000000e+02 1.60000000e+01 9.40189523e+01
 7.45000000e+02 1.60000000e+01 9.30597012e+01
 7.46000000e+02 1.60000000e+01 9.31004501e+01
 7.47000000e+02 1.60000000e+01 9.31411990e+01
 7.48000000e+02 1.60000000e+01 9.31819480e+01
 7.49000000e+02 1.60000000e+01 9.32226969e+01
 7.50000000e+02 1.60000000e+01 9.32634458e+01
 7.51000000e+02 1.60000000e+01 9.33041947e+01
